# lon,lat,elev-180,90,-3040-179,90,-3480-178,90,-3480-177,90,-3480-176,90,-3480-175,90,-3480-174,90,-3480-173,90,-3480-172,90,-3480-171,90,-3480-170,90,-3480-169,90,-3480-168,90,-3480-167,90,-3480-166,90,-3480-165,90,-3480-164,90,-3480-163,90,-3480-162,90,-3480-161,90,-3480-160,90,-3480-159,90,-3480-158,90,-3480-157,90,-3480-156,90,-3480-155,90,-3480-154,90,-3480-153,90,-3480-152,90,-3480-151,90,-3480-150,90,-3480-149,90,-3480-148,90,-3480-147,90,-3480-146,90,-3480-145,90,-3480-144,90,-3480-143,90,-3480-142,90,-3480-141,90,-3480-140,90,-3480-139,90,-3480-138,90,-3480-137,90,-3480-136,90,-3480-135,90,-3480-134,90,-3480-133,90,-3480-132,90,-3480-131,90,-3480-130,90,-3480-129,90,-3480-128,90,-3480-127,90,-3480-126,90,-3480-125,90,-3480-124,90,-3480-123,90,-3480-122,90,-3480-121,90,-3480-120,90,-3480-119,90,-3480-118,90,-3480-117,90,-3480-116,90,-3480-115,90,-3480-114,90,-3480-113,90,-3480-112,90,-3480-111,90,-3600-110,90,-3600-109,90,-3600-108,90,-3600-107,90,-3600-106,90,-3600-105,90,-3600-104,90,-3600-103,90,-3600-102,90,-3600-101,90,-3600-100,90,-3600-99,90,-3600-98,90,-3600-97,90,-3600-96,90,-3480-95,90,-3480-94,90,-3480-93,90,-3480-92,90,-3480-91,90,-3480-90,90,-3480-89,90,-3480-88,90,-3480-87,90,-3480-86,90,-3480-85,90,-3480-84,90,-3480-83,90,-3480-82,90,-3480-81,90,-3480-80,90,-3480-79,90,-3480-78,90,-3480-77,90,-3480-76,90,-3480-75,90,-3480-74,90,-3480-73,90,-3480-72,90,-3480-71,90,-3480-70,90,-3480-69,90,-3480-68,90,-3480-67,90,-3480-66,90,-3480-65,90,-3480-64,90,-3480-63,90,-3480-62,90,-3480-61,90,-3480-60,90,-3480-59,90,-3480-58,90,-3480-57,90,-3480-56,90,-3480-55,90,-3480-54,90,-3480-53,90,-3480-52,90,-3480-51,90,-3480-50,90,-3600-49,90,-3600-48,90,-3600-47,90,-3600-46,90,-3600-45,90,-3600-44,90,-3600-43,90,-3600-42,90,-3600-41,90,-3600-40,90,-3600-39,90,-3600-38,90,-3600-37,90,-3600-36,90,-3600-35,90,-3600-34,90,-3600-33,90,-3600-32,90,-3600-31,90,-3600-30,90,-3600-29,90,-3600-28,90,-3600-27,90,-3480-26,90,-3480-25,90,-3480-24,90,-3480-23,90,-3480-22,90,-3480-21,90,-3480-20,90,-3480-19,90,-3480-18,90,-3480-17,90,-3480-16,90,-3480-15,90,-3480-14,90,-3480-13,90,-3480-12,90,-3480-11,90,-3480-10,90,-3480-9,90,-3480-8,90,-3480-7,90,-3480-6,90,-3480-5,90,-3480-4,90,-3480-3,90,-3480-2,90,-3480-1,90,-34800,90,-34801,90,-34802,90,-34803,90,-34804,90,-34805,90,-34806,90,-34807,90,-34808,90,-34809,90,-348010,90,-348011,90,-348012,90,-348013,90,-348014,90,-348015,90,-348016,90,-348017,90,-348018,90,-348019,90,-348020,90,-348021,90,-348022,90,-348023,90,-348024,90,-348025,90,-348026,90,-348027,90,-348028,90,-348029,90,-348030,90,-348031,90,-348032,90,-348033,90,-348034,90,-348035,90,-348036,90,-348037,90,-348038,90,-348039,90,-348040,90,-348041,90,-348042,90,-348043,90,-348044,90,-348045,90,-348046,90,-348047,90,-348048,90,-348049,90,-348050,90,-348051,90,-348052,90,-348053,90,-348054,90,-348055,90,-348056,90,-348057,90,-348058,90,-348059,90,-348060,90,-348061,90,-348062,90,-348063,90,-348064,90,-348065,90,-348066,90,-348067,90,-348068,90,-348069,90,-348070,90,-348071,90,-348072,90,-348073,90,-348074,90,-348075,90,-348076,90,-348077,90,-348078,90,-348079,90,-348080,90,-348081,90,-348082,90,-348083,90,-348084,90,-348085,90,-348086,90,-348087,90,-348088,90,-348089,90,-348090,90,-348091,90,-348092,90,-348093,90,-348094,90,-348095,90,-348096,90,-348097,90,-348098,90,-348099,90,-3480100,90,-3480101,90,-3480102,90,-3480103,90,-3480104,90,-3480105,90,-3480106,90,-3480107,90,-3480108,90,-3480109,90,-3480110,90,-3480111,90,-3480112,90,-3480113,90,-3480114,90,-3480115,90,-3480116,90,-3480117,90,-3480118,90,-3600119,90,-3600120,90,-3600121,90,-3600122,90,-3600123,90,-3600124,90,-3600125,90,-3600126,90,-3600127,90,-3600128,90,-3600129,90,-3600130,90,-3600131,90,-3600132,90,-3600133,90,-3600134,90,-3480135,90,-3480136,90,-3480137,90,-3480138,90,-3480139,90,-3480140,90,-3480141,90,-3480142,90,-3480143,90,-3480144,90,-3480145,90,-3480146,90,-3480147,90,-3480148,90,-3480149,90,-3480150,90,-3480151,90,-3480152,90,-3480153,90,-3480154,90,-3480155,90,-3480156,90,-3480157,90,-3480158,90,-3480159,90,-3480160,90,-3480161,90,-3480162,90,-3480163,90,-3480164,90,-3480165,90,-3480166,90,-3480167,90,-3480168,90,-3480169,90,-3480170,90,-3480171,90,-3480172,90,-3480173,90,-3480174,90,-3480175,90,-3480176,90,-3480177,90,-3480178,90,-3480179,90,-3480-180,89,-3480-179,89,-3480-178,89,-3480-177,89,-3480-176,89,-3480-175,89,-3480-174,89,-3480-173,89,-3480-172,89,-3480-171,89,-3480-170,89,-3480-169,89,-3480-168,89,-3480-167,89,-3480-166,89,-3480-165,89,-3480-164,89,-3480-163,89,-3480-162,89,-3480-161,89,-3480-160,89,-3480-159,89,-3480-158,89,-3480-157,89,-3480-156,89,-3480-155,89,-3480-154,89,-3480-153,89,-3480-152,89,-3480-151,89,-3480-150,89,-3480-149,89,-3480-148,89,-3480-147,89,-3480-146,89,-3480-145,89,-3480-144,89,-3480-143,89,-3480-142,89,-3480-141,89,-3480-140,89,-3480-139,89,-3480-138,89,-3480-137,89,-3480-136,89,-3480-135,89,-3480-134,89,-3480-133,89,-3480-132,89,-3480-131,89,-3480-130,89,-3480-129,89,-3480-128,89,-3480-127,89,-3480-126,89,-3480-125,89,-3480-124,89,-3480-123,89,-3480-122,89,-3480-121,89,-3480-120,89,-3480-119,89,-3480-118,89,-3480-117,89,-3480-116,89,-3480-115,89,-3480-114,89,-3480-113,89,-3480-112,89,-3480-111,89,-3480-110,89,-3600-109,89,-3600-108,89,-3600-107,89,-3600-106,89,-3600-105,89,-3600-104,89,-3600-103,89,-3600-102,89,-3600-101,89,-3600-100,89,-3600-99,89,-3600-98,89,-3600-97,89,-3600-96,89,-3480-95,89,-3480-94,89,-3480-93,89,-3480-92,89,-3480-91,89,-3480-90,89,-3480-89,89,-3480-88,89,-3480-87,89,-3480-86,89,-3480-85,89,-3480-84,89,-3480-83,89,-3480-82,89,-3480-81,89,-3480-80,89,-3480-79,89,-3480-78,89,-3480-77,89,-3480-76,89,-3480-75,89,-3480-74,89,-3480-73,89,-3480-72,89,-3480-71,89,-3480-70,89,-3480-69,89,-3480-68,89,-3480-67,89,-3480-66,89,-3480-65,89,-3480-64,89,-3480-63,89,-3480-62,89,-3480-61,89,-3480-60,89,-3480-59,89,-3480-58,89,-3480-57,89,-3480-56,89,-3480-55,89,-3480-54,89,-3480-53,89,-3480-52,89,-3480-51,89,-3480-50,89,-3600-49,89,-3600-48,89,-3600-47,89,-3600-46,89,-3600-45,89,-3600-44,89,-3600-43,89,-3600-42,89,-3600-41,89,-3600-40,89,-3600-39,89,-3600-38,89,-3600-37,89,-3600-36,89,-3600-35,89,-3600-34,89,-3600-33,89,-3600-32,89,-3600-31,89,-3600-30,89,-3600-29,89,-3600-28,89,-3600-27,89,-3480-26,89,-3480-25,89,-3480-24,89,-3480-23,89,-3480-22,89,-3480-21,89,-3480-20,89,-3480-19,89,-3480-18,89,-3480-17,89,-3480-16,89,-3480-15,89,-3480-14,89,-3480-13,89,-3480-12,89,-3480-11,89,-3480-10,89,-3480-9,89,-3480-8,89,-3480-7,89,-3480-6,89,-3480-5,89,-3480-4,89,-3480-3,89,-3480-2,89,-3480-1,89,-34800,89,-34801,89,-34802,89,-34803,89,-34804,89,-34805,89,-34806,89,-34807,89,-34808,89,-34809,89,-348010,89,-348011,89,-348012,89,-348013,89,-348014,89,-348015,89,-348016,89,-348017,89,-348018,89,-348019,89,-348020,89,-348021,89,-348022,89,-348023,89,-348024,89,-348025,89,-348026,89,-348027,89,-348028,89,-348029,89,-348030,89,-348031,89,-348032,89,-348033,89,-348034,89,-348035,89,-348036,89,-348037,89,-348038,89,-348039,89,-348040,89,-348041,89,-348042,89,-348043,89,-348044,89,-348045,89,-348046,89,-348047,89,-348048,89,-348049,89,-348050,89,-348051,89,-348052,89,-348053,89,-348054,89,-348055,89,-348056,89,-348057,89,-348058,89,-348059,89,-348060,89,-348061,89,-348062,89,-348063,89,-348064,89,-348065,89,-348066,89,-348067,89,-348068,89,-348069,89,-348070,89,-348071,89,-348072,89,-348073,89,-348074,89,-348075,89,-348076,89,-348077,89,-348078,89,-348079,89,-348080,89,-348081,89,-348082,89,-348083,89,-348084,89,-348085,89,-348086,89,-348087,89,-348088,89,-348089,89,-348090,89,-348091,89,-348092,89,-348093,89,-348094,89,-348095,89,-348096,89,-348097,89,-348098,89,-348099,89,-3480100,89,-3480101,89,-3480102,89,-3480103,89,-3480104,89,-3480105,89,-3480106,89,-3480107,89,-3480108,89,-3480109,89,-3480110,89,-3480111,89,-3480112,89,-3480113,89,-3480114,89,-3480115,89,-3480116,89,-3480117,89,-3480118,89,-3600119,89,-3600120,89,-3600121,89,-3600122,89,-3600123,89,-3600124,89,-3600125,89,-3600126,89,-3600127,89,-3600128,89,-3600129,89,-3600130,89,-3600131,89,-3600132,89,-3600133,89,-3600134,89,-3600135,89,-3480136,89,-3480137,89,-3480138,89,-3480139,89,-3480140,89,-3480141,89,-3480142,89,-3480143,89,-3480144,89,-3480145,89,-3480146,89,-3480147,89,-3480148,89,-3480149,89,-3480150,89,-3480151,89,-3480152,89,-3480153,89,-3480154,89,-3480155,89,-3480156,89,-3480157,89,-3480158,89,-3480159,89,-3480160,89,-3480161,89,-3480162,89,-3480163,89,-3480164,89,-3480165,89,-3480166,89,-3480167,89,-3480168,89,-3480169,89,-3480170,89,-3480171,89,-3480172,89,-3480173,89,-3480174,89,-3480175,89,-3480176,89,-3480177,89,-3480178,89,-3480179,89,-3480-180,88,-3480-179,88,-3480-178,88,-3480-177,88,-3480-176,88,-3480-175,88,-3480-174,88,-3480-173,88,-3480-172,88,-3480-171,88,-3480-170,88,-3480-169,88,-3480-168,88,-3480-167,88,-3480-166,88,-3480-165,88,-3480-164,88,-3480-163,88,-3480-162,88,-3480-161,88,-3480-160,88,-3480-159,88,-3480-158,88,-3480-157,88,-3480-156,88,-3480-155,88,-3480-154,88,-3480-153,88,-3480-152,88,-3480-151,88,-3480-150,88,-3480-149,88,-3480-148,88,-3480-147,88,-3480-146,88,-3480-145,88,-3480-144,88,-3480-143,88,-3480-142,88,-3480-141,88,-3480-140,88,-3480-139,88,-3480-138,88,-3480-137,88,-3480-136,88,-3480-135,88,-3480-134,88,-3480-133,88,-3480-132,88,-3480-131,88,-3480-130,88,-3480-129,88,-3480-128,88,-3480-127,88,-3480-126,88,-3480-125,88,-3480-124,88,-3480-123,88,-3480-122,88,-3480-121,88,-3480-120,88,-3480-119,88,-3480-118,88,-3480-117,88,-3480-116,88,-3480-115,88,-3480-114,88,-3480-113,88,-3480-112,88,-3480-111,88,-3480-110,88,-3600-109,88,-3600-108,88,-3600-107,88,-3600-106,88,-3600-105,88,-3600-104,88,-3600-103,88,-3600-102,88,-3600-101,88,-3600-100,88,-3600-99,88,-3600-98,88,-3600-97,88,-3600-96,88,-3480-95,88,-3480-94,88,-3480-93,88,-3480-92,88,-3480-91,88,-3480-90,88,-3480-89,88,-3480-88,88,-3480-87,88,-3480-86,88,-3480-85,88,-3480-84,88,-3480-83,88,-3480-82,88,-3480-81,88,-3480-80,88,-3480-79,88,-3480-78,88,-3480-77,88,-3480-76,88,-3480-75,88,-3480-74,88,-3480-73,88,-3480-72,88,-3480-71,88,-3480-70,88,-3480-69,88,-3480-68,88,-3480-67,88,-3480-66,88,-3480-65,88,-3480-64,88,-3480-63,88,-3480-62,88,-3480-61,88,-3480-60,88,-3480-59,88,-3480-58,88,-3480-57,88,-3480-56,88,-3480-55,88,-3480-54,88,-3480-53,88,-3480-52,88,-3480-51,88,-3480-50,88,-3480-49,88,-3600-48,88,-3600-47,88,-3600-46,88,-3600-45,88,-3600-44,88,-3600-43,88,-3600-42,88,-3600-41,88,-3600-40,88,-3600-39,88,-3600-38,88,-3600-37,88,-3600-36,88,-3600-35,88,-3600-34,88,-3600-33,88,-3600-32,88,-3600-31,88,-3600-30,88,-3600-29,88,-3600-28,88,-3600-27,88,-3480-26,88,-3480-25,88,-3480-24,88,-3480-23,88,-3480-22,88,-3480-21,88,-3480-20,88,-3480-19,88,-3480-18,88,-3480-17,88,-3480-16,88,-3480-15,88,-3480-14,88,-3480-13,88,-3480-12,88,-3480-11,88,-3480-10,88,-3480-9,88,-3480-8,88,-3480-7,88,-3480-6,88,-3480-5,88,-3480-4,88,-3480-3,88,-3480-2,88,-3480-1,88,-34800,88,-34801,88,-34802,88,-34803,88,-34804,88,-34805,88,-34806,88,-34807,88,-34808,88,-34809,88,-348010,88,-348011,88,-348012,88,-348013,88,-348014,88,-348015,88,-348016,88,-348017,88,-348018,88,-348019,88,-348020,88,-348021,88,-348022,88,-348023,88,-348024,88,-348025,88,-348026,88,-348027,88,-348028,88,-348029,88,-348030,88,-348031,88,-348032,88,-348033,88,-348034,88,-348035,88,-348036,88,-348037,88,-348038,88,-348039,88,-348040,88,-348041,88,-348042,88,-348043,88,-348044,88,-348045,88,-348046,88,-348047,88,-348048,88,-348049,88,-348050,88,-348051,88,-348052,88,-348053,88,-348054,88,-348055,88,-348056,88,-348057,88,-348058,88,-348059,88,-348060,88,-348061,88,-348062,88,-348063,88,-348064,88,-348065,88,-348066,88,-348067,88,-348068,88,-348069,88,-348070,88,-348071,88,-348072,88,-348073,88,-348074,88,-348075,88,-348076,88,-348077,88,-348078,88,-348079,88,-348080,88,-348081,88,-348082,88,-348083,88,-348084,88,-348085,88,-348086,88,-348087,88,-348088,88,-348089,88,-348090,88,-348091,88,-348092,88,-348093,88,-348094,88,-348095,88,-348096,88,-348097,88,-348098,88,-348099,88,-3480100,88,-3480101,88,-3480102,88,-3480103,88,-3480104,88,-3480105,88,-3480106,88,-3480107,88,-3480108,88,-3480109,88,-3480110,88,-3480111,88,-3480112,88,-3480113,88,-3480114,88,-3480115,88,-3480116,88,-3480117,88,-3600118,88,-3600119,88,-3600120,88,-3600121,88,-3600122,88,-3600123,88,-3600124,88,-3600125,88,-3600126,88,-3600127,88,-3600128,88,-3600129,88,-3600130,88,-3600131,88,-3600132,88,-3600133,88,-3600134,88,-3600135,88,-3480136,88,-3480137,88,-3480138,88,-3480139,88,-3480140,88,-3480141,88,-3480142,88,-3480143,88,-3480144,88,-3480145,88,-3480146,88,-3480147,88,-3480148,88,-3480149,88,-3480150,88,-3480151,88,-3480152,88,-3480153,88,-3480154,88,-3480155,88,-3480156,88,-3480157,88,-3480158,88,-3480159,88,-3480160,88,-3480161,88,-3480162,88,-3480163,88,-3480164,88,-3480165,88,-3480166,88,-3480167,88,-3480168,88,-3480169,88,-3480170,88,-3480171,88,-3480172,88,-3480173,88,-3480174,88,-3480175,88,-3480176,88,-3480177,88,-3480178,88,-3480179,88,-3480-180,87,-3480-179,87,-3480-178,87,-3480-177,87,-3480-176,87,-3480-175,87,-3480-174,87,-3480-173,87,-3480-172,87,-3480-171,87,-3480-170,87,-3480-169,87,-3480-168,87,-3480-167,87,-3480-166,87,-3480-165,87,-3480-164,87,-3480-163,87,-3480-162,87,-3480-161,87,-3480-160,87,-3480-159,87,-3480-158,87,-3480-157,87,-3480-156,87,-3480-155,87,-3480-154,87,-3480-153,87,-3480-152,87,-3480-151,87,-3480-150,87,-3480-149,87,-3480-148,87,-3480-147,87,-3480-146,87,-3480-145,87,-3480-144,87,-3480-143,87,-3480-142,87,-3480-141,87,-3480-140,87,-3480-139,87,-3480-138,87,-3480-137,87,-3480-136,87,-3480-135,87,-3480-134,87,-3480-133,87,-3480-132,87,-3480-131,87,-3480-130,87,-3480-129,87,-3480-128,87,-3480-127,87,-3480-126,87,-3480-125,87,-3480-124,87,-3480-123,87,-3480-122,87,-3480-121,87,-3480-120,87,-3480-119,87,-3480-118,87,-3480-117,87,-3480-116,87,-3480-115,87,-3480-114,87,-3480-113,87,-3480-112,87,-3480-111,87,-3480-110,87,-3480-109,87,-3600-108,87,-3600-107,87,-3600-106,87,-3600-105,87,-3600-104,87,-3600-103,87,-3600-102,87,-3600-101,87,-3600-100,87,-3600-99,87,-3600-98,87,-3600-97,87,-3480-96,87,-3480-95,87,-3480-94,87,-3480-93,87,-3480-92,87,-3480-91,87,-3480-90,87,-3480-89,87,-3480-88,87,-3480-87,87,-3480-86,87,-3480-85,87,-3480-84,87,-3480-83,87,-3480-82,87,-3480-81,87,-3480-80,87,-3480-79,87,-3480-78,87,-3480-77,87,-3480-76,87,-3480-75,87,-3480-74,87,-3480-73,87,-3480-72,87,-3480-71,87,-3480-70,87,-3480-69,87,-3480-68,87,-3480-67,87,-3480-66,87,-3480-65,87,-3480-64,87,-3480-63,87,-3480-62,87,-3480-61,87,-3480-60,87,-3480-59,87,-3480-58,87,-3480-57,87,-3480-56,87,-3480-55,87,-3480-54,87,-3480-53,87,-3480-52,87,-3480-51,87,-3480-50,87,-3480-49,87,-3600-48,87,-3600-47,87,-3600-46,87,-3600-45,87,-3600-44,87,-3600-43,87,-3600-42,87,-3600-41,87,-3600-40,87,-3600-39,87,-3600-38,87,-3600-37,87,-3600-36,87,-3600-35,87,-3600-34,87,-3600-33,87,-3600-32,87,-3600-31,87,-3600-30,87,-3600-29,87,-3600-28,87,-3480-27,87,-3480-26,87,-3480-25,87,-3480-24,87,-3480-23,87,-3480-22,87,-3480-21,87,-3480-20,87,-3480-19,87,-3480-18,87,-3480-17,87,-3480-16,87,-3480-15,87,-3480-14,87,-3480-13,87,-3480-12,87,-3480-11,87,-3480-10,87,-3480-9,87,-3480-8,87,-3480-7,87,-3480-6,87,-3480-5,87,-3480-4,87,-3480-3,87,-3480-2,87,-3480-1,87,-34800,87,-34801,87,-34802,87,-34803,87,-34804,87,-34805,87,-34806,87,-34807,87,-34808,87,-34809,87,-348010,87,-348011,87,-348012,87,-348013,87,-348014,87,-348015,87,-348016,87,-348017,87,-348018,87,-348019,87,-348020,87,-348021,87,-348022,87,-348023,87,-348024,87,-348025,87,-348026,87,-348027,87,-348028,87,-348029,87,-348030,87,-348031,87,-348032,87,-348033,87,-348034,87,-348035,87,-348036,87,-348037,87,-348038,87,-348039,87,-348040,87,-348041,87,-348042,87,-348043,87,-348044,87,-348045,87,-348046,87,-348047,87,-348048,87,-348049,87,-348050,87,-348051,87,-348052,87,-348053,87,-348054,87,-348055,87,-348056,87,-348057,87,-348058,87,-348059,87,-348060,87,-348061,87,-348062,87,-348063,87,-348064,87,-348065,87,-348066,87,-348067,87,-348068,87,-348069,87,-348070,87,-348071,87,-348072,87,-348073,87,-348074,87,-348075,87,-348076,87,-348077,87,-348078,87,-348079,87,-348080,87,-348081,87,-348082,87,-348083,87,-348084,87,-348085,87,-348086,87,-348087,87,-348088,87,-348089,87,-348090,87,-348091,87,-348092,87,-348093,87,-348094,87,-348095,87,-348096,87,-348097,87,-348098,87,-348099,87,-3480100,87,-3480101,87,-3480102,87,-3480103,87,-3480104,87,-3480105,87,-3480106,87,-3480107,87,-3480108,87,-3480109,87,-3480110,87,-3480111,87,-3480112,87,-3480113,87,-3480114,87,-3480115,87,-3480116,87,-3480117,87,-3480118,87,-3600119,87,-3600120,87,-3600121,87,-3600122,87,-3600123,87,-3600124,87,-3600125,87,-3600126,87,-3600127,87,-3600128,87,-3600129,87,-3600130,87,-3600131,87,-3600132,87,-3600133,87,-3600134,87,-3600135,87,-3480136,87,-3480137,87,-3480138,87,-3480139,87,-3480140,87,-3480141,87,-3480142,87,-3480143,87,-3480144,87,-3480145,87,-3480146,87,-3480147,87,-3480148,87,-3480149,87,-3480150,87,-3480151,87,-3480152,87,-3480153,87,-3480154,87,-3480155,87,-3480156,87,-3480157,87,-3480158,87,-3480159,87,-3480160,87,-3480161,87,-3480162,87,-3480163,87,-3480164,87,-3480165,87,-3480166,87,-3480167,87,-3480168,87,-3480169,87,-3480170,87,-3480171,87,-3480172,87,-3480173,87,-3480174,87,-3480175,87,-3480176,87,-3480177,87,-3480178,87,-3480179,87,-3480-180,86,-3480-179,86,-3480-178,86,-3480-177,86,-3480-176,86,-3480-175,86,-3480-174,86,-3480-173,86,-3480-172,86,-3480-171,86,-3480-170,86,-3480-169,86,-3480-168,86,-3480-167,86,-3480-166,86,-3480-165,86,-3480-164,86,-3480-163,86,-3480-162,86,-3480-161,86,-3480-160,86,-3480-159,86,-3480-158,86,-3480-157,86,-3480-156,86,-3480-155,86,-3480-154,86,-3480-153,86,-3480-152,86,-3480-151,86,-3480-150,86,-3480-149,86,-3480-148,86,-3480-147,86,-3480-146,86,-3480-145,86,-3480-144,86,-3480-143,86,-3480-142,86,-3480-141,86,-3480-140,86,-3480-139,86,-3480-138,86,-3480-137,86,-3480-136,86,-3480-135,86,-3480-134,86,-3480-133,86,-3480-132,86,-3480-131,86,-3480-130,86,-3480-129,86,-3480-128,86,-3480-127,86,-3480-126,86,-3480-125,86,-3480-124,86,-3480-123,86,-3480-122,86,-3480-121,86,-3480-120,86,-3480-119,86,-3480-118,86,-3480-117,86,-3480-116,86,-3480-115,86,-3480-114,86,-3480-113,86,-3480-112,86,-3480-111,86,-3480-110,86,-3480-109,86,-3480-108,86,-3520-107,86,-3600-106,86,-3600-105,86,-3600-104,86,-3600-103,86,-3600-102,86,-3600-101,86,-3600-100,86,-3600-99,86,-3600-98,86,-3480-97,86,-3480-96,86,-3480-95,86,-3480-94,86,-3480-93,86,-3480-92,86,-3480-91,86,-3480-90,86,-3480-89,86,-3480-88,86,-3480-87,86,-3480-86,86,-3480-85,86,-3480-84,86,-3480-83,86,-3480-82,86,-3480-81,86,-3480-80,86,-3480-79,86,-3480-78,86,-3480-77,86,-3480-76,86,-3480-75,86,-3480-74,86,-3480-73,86,-3480-72,86,-3480-71,86,-3480-70,86,-3480-69,86,-3480-68,86,-3480-67,86,-3480-66,86,-3480-65,86,-3480-64,86,-3480-63,86,-3480-62,86,-3480-61,86,-3480-60,86,-3480-59,86,-3480-58,86,-3480-57,86,-3480-56,86,-3480-55,86,-3480-54,86,-3480-53,86,-3480-52,86,-3480-51,86,-3480-50,86,-3480-49,86,-3480-48,86,-3600-47,86,-3600-46,86,-3600-45,86,-3600-44,86,-3600-43,86,-3600-42,86,-3600-41,86,-3600-40,86,-3600-39,86,-3600-38,86,-3600-37,86,-3600-36,86,-3600-35,86,-3600-34,86,-3600-33,86,-3600-32,86,-3600-31,86,-3600-30,86,-3600-29,86,-3480-28,86,-3480-27,86,-3480-26,86,-3480-25,86,-3480-24,86,-3480-23,86,-3480-22,86,-3480-21,86,-3480-20,86,-3480-19,86,-3480-18,86,-3480-17,86,-3480-16,86,-3480-15,86,-3480-14,86,-3480-13,86,-3480-12,86,-3480-11,86,-3480-10,86,-3480-9,86,-3480-8,86,-3480-7,86,-3480-6,86,-3480-5,86,-3480-4,86,-3480-3,86,-3480-2,86,-3480-1,86,-34800,86,-34801,86,-34802,86,-34803,86,-34804,86,-34805,86,-34806,86,-34807,86,-34808,86,-34809,86,-348010,86,-348011,86,-348012,86,-348013,86,-348014,86,-348015,86,-348016,86,-348017,86,-348018,86,-348019,86,-348020,86,-348021,86,-348022,86,-348023,86,-348024,86,-348025,86,-348026,86,-348027,86,-348028,86,-348029,86,-348030,86,-348031,86,-348032,86,-348033,86,-348034,86,-348035,86,-348036,86,-348037,86,-348038,86,-348039,86,-348040,86,-348041,86,-348042,86,-348043,86,-348044,86,-348045,86,-348046,86,-348047,86,-348048,86,-348049,86,-348050,86,-348051,86,-348052,86,-348053,86,-348054,86,-348055,86,-348056,86,-348057,86,-348058,86,-348059,86,-348060,86,-348061,86,-348062,86,-348063,86,-348064,86,-348065,86,-348066,86,-348067,86,-348068,86,-348069,86,-348070,86,-348071,86,-348072,86,-348073,86,-348074,86,-348075,86,-348076,86,-348077,86,-348078,86,-348079,86,-348080,86,-348081,86,-348082,86,-348083,86,-348084,86,-348085,86,-348086,86,-348087,86,-348088,86,-348089,86,-348090,86,-348091,86,-348092,86,-348093,86,-348094,86,-348095,86,-348096,86,-348097,86,-348098,86,-348099,86,-3480100,86,-3480101,86,-3480102,86,-3480103,86,-3480104,86,-3480105,86,-3480106,86,-3480107,86,-3480108,86,-3480109,86,-3480110,86,-3480111,86,-3480112,86,-3480113,86,-3480114,86,-3480115,86,-3480116,86,-3480117,86,-3480118,86,-3600119,86,-3600120,86,-3600121,86,-3600122,86,-3600123,86,-3600124,86,-3600125,86,-3600126,86,-3600127,86,-3600128,86,-3600129,86,-3600130,86,-3600131,86,-3600132,86,-3600133,86,-3600134,86,-3600135,86,-3480136,86,-3480137,86,-3480138,86,-3480139,86,-3480140,86,-3480141,86,-3480142,86,-3480143,86,-3480144,86,-3480145,86,-3480146,86,-3480147,86,-3480148,86,-3480149,86,-3480150,86,-3480151,86,-3480152,86,-3480153,86,-3480154,86,-3480155,86,-3480156,86,-3480157,86,-3480158,86,-3480159,86,-3480160,86,-3480161,86,-3480162,86,-3480163,86,-3480164,86,-3480165,86,-3480166,86,-3480167,86,-3480168,86,-3480169,86,-3480170,86,-3480171,86,-3480172,86,-3480173,86,-3480174,86,-3480175,86,-3480176,86,-3480177,86,-3480178,86,-3480179,86,-3480-180,85,-3480-179,85,-3480-178,85,-3480-177,85,-3480-176,85,-3480-175,85,-3480-174,85,-3480-173,85,-3480-172,85,-3480-171,85,-3480-170,85,-3480-169,85,-3480-168,85,-3480-167,85,-3480-166,85,-3480-165,85,-3480-164,85,-3480-163,85,-3480-162,85,-3480-161,85,-3480-160,85,-3480-159,85,-3480-158,85,-3480-157,85,-3480-156,85,-3480-155,85,-3480-154,85,-3480-153,85,-3480-152,85,-3480-151,85,-3480-150,85,-3480-149,85,-3480-148,85,-3480-147,85,-3480-146,85,-3480-145,85,-3480-144,85,-3480-143,85,-3480-142,85,-3480-141,85,-3480-140,85,-3480-139,85,-3480-138,85,-3480-137,85,-3480-136,85,-3480-135,85,-3480-134,85,-3480-133,85,-3480-132,85,-3480-131,85,-3480-130,85,-3480-129,85,-3480-128,85,-3480-127,85,-3480-126,85,-3480-125,85,-3480-124,85,-3480-123,85,-3480-122,85,-3480-121,85,-3480-120,85,-3480-119,85,-3480-118,85,-3480-117,85,-3480-116,85,-3480-115,85,-3480-114,85,-3480-113,85,-3480-112,85,-3480-111,85,-3480-110,85,-3480-109,85,-3480-108,85,-3480-107,85,-3480-106,85,-3480-105,85,-3600-104,85,-3600-103,85,-3600-102,85,-3600-101,85,-3600-100,85,-3600-99,85,-3600-98,85,-3480-97,85,-3480-96,85,-3480-95,85,-3480-94,85,-3480-93,85,-3480-92,85,-3480-91,85,-3480-90,85,-3480-89,85,-3480-88,85,-3480-87,85,-3480-86,85,-3480-85,85,-3480-84,85,-3480-83,85,-3480-82,85,-3480-81,85,-3480-80,85,-3480-79,85,-3480-78,85,-3480-77,85,-3480-76,85,-3480-75,85,-3480-74,85,-3480-73,85,-3480-72,85,-3480-71,85,-3480-70,85,-3480-69,85,-3480-68,85,-3480-67,85,-3480-66,85,-3480-65,85,-3480-64,85,-3480-63,85,-3480-62,85,-3480-61,85,-3480-60,85,-3480-59,85,-3480-58,85,-3480-57,85,-3480-56,85,-3480-55,85,-3480-54,85,-3480-53,85,-3480-52,85,-3480-51,85,-3480-50,85,-3480-49,85,-3480-48,85,-3480-47,85,-3480-46,85,-3480-45,85,-3520-44,85,-3480-43,85,-3520-42,85,-3520-41,85,-3480-40,85,-3520-39,85,-3520-38,85,-3520-37,85,-3520-36,85,-3480-35,85,-3520-34,85,-3520-33,85,-3520-32,85,-3520-31,85,-3480-30,85,-3480-29,85,-3480-28,85,-3480-27,85,-3480-26,85,-3480-25,85,-3480-24,85,-3480-23,85,-3480-22,85,-3480-21,85,-3480-20,85,-3480-19,85,-3480-18,85,-3480-17,85,-3480-16,85,-3480-15,85,-3480-14,85,-3480-13,85,-3480-12,85,-3480-11,85,-3480-10,85,-3480-9,85,-3480-8,85,-3480-7,85,-3480-6,85,-3480-5,85,-3480-4,85,-3480-3,85,-3480-2,85,-3480-1,85,-34800,85,-34801,85,-34802,85,-34803,85,-34804,85,-34805,85,-34806,85,-34807,85,-34808,85,-34809,85,-348010,85,-348011,85,-348012,85,-348013,85,-348014,85,-348015,85,-348016,85,-348017,85,-348018,85,-348019,85,-348020,85,-348021,85,-348022,85,-348023,85,-348024,85,-348025,85,-348026,85,-348027,85,-348028,85,-348029,85,-348030,85,-348031,85,-348032,85,-348033,85,-348034,85,-348035,85,-348036,85,-348037,85,-348038,85,-348039,85,-348040,85,-348041,85,-348042,85,-348043,85,-348044,85,-348045,85,-348046,85,-348047,85,-348048,85,-348049,85,-348050,85,-348051,85,-348052,85,-348053,85,-348054,85,-348055,85,-348056,85,-348057,85,-348058,85,-348059,85,-348060,85,-348061,85,-348062,85,-348063,85,-348064,85,-348065,85,-348066,85,-348067,85,-348068,85,-348069,85,-348070,85,-348071,85,-348072,85,-348073,85,-348074,85,-348075,85,-348076,85,-348077,85,-348078,85,-348079,85,-348080,85,-348081,85,-348082,85,-348083,85,-348084,85,-348085,85,-348086,85,-348087,85,-348088,85,-348089,85,-348090,85,-348091,85,-348092,85,-348093,85,-348094,85,-348095,85,-348096,85,-348097,85,-348098,85,-348099,85,-3480100,85,-3480101,85,-3480102,85,-3480103,85,-3480104,85,-3480105,85,-3480106,85,-3480107,85,-3480108,85,-3480109,85,-3480110,85,-3480111,85,-3480112,85,-3480113,85,-3480114,85,-3480115,85,-3480116,85,-3480117,85,-3480118,85,-3480119,85,-3600120,85,-3600121,85,-3600122,85,-3600123,85,-3600124,85,-3600125,85,-3600126,85,-3600127,85,-3600128,85,-3600129,85,-3600130,85,-3600131,85,-3600132,85,-3600133,85,-3600134,85,-3480135,85,-3480136,85,-3480137,85,-3480138,85,-3480139,85,-3480140,85,-3480141,85,-3480142,85,-3480143,85,-3480144,85,-3480145,85,-3480146,85,-3480147,85,-3480148,85,-3480149,85,-3480150,85,-3480151,85,-3480152,85,-3480153,85,-3480154,85,-3480155,85,-3480156,85,-3480157,85,-3480158,85,-3480159,85,-3480160,85,-3480161,85,-3480162,85,-3480163,85,-3480164,85,-3480165,85,-3480166,85,-3480167,85,-3480168,85,-3480169,85,-3480170,85,-3480171,85,-3480172,85,-3480173,85,-3480174,85,-3480175,85,-3480176,85,-3480177,85,-3480178,85,-3480179,85,-3480-180,84,-3480-179,84,-3480-178,84,-3480-177,84,-3480-176,84,-3480-175,84,-3480-174,84,-3480-173,84,-3480-172,84,-3480-171,84,-3480-170,84,-3480-169,84,-3480-168,84,-3480-167,84,-3480-166,84,-3480-165,84,-3480-164,84,-3480-163,84,-3480-162,84,-3480-161,84,-3480-160,84,-3480-159,84,-3480-158,84,-3480-157,84,-3480-156,84,-3480-155,84,-3480-154,84,-3480-153,84,-3480-152,84,-3480-151,84,-3480-150,84,-3480-149,84,-3480-148,84,-3480-147,84,-3480-146,84,-3480-145,84,-3480-144,84,-3480-143,84,-3480-142,84,-3480-141,84,-3480-140,84,-3480-139,84,-3480-138,84,-3480-137,84,-3480-136,84,-3480-135,84,-3480-134,84,-3480-133,84,-3480-132,84,-3480-131,84,-3480-130,84,-3480-129,84,-3480-128,84,-3480-127,84,-3480-126,84,-3480-125,84,-3480-124,84,-3480-123,84,-3480-122,84,-3480-121,84,-3480-120,84,-3480-119,84,-3480-118,84,-3480-117,84,-3480-116,84,-3480-115,84,-3480-114,84,-3480-113,84,-3480-112,84,-3480-111,84,-3480-110,84,-3480-109,84,-3480-108,84,-3480-107,84,-3480-106,84,-3480-105,84,-3480-104,84,-3480-103,84,-3520-102,84,-3600-101,84,-3520-100,84,-3480-99,84,-3480-98,84,-3480-97,84,-3480-96,84,-3480-95,84,-3480-94,84,-3480-93,84,-3480-92,84,-3480-91,84,-3480-90,84,-3480-89,84,-3480-88,84,-3480-87,84,-3480-86,84,-3480-85,84,-3480-84,84,-3480-83,84,-3480-82,84,-3480-81,84,-3480-80,84,-3480-79,84,-3480-78,84,-3480-77,84,-3480-76,84,-3480-75,84,-3480-74,84,-3480-73,84,-3480-72,84,-3480-71,84,-3480-70,84,-3480-69,84,-3480-68,84,-3480-67,84,-3480-66,84,-3480-65,84,-3480-64,84,-3480-63,84,-3480-62,84,-3480-61,84,-3480-60,84,-3480-59,84,-3480-58,84,-3480-57,84,-3480-56,84,-3480-55,84,-3480-54,84,-3480-53,84,-3480-52,84,-3480-51,84,-3480-50,84,-3480-49,84,-3480-48,84,-3480-47,84,-3480-46,84,-3480-45,84,-3480-44,84,-3480-43,84,-3480-42,84,-3480-41,84,-3480-40,84,-3480-39,84,-3480-38,84,-3480-37,84,-3480-36,84,-3480-35,84,-3480-34,84,-3480-33,84,-3480-32,84,-3480-31,84,-3480-30,84,-3480-29,84,-3480-28,84,-3480-27,84,-3480-26,84,-3480-25,84,-3480-24,84,-3480-23,84,-3480-22,84,-3480-21,84,-3480-20,84,-3480-19,84,-3480-18,84,-3480-17,84,-3480-16,84,-3480-15,84,-3480-14,84,-3480-13,84,-3480-12,84,-3480-11,84,-3480-10,84,-3480-9,84,-3480-8,84,-3480-7,84,-3480-6,84,-3480-5,84,-3480-4,84,-3480-3,84,-3480-2,84,-3480-1,84,-34800,84,-34801,84,-34802,84,-34803,84,-34804,84,-34805,84,-34806,84,-34807,84,-34808,84,-34809,84,-348010,84,-348011,84,-348012,84,-348013,84,-348014,84,-348015,84,-348016,84,-348017,84,-348018,84,-348019,84,-348020,84,-348021,84,-348022,84,-348023,84,-348024,84,-348025,84,-348026,84,-348027,84,-348028,84,-348029,84,-348030,84,-348031,84,-348032,84,-348033,84,-348034,84,-348035,84,-348036,84,-348037,84,-348038,84,-348039,84,-348040,84,-348041,84,-348042,84,-348043,84,-348044,84,-348045,84,-348046,84,-348047,84,-348048,84,-348049,84,-348050,84,-348051,84,-348052,84,-348053,84,-348054,84,-348055,84,-348056,84,-348057,84,-348058,84,-348059,84,-348060,84,-348061,84,-348062,84,-348063,84,-348064,84,-348065,84,-348066,84,-348067,84,-348068,84,-348069,84,-348070,84,-348071,84,-348072,84,-348073,84,-348074,84,-348075,84,-348076,84,-348077,84,-348078,84,-348079,84,-348080,84,-348081,84,-348082,84,-348083,84,-348084,84,-348085,84,-348086,84,-348087,84,-348088,84,-348089,84,-348090,84,-348091,84,-348092,84,-348093,84,-348094,84,-348095,84,-348096,84,-348097,84,-348098,84,-348099,84,-3480100,84,-3480101,84,-3480102,84,-3480103,84,-3480104,84,-3480105,84,-3480106,84,-3480107,84,-3480108,84,-3480109,84,-3480110,84,-3480111,84,-3480112,84,-3480113,84,-3480114,84,-3480115,84,-3480116,84,-3480117,84,-3480118,84,-3480119,84,-3480120,84,-3560121,84,-3600122,84,-3600123,84,-3600124,84,-3600125,84,-3600126,84,-3600127,84,-3600128,84,-3600129,84,-3600130,84,-3600131,84,-3600132,84,-3600133,84,-3600134,84,-3480135,84,-3480136,84,-3480137,84,-3480138,84,-3480139,84,-3480140,84,-3480141,84,-3480142,84,-3480143,84,-3480144,84,-3480145,84,-3480146,84,-3480147,84,-3480148,84,-3480149,84,-3480150,84,-3480151,84,-3480152,84,-3480153,84,-3480154,84,-3480155,84,-3480156,84,-3480157,84,-3480158,84,-3480159,84,-3480160,84,-3480161,84,-3480162,84,-3480163,84,-3480164,84,-3480165,84,-3480166,84,-3480167,84,-3480168,84,-3480169,84,-3480170,84,-3480171,84,-3480172,84,-3480173,84,-3480174,84,-3480175,84,-3480176,84,-3480177,84,-3480178,84,-3480179,84,-3480-180,83,-3480-179,83,-3480-178,83,-3480-177,83,-3480-176,83,-3480-175,83,-3480-174,83,-3480-173,83,-3480-172,83,-3480-171,83,-3480-170,83,-3480-169,83,-3480-168,83,-3480-167,83,-3480-166,83,-3480-165,83,-3480-164,83,-3480-163,83,-3480-162,83,-3480-161,83,-3480-160,83,-3480-159,83,-3480-158,83,-3480-157,83,-3480-156,83,-3480-155,83,-3480-154,83,-3480-153,83,-3480-152,83,-3480-151,83,-3480-150,83,-3480-149,83,-3480-148,83,-3480-147,83,-3480-146,83,-3480-145,83,-3480-144,83,-3480-143,83,-3480-142,83,-3480-141,83,-3480-140,83,-3480-139,83,-3480-138,83,-3480-137,83,-3480-136,83,-3480-135,83,-3480-134,83,-3480-133,83,-3480-132,83,-3480-131,83,-3480-130,83,-3480-129,83,-3480-128,83,-3480-127,83,-3480-126,83,-3480-125,83,-3480-124,83,-3480-123,83,-3480-122,83,-3480-121,83,-3480-120,83,-3480-119,83,-3480-118,83,-3480-117,83,-3480-116,83,-3480-115,83,-3480-114,83,-3480-113,83,-3480-112,83,-3480-111,83,-3480-110,83,-3480-109,83,-3480-108,83,-3480-107,83,-3480-106,83,-3480-105,83,-3480-104,83,-3480-103,83,-3480-102,83,-3480-101,83,-3480-100,83,-3480-99,83,-3480-98,83,-3480-97,83,-3480-96,83,-3480-95,83,-3480-94,83,-3480-93,83,-3480-92,83,-3480-91,83,-3480-90,83,-3480-89,83,-3480-88,83,-3480-87,83,-3480-86,83,-3480-85,83,-3480-84,83,-3480-83,83,-3480-82,83,-3480-81,83,-3480-80,83,-3480-79,83,-3480-78,83,-3480-77,83,-3480-76,83,-3480-75,83,-3480-74,83,-3480-73,83,-3480-72,83,-3480-71,83,-3480-70,83,-3480-69,83,-3480-68,83,-3480-67,83,-3480-66,83,-3480-65,83,-3480-64,83,-3480-63,83,-3480-62,83,-3480-61,83,-3480-60,83,-3480-59,83,-3480-58,83,-3480-57,83,-3480-56,83,-3480-55,83,-3480-54,83,-3480-53,83,-3480-52,83,-3480-51,83,-3480-50,83,-3480-49,83,-3480-48,83,-3480-47,83,-3480-46,83,-3480-45,83,-3480-44,83,-3480-43,83,-3480-42,83,-3480-41,83,-3480-40,83,-3480-39,83,-3480-38,83,-3480-37,83,-3480-36,83,-3480-35,83,-3480-34,83,-3480-33,83,-3480-32,83,-3480-31,83,-3480-30,83,-3480-29,83,-3480-28,83,-3480-27,83,-3480-26,83,-3480-25,83,-3480-24,83,-3480-23,83,-3480-22,83,-3480-21,83,-3480-20,83,-3480-19,83,-3480-18,83,-3480-17,83,-3480-16,83,-3480-15,83,-3480-14,83,-3480-13,83,-3480-12,83,-3480-11,83,-3480-10,83,-3480-9,83,-3480-8,83,-3480-7,83,-3480-6,83,-3480-5,83,-3480-4,83,-3480-3,83,-3480-2,83,-3480-1,83,-34800,83,-34801,83,-34802,83,-34803,83,-34804,83,-34805,83,-34806,83,-34807,83,-34808,83,-34809,83,-348010,83,-348011,83,-348012,83,-348013,83,-348014,83,-348015,83,-348016,83,-348017,83,-348018,83,-348019,83,-348020,83,-348021,83,-348022,83,-348023,83,-348024,83,-348025,83,-348026,83,-348027,83,-348028,83,-348029,83,-348030,83,-348031,83,-348032,83,-348033,83,-348034,83,-348035,83,-348036,83,-348037,83,-348038,83,-348039,83,-348040,83,-348041,83,-348042,83,-348043,83,-348044,83,-348045,83,-348046,83,-348047,83,-348048,83,-348049,83,-348050,83,-348051,83,-348052,83,-348053,83,-348054,83,-348055,83,-348056,83,-348057,83,-348058,83,-348059,83,-348060,83,-348061,83,-348062,83,-348063,83,-348064,83,-348065,83,-348066,83,-348067,83,-348068,83,-348069,83,-348070,83,-348071,83,-348072,83,-348073,83,-348074,83,-348075,83,-348076,83,-348077,83,-348078,83,-348079,83,-348080,83,-348081,83,-348082,83,-348083,83,-348084,83,-348085,83,-348086,83,-348087,83,-348088,83,-348089,83,-348090,83,-348091,83,-348092,83,-348093,83,-348094,83,-348095,83,-348096,83,-348097,83,-348098,83,-348099,83,-3480100,83,-3480101,83,-3480102,83,-3480103,83,-3480104,83,-3480105,83,-3480106,83,-3480107,83,-3480108,83,-3480109,83,-3480110,83,-3480111,83,-3480112,83,-3480113,83,-3480114,83,-3480115,83,-3480116,83,-3480117,83,-3480118,83,-3480119,83,-3480120,83,-3480121,83,-3480122,83,-3480123,83,-3480124,83,-3480125,83,-3480126,83,-3480127,83,-3480128,83,-3480129,83,-3520130,83,-3480131,83,-3560132,83,-3480133,83,-3480134,83,-3480135,83,-3480136,83,-3480137,83,-3480138,83,-3480139,83,-3480140,83,-3480141,83,-3480142,83,-3480143,83,-3480144,83,-3480145,83,-3480146,83,-3480147,83,-3480148,83,-3480149,83,-3480150,83,-3480151,83,-3480152,83,-3480153,83,-3480154,83,-3480155,83,-3480156,83,-3480157,83,-3480158,83,-3480159,83,-3480160,83,-3480161,83,-3480162,83,-3480163,83,-3480164,83,-3480165,83,-3480166,83,-3480167,83,-3480168,83,-3480169,83,-3480170,83,-3480171,83,-3480172,83,-3480173,83,-3480174,83,-3480175,83,-3480176,83,-3480177,83,-3480178,83,-3480179,83,-3480-180,82,-3480-179,82,-3480-178,82,-3480-177,82,-3480-176,82,-3480-175,82,-3480-174,82,-3480-173,82,-3480-172,82,-3480-171,82,-3480-170,82,-3480-169,82,-3480-168,82,-3480-167,82,-3480-166,82,-3480-165,82,-3480-164,82,-3480-163,82,-3480-162,82,-3480-161,82,-3480-160,82,-3480-159,82,-3480-158,82,-3480-157,82,-3480-156,82,-3480-155,82,-3480-154,82,-3480-153,82,-3480-152,82,-3480-151,82,-3480-150,82,-3480-149,82,-3480-148,82,-3480-147,82,-3480-146,82,-3480-145,82,-3480-144,82,-3480-143,82,-3480-142,82,-3480-141,82,-3480-140,82,-3480-139,82,-3480-138,82,-3480-137,82,-3480-136,82,-3480-135,82,-3480-134,82,-3480-133,82,-3480-132,82,-3480-131,82,-3480-130,82,-3480-129,82,-3480-128,82,-3480-127,82,-3480-126,82,-3480-125,82,-3480-124,82,-3480-123,82,-3480-122,82,-3480-121,82,-3480-120,82,-3480-119,82,-3480-118,82,-3480-117,82,-3480-116,82,-3480-115,82,-3480-114,82,-3480-113,82,-3480-112,82,-3480-111,82,-3480-110,82,-3480-109,82,-3480-108,82,-3480-107,82,-3480-106,82,-3480-105,82,-3480-104,82,-3480-103,82,-3480-102,82,-3480-101,82,-3480-100,82,-3480-99,82,-3480-98,82,-3480-97,82,-3480-96,82,-3480-95,82,-3480-94,82,-3480-93,82,-3480-92,82,-3480-91,82,-3480-90,82,-3480-89,82,-3480-88,82,-3480-87,82,-3480-86,82,-3480-85,82,-3480-84,82,-3480-83,82,-3480-82,82,-3480-81,82,-3480-80,82,-3480-79,82,-3480-78,82,-3480-77,82,-3480-76,82,-3480-75,82,-3480-74,82,-3480-73,82,-3480-72,82,-3480-71,82,-3480-70,82,-3480-69,82,-3480-68,82,-3480-67,82,-3480-66,82,-3480-65,82,-3480-64,82,-3480-63,82,-3480-62,82,-3480-61,82,-3480-60,82,-3480-59,82,-3480-58,82,-3480-57,82,-3480-56,82,-3480-55,82,-3480-54,82,-3480-53,82,-3480-52,82,-3480-51,82,-3480-50,82,-3480-49,82,-3480-48,82,-3480-47,82,-3480-46,82,-3480-45,82,-3480-44,82,-3480-43,82,-3480-42,82,-3480-41,82,-3480-40,82,-3480-39,82,-3480-38,82,-3480-37,82,-3480-36,82,-3480-35,82,-3480-34,82,-3480-33,82,-3480-32,82,-3480-31,82,-3480-30,82,-3480-29,82,-3480-28,82,-3480-27,82,-3480-26,82,-3480-25,82,-3480-24,82,-3480-23,82,-3480-22,82,-3480-21,82,-3480-20,82,-3480-19,82,-3480-18,82,-3480-17,82,-3480-16,82,-3480-15,82,-3480-14,82,-3480-13,82,-3480-12,82,-3480-11,82,-3480-10,82,-3480-9,82,-3480-8,82,-3480-7,82,-3480-6,82,-3480-5,82,-3480-4,82,-3480-3,82,-3480-2,82,-3480-1,82,-34800,82,-34801,82,-34802,82,-34803,82,-34804,82,-34805,82,-34806,82,-34807,82,-34808,82,-34809,82,-348010,82,-348011,82,-348012,82,-348013,82,-348014,82,-348015,82,-348016,82,-348017,82,-348018,82,-348019,82,-348020,82,-348021,82,-348022,82,-348023,82,-348024,82,-348025,82,-348026,82,-348027,82,-348028,82,-348029,82,-348030,82,-348031,82,-348032,82,-348033,82,-348034,82,-348035,82,-348036,82,-348037,82,-348038,82,-348039,82,-348040,82,-348041,82,-348042,82,-348043,82,-348044,82,-348045,82,-348046,82,-348047,82,-348048,82,-348049,82,-348050,82,-348051,82,-348052,82,-348053,82,-348054,82,-348055,82,-348056,82,-348057,82,-348058,82,-348059,82,-348060,82,-348061,82,-348062,82,-348063,82,-348064,82,-348065,82,-348066,82,-348067,82,-348068,82,-348069,82,-348070,82,-348071,82,-348072,82,-348073,82,-348074,82,-348075,82,-348076,82,-348077,82,-348078,82,-348079,82,-348080,82,-348081,82,-348082,82,-348083,82,-348084,82,-348085,82,-348086,82,-348087,82,-348088,82,-348089,82,-348090,82,-348091,82,-348092,82,-348093,82,-348094,82,-348095,82,-348096,82,-348097,82,-348098,82,-348099,82,-3480100,82,-3480101,82,-3480102,82,-3480103,82,-3480104,82,-3480105,82,-3480106,82,-3480107,82,-3480108,82,-3480109,82,-3480110,82,-3480111,82,-3480112,82,-3480113,82,-3480114,82,-3480115,82,-3480116,82,-3480117,82,-3480118,82,-3480119,82,-3480120,82,-3480121,82,-3480122,82,-3480123,82,-3480124,82,-3480125,82,-3480126,82,-3480127,82,-3480128,82,-3480129,82,-3480130,82,-3480131,82,-3480132,82,-3480133,82,-3480134,82,-3480135,82,-3480136,82,-3480137,82,-3480138,82,-3480139,82,-3480140,82,-3480141,82,-3480142,82,-3480143,82,-3480144,82,-3480145,82,-3480146,82,-3480147,82,-3480148,82,-3480149,82,-3480150,82,-3480151,82,-3480152,82,-3480153,82,-3480154,82,-3480155,82,-3480156,82,-3480157,82,-3480158,82,-3480159,82,-3480160,82,-3480161,82,-3480162,82,-3480163,82,-3480164,82,-3480165,82,-3480166,82,-3480167,82,-3480168,82,-3480169,82,-3480170,82,-3480171,82,-3480172,82,-3480173,82,-3480174,82,-3480175,82,-3480176,82,-3480177,82,-3480178,82,-3480179,82,-3480-180,81,-3480-179,81,-3480-178,81,-3480-177,81,-3480-176,81,-3480-175,81,-3480-174,81,-3480-173,81,-3480-172,81,-3480-171,81,-3480-170,81,-3480-169,81,-3480-168,81,-3480-167,81,-3480-166,81,-3480-165,81,-3480-164,81,-3480-163,81,-3480-162,81,-3480-161,81,-3480-160,81,-3480-159,81,-3480-158,81,-3480-157,81,-3480-156,81,-3480-155,81,-3480-154,81,-3480-153,81,-3480-152,81,-3480-151,81,-3480-150,81,-3480-149,81,-3480-148,81,-3480-147,81,-3480-146,81,-3480-145,81,-3480-144,81,-3480-143,81,-3480-142,81,-3480-141,81,-3480-140,81,-3480-139,81,-3480-138,81,-3480-137,81,-3480-136,81,-3480-135,81,-3480-134,81,-3480-133,81,-3480-132,81,-3480-131,81,-3480-130,81,-3480-129,81,-3480-128,81,-3480-127,81,-3480-126,81,-3480-125,81,-3480-124,81,-3480-123,81,-3480-122,81,-3480-121,81,-3480-120,81,-3480-119,81,-3480-118,81,-3480-117,81,-3480-116,81,-3480-115,81,-3480-114,81,-3480-113,81,-3480-112,81,-3480-111,81,-3480-110,81,-3480-109,81,-3480-108,81,-3480-107,81,-3480-106,81,-3480-105,81,-3480-104,81,-3480-103,81,-3480-102,81,-3480-101,81,-3480-100,81,-3480-99,81,-3480-98,81,-3480-97,81,-3480-96,81,-3480-95,81,-3480-94,81,-3480-93,81,-3480-92,81,-3480-91,81,-3480-90,81,-3480-89,81,-3480-88,81,-3480-87,81,-3480-86,81,-3480-85,81,-3480-84,81,-3480-83,81,-3480-82,81,-3480-81,81,-3480-80,81,-3480-79,81,-3480-78,81,-3480-77,81,-3480-76,81,-3480-75,81,-3480-74,81,-3480-73,81,-3480-72,81,-3480-71,81,-3480-70,81,-3480-69,81,-3480-68,81,-3480-67,81,-3480-66,81,-3480-65,81,-3480-64,81,-3480-63,81,-3480-62,81,-3480-61,81,-3480-60,81,-3480-59,81,-3480-58,81,-3480-57,81,-3480-56,81,-3480-55,81,-3480-54,81,-3480-53,81,-3480-52,81,-3480-51,81,-3480-50,81,-3480-49,81,-3480-48,81,-3480-47,81,-3480-46,81,-3480-45,81,-3480-44,81,-3480-43,81,-3480-42,81,-3480-41,81,-3480-40,81,-3480-39,81,-3480-38,81,-3480-37,81,-3480-36,81,-3480-35,81,-3480-34,81,-3480-33,81,-3480-32,81,-3480-31,81,-3480-30,81,-3480-29,81,-3480-28,81,-3480-27,81,-3480-26,81,-3480-25,81,-3480-24,81,-3480-23,81,-3480-22,81,-3480-21,81,-3480-20,81,-3480-19,81,-3480-18,81,-3480-17,81,-3480-16,81,-3480-15,81,-3480-14,81,-3480-13,81,-3480-12,81,-3480-11,81,-3480-10,81,-3480-9,81,-3480-8,81,-3480-7,81,-3480-6,81,-3480-5,81,-3480-4,81,-3480-3,81,-3480-2,81,-3480-1,81,-34800,81,-34801,81,-34802,81,-34803,81,-34804,81,-34805,81,-34806,81,-34807,81,-34808,81,-34809,81,-348010,81,-348011,81,-348012,81,-348013,81,-348014,81,-348015,81,-348016,81,-348017,81,-348018,81,-348019,81,-348020,81,-348021,81,-348022,81,-348023,81,-348024,81,-348025,81,-348026,81,-348027,81,-348028,81,-348029,81,-348030,81,-348031,81,-348032,81,-348033,81,-348034,81,-348035,81,-348036,81,-348037,81,-348038,81,-348039,81,-348040,81,-348041,81,-348042,81,-348043,81,-348044,81,-348045,81,-348046,81,-348047,81,-348048,81,-348049,81,-348050,81,-348051,81,-348052,81,-348053,81,-348054,81,-348055,81,-348056,81,-348057,81,-348058,81,-348059,81,-348060,81,-348061,81,-348062,81,-348063,81,-348064,81,-348065,81,-348066,81,-348067,81,-348068,81,-348069,81,-348070,81,-348071,81,-348072,81,-348073,81,-348074,81,-348075,81,-348076,81,-348077,81,-348078,81,-348079,81,-348080,81,-348081,81,-348082,81,-348083,81,-348084,81,-348085,81,-348086,81,-348087,81,-348088,81,-348089,81,-348090,81,-348091,81,-348092,81,-348093,81,-348094,81,-348095,81,-348096,81,-348097,81,-348098,81,-348099,81,-3480100,81,-3480101,81,-3480102,81,-3480103,81,-3480104,81,-3480105,81,-3480106,81,-3480107,81,-3480108,81,-3480109,81,-3480110,81,-3480111,81,-3480112,81,-3480113,81,-3480114,81,-3480115,81,-3480116,81,-3480117,81,-3480118,81,-3480119,81,-3480120,81,-3480121,81,-3480122,81,-3480123,81,-3480124,81,-3480125,81,-3480126,81,-3480127,81,-3480128,81,-3480129,81,-3480130,81,-3480131,81,-3480132,81,-3480133,81,-3480134,81,-3480135,81,-3480136,81,-3480137,81,-3480138,81,-3480139,81,-3480140,81,-3480141,81,-3480142,81,-3480143,81,-3480144,81,-3480145,81,-3480146,81,-3480147,81,-3480148,81,-3480149,81,-3480150,81,-3480151,81,-3480152,81,-3480153,81,-3480154,81,-3480155,81,-3480156,81,-3480157,81,-3480158,81,-3480159,81,-3480160,81,-3480161,81,-3480162,81,-3480163,81,-3480164,81,-3480165,81,-3480166,81,-3480167,81,-3480168,81,-3480169,81,-3480170,81,-3480171,81,-3480172,81,-3480173,81,-3480174,81,-3480175,81,-3480176,81,-3480177,81,-3480178,81,-3480179,81,-3480-180,80,-3480-179,80,-3480-178,80,-3480-177,80,-3480-176,80,-3480-175,80,-3480-174,80,-3480-173,80,-3480-172,80,-3480-171,80,-3480-170,80,-3480-169,80,-3480-168,80,-3480-167,80,-3480-166,80,-3480-165,80,-3480-164,80,-3480-163,80,-3480-162,80,-3480-161,80,-3480-160,80,-3480-159,80,-3480-158,80,-3480-157,80,-3480-156,80,-3480-155,80,-3480-154,80,-3480-153,80,-3480-152,80,-3480-151,80,-3480-150,80,-3480-149,80,-3480-148,80,-3480-147,80,-3480-146,80,-3480-145,80,-3480-144,80,-3480-143,80,-3480-142,80,-3480-141,80,-3480-140,80,-3480-139,80,-3480-138,80,-3480-137,80,-3480-136,80,-3480-135,80,-3480-134,80,-3480-133,80,-3480-132,80,-3480-131,80,-3480-130,80,-3480-129,80,-3480-128,80,-3480-127,80,-3480-126,80,-3480-125,80,-3480-124,80,-3480-123,80,-3480-122,80,-3480-121,80,-3480-120,80,-3480-119,80,-3480-118,80,-3480-117,80,-3480-116,80,-3480-115,80,-3480-114,80,-3480-113,80,-3480-112,80,-3480-111,80,-3480-110,80,-3480-109,80,-3480-108,80,-3480-107,80,-3480-106,80,-3480-105,80,-3480-104,80,-3480-103,80,-3480-102,80,-3480-101,80,-3480-100,80,-3480-99,80,-3480-98,80,-3480-97,80,-3480-96,80,-3480-95,80,-3480-94,80,-3480-93,80,-3480-92,80,-3480-91,80,-3480-90,80,-3480-89,80,-3480-88,80,-3480-87,80,-3480-86,80,-3480-85,80,-3480-84,80,-3480-83,80,-3480-82,80,-3480-81,80,-3480-80,80,-3480-79,80,-3480-78,80,-3480-77,80,-3480-76,80,-3480-75,80,-3480-74,80,-3480-73,80,-3480-72,80,-3480-71,80,-3480-70,80,-3480-69,80,-3480-68,80,-3480-67,80,-3480-66,80,-3480-65,80,-3480-64,80,-3480-63,80,-3480-62,80,-3480-61,80,-3480-60,80,-3480-59,80,-3480-58,80,-3480-57,80,-3480-56,80,-3480-55,80,-3480-54,80,-3480-53,80,-3480-52,80,-3480-51,80,-3480-50,80,-3480-49,80,-3480-48,80,-3480-47,80,-3480-46,80,-3480-45,80,-3480-44,80,-3480-43,80,-3480-42,80,-3480-41,80,-3480-40,80,-3480-39,80,-3480-38,80,-3480-37,80,-3480-36,80,-3480-35,80,-3480-34,80,-3480-33,80,-3480-32,80,-3480-31,80,-3480-30,80,-3480-29,80,-3480-28,80,-3480-27,80,-3480-26,80,-3480-25,80,-3480-24,80,-3480-23,80,-3480-22,80,-3480-21,80,-3480-20,80,-3480-19,80,-3480-18,80,-3480-17,80,-3480-16,80,-3480-15,80,-3480-14,80,-3480-13,80,-3480-12,80,-3480-11,80,-3480-10,80,-3480-9,80,-3480-8,80,-3480-7,80,-3480-6,80,-3480-5,80,-3480-4,80,-3480-3,80,-3480-2,80,-3480-1,80,-34800,80,-34801,80,-34802,80,-34803,80,-34804,80,-34805,80,-34806,80,-34807,80,-34808,80,-34809,80,-348010,80,-348011,80,-348012,80,-348013,80,-348014,80,-348015,80,-348016,80,-348017,80,-348018,80,-348019,80,-348020,80,-348021,80,-348022,80,-348023,80,-348024,80,-348025,80,-348026,80,-348027,80,-348028,80,-348029,80,-348030,80,-348031,80,-348032,80,-348033,80,-348034,80,-348035,80,-348036,80,-348037,80,-348038,80,-348039,80,-348040,80,-348041,80,-348042,80,-348043,80,-348044,80,-348045,80,-348046,80,-348047,80,-348048,80,-348049,80,-348050,80,-348051,80,-348052,80,-348053,80,-348054,80,-348055,80,-348056,80,-348057,80,-348058,80,-348059,80,-348060,80,-348061,80,-348062,80,-348063,80,-348064,80,-348065,80,-348066,80,-348067,80,-348068,80,-348069,80,-348070,80,-348071,80,-348072,80,-348073,80,-348074,80,-348075,80,-348076,80,-348077,80,-348078,80,-348079,80,-348080,80,-348081,80,-348082,80,-348083,80,-348084,80,-348085,80,-348086,80,-348087,80,-348088,80,-348089,80,-348090,80,-348091,80,-348092,80,-348093,80,-348094,80,-348095,80,-348096,80,-348097,80,-348098,80,-348099,80,-3480100,80,-3480101,80,-3480102,80,-3480103,80,-3480104,80,-3480105,80,-3480106,80,-3480107,80,-3480108,80,-3480109,80,-3480110,80,-3480111,80,-3480112,80,-3480113,80,-3480114,80,-3480115,80,-3480116,80,-3480117,80,-3480118,80,-3480119,80,-3480120,80,-3480121,80,-3480122,80,-3480123,80,-3480124,80,-3480125,80,-3480126,80,-3480127,80,-3480128,80,-3480129,80,-3480130,80,-3480131,80,-3480132,80,-3480133,80,-3480134,80,-3480135,80,-3480136,80,-3480137,80,-3480138,80,-3480139,80,-3480140,80,-3480141,80,-3480142,80,-3480143,80,-3480144,80,-3480145,80,-3480146,80,-3480147,80,-3480148,80,-3480149,80,-3480150,80,-3480151,80,-3480152,80,-3480153,80,-3480154,80,-3480155,80,-3480156,80,-3480157,80,-3480158,80,-3480159,80,-3480160,80,-3480161,80,-3480162,80,-3480163,80,-3480164,80,-3480165,80,-3480166,80,-3480167,80,-3480168,80,-3480169,80,-3480170,80,-3480171,80,-3480172,80,-3480173,80,-3480174,80,-3480175,80,-3480176,80,-3480177,80,-3480178,80,-3480179,80,-3480-180,79,-3480-179,79,-3480-178,79,-3480-177,79,-3480-176,79,-3480-175,79,-3480-174,79,-3480-173,79,-3480-172,79,-3480-171,79,-3480-170,79,-3480-169,79,-3480-168,79,-3480-167,79,-3480-166,79,-3480-165,79,-3480-164,79,-3480-163,79,-3480-162,79,-3480-161,79,-3480-160,79,-3480-159,79,-3480-158,79,-3480-157,79,-3480-156,79,-3480-155,79,-3480-154,79,-3480-153,79,-3480-152,79,-3480-151,79,-3480-150,79,-3480-149,79,-3480-148,79,-3480-147,79,-3480-146,79,-3480-145,79,-3480-144,79,-3480-143,79,-3480-142,79,-3480-141,79,-3480-140,79,-3480-139,79,-3480-138,79,-3480-137,79,-3480-136,79,-3480-135,79,-3480-134,79,-3480-133,79,-3480-132,79,-3480-131,79,-3480-130,79,-3480-129,79,-3480-128,79,-3480-127,79,-3480-126,79,-3480-125,79,-3480-124,79,-3480-123,79,-3480-122,79,-3480-121,79,-3480-120,79,-3480-119,79,-3480-118,79,-3480-117,79,-3480-116,79,-3480-115,79,-3480-114,79,-3480-113,79,-3480-112,79,-3480-111,79,-3480-110,79,-3480-109,79,-3480-108,79,-3480-107,79,-3480-106,79,-3480-105,79,-3480-104,79,-3480-103,79,-3480-102,79,-3480-101,79,-3480-100,79,-3480-99,79,-3480-98,79,-3480-97,79,-3480-96,79,-3480-95,79,-3480-94,79,-3480-93,79,-3480-92,79,-3480-91,79,-3480-90,79,-3480-89,79,-3480-88,79,-3480-87,79,-3480-86,79,-3480-85,79,-3480-84,79,-3480-83,79,-3480-82,79,-3480-81,79,-3480-80,79,-3480-79,79,-3480-78,79,-3480-77,79,-3480-76,79,-3480-75,79,-3480-74,79,-3480-73,79,-3480-72,79,-3480-71,79,-3480-70,79,-3480-69,79,-3480-68,79,-3480-67,79,-3480-66,79,-3480-65,79,-3480-64,79,-3480-63,79,-3480-62,79,-3480-61,79,-3480-60,79,-3480-59,79,-3480-58,79,-3480-57,79,-3480-56,79,-3480-55,79,-3480-54,79,-3480-53,79,-3480-52,79,-3480-51,79,-3480-50,79,-3480-49,79,-3480-48,79,-3480-47,79,-3480-46,79,-3480-45,79,-3480-44,79,-3480-43,79,-3480-42,79,-3480-41,79,-3480-40,79,-3480-39,79,-3480-38,79,-3480-37,79,-3480-36,79,-3480-35,79,-3480-34,79,-3480-33,79,-3480-32,79,-3480-31,79,-3480-30,79,-3480-29,79,-3480-28,79,-3480-27,79,-3480-26,79,-3480-25,79,-3480-24,79,-3480-23,79,-3480-22,79,-3480-21,79,-3480-20,79,-3480-19,79,-3480-18,79,-3480-17,79,-3480-16,79,-3480-15,79,-3480-14,79,-3480-13,79,-3480-12,79,-3480-11,79,-3480-10,79,-3480-9,79,-3480-8,79,-3480-7,79,-3480-6,79,-3480-5,79,-3480-4,79,-3480-3,79,-3480-2,79,-3480-1,79,-34800,79,-34801,79,-34802,79,-34803,79,-34804,79,-34805,79,-34806,79,-34807,79,-34808,79,-34809,79,-348010,79,-348011,79,-348012,79,-348013,79,-348014,79,-348015,79,-348016,79,-348017,79,-348018,79,-348019,79,-348020,79,-348021,79,-348022,79,-348023,79,-348024,79,-348025,79,-348026,79,-348027,79,-348028,79,-348029,79,-348030,79,-348031,79,-348032,79,-348033,79,-348034,79,-348035,79,-348036,79,-348037,79,-348038,79,-348039,79,-348040,79,-348041,79,-348042,79,-348043,79,-348044,79,-348045,79,-348046,79,-348047,79,-348048,79,-348049,79,-348050,79,-348051,79,-348052,79,-348053,79,-348054,79,-348055,79,-348056,79,-348057,79,-348058,79,-348059,79,-348060,79,-348061,79,-348062,79,-348063,79,-348064,79,-348065,79,-348066,79,-348067,79,-348068,79,-348069,79,-348070,79,-348071,79,-348072,79,-348073,79,-348074,79,-348075,79,-348076,79,-348077,79,-348078,79,-348079,79,-348080,79,-348081,79,-348082,79,-348083,79,-348084,79,-348085,79,-348086,79,-348087,79,-348088,79,-348089,79,-348090,79,-348091,79,-348092,79,-348093,79,-348094,79,-348095,79,-348096,79,-348097,79,-348098,79,-348099,79,-3480100,79,-3480101,79,-3480102,79,-3480103,79,-3480104,79,-3480105,79,-3480106,79,-3480107,79,-3480108,79,-3480109,79,-3480110,79,-3480111,79,-3480112,79,-3480113,79,-3480114,79,-3480115,79,-3480116,79,-3480117,79,-3480118,79,-3480119,79,-3480120,79,-3480121,79,-3480122,79,-3480123,79,-3480124,79,-3480125,79,-3480126,79,-3480127,79,-3480128,79,-3480129,79,-3480130,79,-3480131,79,-3480132,79,-3480133,79,-3480134,79,-3480135,79,-3480136,79,-3480137,79,-3480138,79,-3480139,79,-3480140,79,-3480141,79,-3480142,79,-3480143,79,-3480144,79,-3480145,79,-3480146,79,-3480147,79,-3480148,79,-3480149,79,-3480150,79,-3480151,79,-3480152,79,-3480153,79,-3480154,79,-3480155,79,-3480156,79,-3480157,79,-3480158,79,-3480159,79,-3480160,79,-3480161,79,-3480162,79,-3480163,79,-3480164,79,-3480165,79,-3480166,79,-3480167,79,-3480168,79,-3480169,79,-3480170,79,-3480171,79,-3480172,79,-3480173,79,-3480174,79,-3480175,79,-3480176,79,-3480177,79,-3480178,79,-3480179,79,-3480-180,78,-3480-179,78,-3480-178,78,-3480-177,78,-3480-176,78,-3480-175,78,-3480-174,78,-3480-173,78,-3480-172,78,-3480-171,78,-3480-170,78,-3480-169,78,-3480-168,78,-3480-167,78,-3480-166,78,-3480-165,78,-3480-164,78,-3480-163,78,-3480-162,78,-3480-161,78,-3480-160,78,-3480-159,78,-3480-158,78,-3480-157,78,-3480-156,78,-3480-155,78,-3480-154,78,-3480-153,78,-3480-152,78,-3480-151,78,-3480-150,78,-3480-149,78,-3480-148,78,-3480-147,78,-3480-146,78,-3480-145,78,-3480-144,78,-3480-143,78,-3480-142,78,-3480-141,78,-3480-140,78,-3480-139,78,-3480-138,78,-3480-137,78,-3480-136,78,-3480-135,78,-3480-134,78,-3480-133,78,-3480-132,78,-3480-131,78,-3480-130,78,-3480-129,78,-3480-128,78,-3480-127,78,-3480-126,78,-3480-125,78,-3480-124,78,-3480-123,78,-3480-122,78,-3480-121,78,-3480-120,78,-3480-119,78,-3480-118,78,-3480-117,78,-3480-116,78,-3480-115,78,-3480-114,78,-3480-113,78,-3480-112,78,-3480-111,78,-3480-110,78,-3480-109,78,-3480-108,78,-3480-107,78,-3480-106,78,-3480-105,78,-3480-104,78,-3480-103,78,-3480-102,78,-3480-101,78,-3480-100,78,-3480-99,78,-3480-98,78,-3480-97,78,-3480-96,78,-3480-95,78,-3480-94,78,-3480-93,78,-3480-92,78,-3480-91,78,-3480-90,78,-3480-89,78,-3480-88,78,-3480-87,78,-3480-86,78,-3480-85,78,-3480-84,78,-3480-83,78,-3480-82,78,-3480-81,78,-3480-80,78,-3480-79,78,-3480-78,78,-3480-77,78,-3480-76,78,-3480-75,78,-3480-74,78,-3480-73,78,-3480-72,78,-3480-71,78,-3480-70,78,-3480-69,78,-3480-68,78,-3480-67,78,-3480-66,78,-3480-65,78,-3480-64,78,-3480-63,78,-3480-62,78,-3480-61,78,-3480-60,78,-3480-59,78,-3480-58,78,-3480-57,78,-3480-56,78,-3480-55,78,-3480-54,78,-3480-53,78,-3480-52,78,-3480-51,78,-3480-50,78,-3480-49,78,-3480-48,78,-3480-47,78,-3480-46,78,-3480-45,78,-3480-44,78,-3480-43,78,-3480-42,78,-3480-41,78,-3480-40,78,-3480-39,78,-3480-38,78,-3480-37,78,-3480-36,78,-3480-35,78,-3480-34,78,-3480-33,78,-3480-32,78,-3480-31,78,-3480-30,78,-3480-29,78,-3480-28,78,-3480-27,78,-3480-26,78,-3480-25,78,-3480-24,78,-3480-23,78,-3480-22,78,-3480-21,78,-3480-20,78,-3480-19,78,-3480-18,78,-3480-17,78,-3480-16,78,-3480-15,78,-3480-14,78,-3480-13,78,-3480-12,78,-3480-11,78,-3480-10,78,-3480-9,78,-3480-8,78,-3480-7,78,-3480-6,78,-3480-5,78,-3480-4,78,-3480-3,78,-3480-2,78,-3480-1,78,-34800,78,-34801,78,-34802,78,-34803,78,-34804,78,-34805,78,-34806,78,-34807,78,-34808,78,-34809,78,-348010,78,-348011,78,-348012,78,-348013,78,-348014,78,-348015,78,-348016,78,-348017,78,-348018,78,-348019,78,-348020,78,-348021,78,-348022,78,-348023,78,-348024,78,-348025,78,-348026,78,-348027,78,-348028,78,-348029,78,-348030,78,-348031,78,-348032,78,-348033,78,-348034,78,-348035,78,-348036,78,-348037,78,-348038,78,-348039,78,-348040,78,-348041,78,-348042,78,-348043,78,-348044,78,-348045,78,-348046,78,-348047,78,-348048,78,-348049,78,-348050,78,-348051,78,-348052,78,-348053,78,-348054,78,-348055,78,-348056,78,-348057,78,-348058,78,-348059,78,-348060,78,-348061,78,-348062,78,-348063,78,-348064,78,-348065,78,-348066,78,-348067,78,-348068,78,-348069,78,-348070,78,-348071,78,-348072,78,-348073,78,-348074,78,-348075,78,-348076,78,-348077,78,-348078,78,-348079,78,-348080,78,-348081,78,-348082,78,-348083,78,-348084,78,-348085,78,-348086,78,-348087,78,-348088,78,-348089,78,-348090,78,-348091,78,-348092,78,-348093,78,-348094,78,-348095,78,-348096,78,-348097,78,-348098,78,-348099,78,-3480100,78,-3480101,78,-3480102,78,-3480103,78,-3480104,78,-3480105,78,-3480106,78,-3480107,78,-3480108,78,-3480109,78,-3480110,78,-3480111,78,-3480112,78,-3480113,78,-3480114,78,-3480115,78,-3480116,78,-3480117,78,-3480118,78,-3480119,78,-3480120,78,-3480121,78,-3480122,78,-3480123,78,-3480124,78,-3480125,78,-3480126,78,-3480127,78,-3480128,78,-3480129,78,-3480130,78,-3480131,78,-3480132,78,-3480133,78,-3480134,78,-3480135,78,-3480136,78,-3480137,78,-3480138,78,-3480139,78,-3480140,78,-3480141,78,-3480142,78,-3480143,78,-3480144,78,-3480145,78,-3480146,78,-3480147,78,-3480148,78,-3480149,78,-3480150,78,-3480151,78,-3480152,78,-3480153,78,-3480154,78,-3480155,78,-3480156,78,-3480157,78,-3480158,78,-3480159,78,-3480160,78,-3480161,78,-3480162,78,-3480163,78,-3480164,78,-3480165,78,-3480166,78,-3480167,78,-3480168,78,-3480169,78,-3480170,78,-3480171,78,-3480172,78,-3480173,78,-3480174,78,-3480175,78,-3480176,78,-3480177,78,-3480178,78,-3480179,78,-3480-180,77,-3480-179,77,-3480-178,77,-3480-177,77,-3480-176,77,-3480-175,77,-3480-174,77,-3480-173,77,-3480-172,77,-3480-171,77,-3480-170,77,-3480-169,77,-3480-168,77,-3480-167,77,-3480-166,77,-3480-165,77,-3480-164,77,-3480-163,77,-3480-162,77,-3480-161,77,-3480-160,77,-3480-159,77,-3480-158,77,-3480-157,77,-3480-156,77,-3480-155,77,-3480-154,77,-3480-153,77,-3480-152,77,-3480-151,77,-3480-150,77,-3480-149,77,-3480-148,77,-3480-147,77,-3480-146,77,-3480-145,77,-3480-144,77,-3480-143,77,-3480-142,77,-3480-141,77,-3480-140,77,-3480-139,77,-3480-138,77,-3480-137,77,-3480-136,77,-3480-135,77,-3480-134,77,-3480-133,77,-3480-132,77,-3480-131,77,-3480-130,77,-3480-129,77,-3480-128,77,-3480-127,77,-3480-126,77,-3480-125,77,-3480-124,77,-3480-123,77,-3480-122,77,-3480-121,77,-3480-120,77,-3480-119,77,-3480-118,77,-3480-117,77,-3480-116,77,-3480-115,77,-3480-114,77,-3480-113,77,-3480-112,77,-3480-111,77,-3480-110,77,-3480-109,77,-3480-108,77,-3480-107,77,-3480-106,77,-3480-105,77,-3480-104,77,-3480-103,77,-3480-102,77,-3480-101,77,-3480-100,77,-3480-99,77,-3480-98,77,-3480-97,77,-3480-96,77,-3480-95,77,-3480-94,77,-3480-93,77,-3480-92,77,-3480-91,77,-3480-90,77,-3480-89,77,-3480-88,77,-3480-87,77,-3480-86,77,-3480-85,77,-3480-84,77,-3480-83,77,-3480-82,77,-3480-81,77,-3480-80,77,-3480-79,77,-3480-78,77,-3480-77,77,-3480-76,77,-3480-75,77,-3480-74,77,-3480-73,77,-3480-72,77,-3480-71,77,-3480-70,77,-3480-69,77,-3480-68,77,-3480-67,77,-3480-66,77,-3480-65,77,-3480-64,77,-3480-63,77,-3480-62,77,-3480-61,77,-3480-60,77,-3480-59,77,-3480-58,77,-3480-57,77,-3480-56,77,-3480-55,77,-3480-54,77,-3480-53,77,-3480-52,77,-3480-51,77,-3480-50,77,-3480-49,77,-3480-48,77,-3480-47,77,-3480-46,77,-3480-45,77,-3480-44,77,-3480-43,77,-3480-42,77,-3480-41,77,-3480-40,77,-3480-39,77,-3480-38,77,-3480-37,77,-3480-36,77,-3480-35,77,-3480-34,77,-3480-33,77,-3480-32,77,-3480-31,77,-3480-30,77,-3480-29,77,-3480-28,77,-3480-27,77,-3480-26,77,-3480-25,77,-3480-24,77,-3480-23,77,-3480-22,77,-3480-21,77,-3480-20,77,-3480-19,77,-3480-18,77,-3480-17,77,-3480-16,77,-3480-15,77,-3480-14,77,-3480-13,77,-3480-12,77,-3480-11,77,-3480-10,77,-3480-9,77,-3480-8,77,-3480-7,77,-3480-6,77,-3480-5,77,-3480-4,77,-3480-3,77,-3480-2,77,-3480-1,77,-34800,77,-34801,77,-34802,77,-34803,77,-34804,77,-34805,77,-34806,77,-34807,77,-34808,77,-34809,77,-348010,77,-348011,77,-348012,77,-348013,77,-348014,77,-348015,77,-348016,77,-348017,77,-348018,77,-348019,77,-348020,77,-348021,77,-348022,77,-348023,77,-348024,77,-348025,77,-348026,77,-348027,77,-348028,77,-348029,77,-348030,77,-348031,77,-348032,77,-348033,77,-348034,77,-348035,77,-348036,77,-348037,77,-348038,77,-348039,77,-348040,77,-348041,77,-348042,77,-348043,77,-348044,77,-348045,77,-348046,77,-348047,77,-348048,77,-348049,77,-348050,77,-348051,77,-348052,77,-348053,77,-348054,77,-348055,77,-348056,77,-348057,77,-348058,77,-348059,77,-348060,77,-348061,77,-348062,77,-348063,77,-348064,77,-348065,77,-348066,77,-348067,77,-348068,77,-348069,77,-348070,77,-348071,77,-348072,77,-348073,77,-348074,77,-348075,77,-348076,77,-348077,77,-348078,77,-348079,77,-348080,77,-348081,77,-348082,77,-348083,77,-348084,77,-348085,77,-348086,77,-348087,77,-348088,77,-348089,77,-348090,77,-348091,77,-348092,77,-348093,77,-348094,77,-348095,77,-348096,77,-348097,77,-348098,77,-348099,77,-3480100,77,-3480101,77,-3480102,77,-3480103,77,-3480104,77,-3480105,77,-3480106,77,-3480107,77,-3480108,77,-3480109,77,-3480110,77,-3480111,77,-3480112,77,-3480113,77,-3480114,77,-3480115,77,-3480116,77,-3480117,77,-3480118,77,-3480119,77,-3480120,77,-3480121,77,-3480122,77,-3480123,77,-3480124,77,-3480125,77,-3480126,77,-3480127,77,-3480128,77,-3480129,77,-3480130,77,-3480131,77,-3480132,77,-3480133,77,-3480134,77,-3480135,77,-3480136,77,-3480137,77,-3480138,77,-3480139,77,-3480140,77,-3480141,77,-3480142,77,-3480143,77,-3480144,77,-3480145,77,-3480146,77,-3480147,77,-3480148,77,-3480149,77,-3480150,77,-3480151,77,-3480152,77,-3480153,77,-3480154,77,-3480155,77,-3480156,77,-3480157,77,-3480158,77,-3480159,77,-3480160,77,-3480161,77,-3480162,77,-3480163,77,-3480164,77,-3480165,77,-3480166,77,-3480167,77,-3480168,77,-3480169,77,-3480170,77,-3480171,77,-3480172,77,-3480173,77,-3480174,77,-3480175,77,-3480176,77,-3480177,77,-3480178,77,-3480179,77,-3480-180,76,-3480-179,76,-3480-178,76,-3480-177,76,-3480-176,76,-3480-175,76,-3480-174,76,-3480-173,76,-3480-172,76,-3480-171,76,-3480-170,76,-3480-169,76,-3480-168,76,-3480-167,76,-3480-166,76,-3480-165,76,-3480-164,76,-3480-163,76,-3480-162,76,-3480-161,76,-3480-160,76,-3480-159,76,-3480-158,76,-3480-157,76,-3480-156,76,-3480-155,76,-3480-154,76,-3480-153,76,-3480-152,76,-3480-151,76,-3480-150,76,-3480-149,76,-3480-148,76,-3480-147,76,-3480-146,76,-3480-145,76,-3480-144,76,-3480-143,76,-3480-142,76,-3480-141,76,-3480-140,76,-3480-139,76,-3480-138,76,-3480-137,76,-3480-136,76,-3480-135,76,-3480-134,76,-3480-133,76,-3480-132,76,-3480-131,76,-3480-130,76,-3480-129,76,-3480-128,76,-3480-127,76,-3480-126,76,-3480-125,76,-3480-124,76,-3480-123,76,-3480-122,76,-3480-121,76,-3480-120,76,-3480-119,76,-3480-118,76,-3480-117,76,-3480-116,76,-3480-115,76,-3480-114,76,-3480-113,76,-3480-112,76,-3480-111,76,-3480-110,76,-3480-109,76,-3480-108,76,-3480-107,76,-3480-106,76,-3480-105,76,-3480-104,76,-3480-103,76,-3480-102,76,-3480-101,76,-3480-100,76,-3480-99,76,-3480-98,76,-3480-97,76,-3480-96,76,-3480-95,76,-3480-94,76,-3480-93,76,-3480-92,76,-3480-91,76,-3480-90,76,-3480-89,76,-3480-88,76,-3480-87,76,-3480-86,76,-3480-85,76,-3480-84,76,-3480-83,76,-3480-82,76,-3480-81,76,-3480-80,76,-3480-79,76,-3480-78,76,-3480-77,76,-3480-76,76,-3480-75,76,-3480-74,76,-3480-73,76,-3480-72,76,-3480-71,76,-3480-70,76,-3480-69,76,-3480-68,76,-3480-67,76,-3480-66,76,-3480-65,76,-3480-64,76,-3480-63,76,-3480-62,76,-3480-61,76,-3480-60,76,-3480-59,76,-3480-58,76,-3480-57,76,-3480-56,76,-3480-55,76,-3480-54,76,-3480-53,76,-3480-52,76,-3480-51,76,-3480-50,76,-3480-49,76,-3480-48,76,-3480-47,76,-3480-46,76,-3480-45,76,-3480-44,76,-3480-43,76,-3480-42,76,-3480-41,76,-3480-40,76,-3480-39,76,-3480-38,76,-3480-37,76,-3480-36,76,-3480-35,76,-3480-34,76,-3480-33,76,-3480-32,76,-3480-31,76,-3480-30,76,-3480-29,76,-3480-28,76,-3480-27,76,-3480-26,76,-3480-25,76,-3480-24,76,-3480-23,76,-3480-22,76,-3480-21,76,-3480-20,76,-3480-19,76,-3480-18,76,-3480-17,76,-3480-16,76,-3480-15,76,-3480-14,76,-3480-13,76,-3480-12,76,-3480-11,76,-3480-10,76,-3480-9,76,-3480-8,76,-3480-7,76,-3480-6,76,-3480-5,76,-3480-4,76,-3480-3,76,-3480-2,76,-3480-1,76,-34800,76,-34801,76,-34802,76,-34803,76,-34804,76,-34805,76,-34806,76,-34807,76,-34808,76,-34809,76,-348010,76,-348011,76,-348012,76,-348013,76,-348014,76,-348015,76,-348016,76,-348017,76,-348018,76,-348019,76,-348020,76,-348021,76,-348022,76,-348023,76,-348024,76,-348025,76,-348026,76,-348027,76,-348028,76,-348029,76,-348030,76,-348031,76,-348032,76,-348033,76,-348034,76,-348035,76,-348036,76,-348037,76,-348038,76,-348039,76,-348040,76,-348041,76,-348042,76,-348043,76,-348044,76,-348045,76,-348046,76,-348047,76,-348048,76,-348049,76,-348050,76,-348051,76,-348052,76,-348053,76,-348054,76,-348055,76,-348056,76,-348057,76,-348058,76,-348059,76,-348060,76,-348061,76,-348062,76,-348063,76,-348064,76,-348065,76,-348066,76,-348067,76,-348068,76,-348069,76,-348070,76,-348071,76,-348072,76,-348073,76,-348074,76,-348075,76,-348076,76,-348077,76,-348078,76,-348079,76,-348080,76,-348081,76,-348082,76,-348083,76,-348084,76,-348085,76,-348086,76,-348087,76,-348088,76,-348089,76,-348090,76,-348091,76,-348092,76,-348093,76,-348094,76,-348095,76,-348096,76,-348097,76,-348098,76,-348099,76,-3480100,76,-3480101,76,-3480102,76,-3480103,76,-3480104,76,-3480105,76,-3480106,76,-3480107,76,-3480108,76,-3480109,76,-3480110,76,-3480111,76,-3480112,76,-3480113,76,-3480114,76,-3480115,76,-3480116,76,-3480117,76,-3480118,76,-3480119,76,-3480120,76,-3480121,76,-3480122,76,-3480123,76,-3480124,76,-3480125,76,-3480126,76,-3480127,76,-3480128,76,-3480129,76,-3480130,76,-3480131,76,-3480132,76,-3480133,76,-3480134,76,-3480135,76,-3480136,76,-3480137,76,-3480138,76,-3480139,76,-3480140,76,-3480141,76,-3480142,76,-3480143,76,-3480144,76,-3480145,76,-3480146,76,-3480147,76,-3480148,76,-3480149,76,-3480150,76,-3480151,76,-3480152,76,-3480153,76,-3480154,76,-3480155,76,-3480156,76,-3480157,76,-3480158,76,-3480159,76,-3480160,76,-3480161,76,-3480162,76,-3480163,76,-3480164,76,-3480165,76,-3480166,76,-3480167,76,-3480168,76,-3480169,76,-3480170,76,-3480171,76,-3480172,76,-3480173,76,-3480174,76,-3480175,76,-3480176,76,-3480177,76,-3480178,76,-3480179,76,-3480-180,75,-3480-179,75,-3480-178,75,-3480-177,75,-3480-176,75,-3480-175,75,-3480-174,75,-3480-173,75,-3480-172,75,-3480-171,75,-3480-170,75,-3480-169,75,-3480-168,75,-3480-167,75,-3480-166,75,-3480-165,75,-3480-164,75,-3480-163,75,-3480-162,75,-3480-161,75,-3480-160,75,-3480-159,75,-3480-158,75,-3480-157,75,-3480-156,75,-3480-155,75,-3480-154,75,-3480-153,75,-3480-152,75,-3480-151,75,-3480-150,75,-3480-149,75,-3480-148,75,-3480-147,75,-3480-146,75,-3480-145,75,-3480-144,75,-3480-143,75,-3480-142,75,-3480-141,75,-3480-140,75,-3480-139,75,-3480-138,75,-3480-137,75,-3480-136,75,-3480-135,75,-3480-134,75,-3480-133,75,-3480-132,75,-3480-131,75,-3480-130,75,-3480-129,75,-3480-128,75,-3480-127,75,-3480-126,75,-3480-125,75,-3480-124,75,-3480-123,75,-3480-122,75,-3480-121,75,-3480-120,75,-3480-119,75,-3480-118,75,-3480-117,75,-3480-116,75,-3480-115,75,-3480-114,75,-3480-113,75,-3480-112,75,-3480-111,75,-3480-110,75,-3480-109,75,-3480-108,75,-3480-107,75,-3480-106,75,-3480-105,75,-3480-104,75,-3480-103,75,-3480-102,75,-3480-101,75,-3480-100,75,-3480-99,75,-3480-98,75,-3480-97,75,-3480-96,75,-3480-95,75,-3480-94,75,-3480-93,75,-3480-92,75,-3480-91,75,-3480-90,75,-3480-89,75,-3480-88,75,-3480-87,75,-3480-86,75,-3480-85,75,-3480-84,75,-3480-83,75,-3480-82,75,-3480-81,75,-3480-80,75,-3480-79,75,-3480-78,75,-3480-77,75,-3480-76,75,-3480-75,75,-3480-74,75,-3480-73,75,-3480-72,75,-3480-71,75,-3480-70,75,-3480-69,75,-3480-68,75,-3480-67,75,-3480-66,75,-3480-65,75,-3480-64,75,-3480-63,75,-3480-62,75,-3480-61,75,-3480-60,75,-3480-59,75,-3480-58,75,-3480-57,75,-3480-56,75,-3480-55,75,-3480-54,75,-3480-53,75,-3480-52,75,-3480-51,75,-3480-50,75,-3480-49,75,-3480-48,75,-3480-47,75,-3480-46,75,-3480-45,75,-3480-44,75,-3480-43,75,-3480-42,75,-3480-41,75,-3480-40,75,-3480-39,75,-3480-38,75,-3480-37,75,-3480-36,75,-3480-35,75,-3480-34,75,-3480-33,75,-3480-32,75,-3480-31,75,-3480-30,75,-3480-29,75,-3480-28,75,-3480-27,75,-3480-26,75,-3480-25,75,-3480-24,75,-3480-23,75,-3480-22,75,-3480-21,75,-3480-20,75,-3480-19,75,-3480-18,75,-3480-17,75,-3480-16,75,-3480-15,75,-3480-14,75,-3480-13,75,-3480-12,75,-3480-11,75,-3480-10,75,-3480-9,75,-3480-8,75,-3480-7,75,-3480-6,75,-3480-5,75,-3480-4,75,-3480-3,75,-3480-2,75,-3480-1,75,-34800,75,-34801,75,-34802,75,-34803,75,-34804,75,-34805,75,-34806,75,-34807,75,-34808,75,-34809,75,-348010,75,-348011,75,-348012,75,-348013,75,-348014,75,-348015,75,-348016,75,-348017,75,-348018,75,-348019,75,-348020,75,-348021,75,-348022,75,-348023,75,-348024,75,-348025,75,-348026,75,-348027,75,-348028,75,-348029,75,-348030,75,-348031,75,-348032,75,-348033,75,-348034,75,-348035,75,-348036,75,-348037,75,-348038,75,-348039,75,-348040,75,-348041,75,-348042,75,-348043,75,-348044,75,-348045,75,-348046,75,-348047,75,-348048,75,-348049,75,-348050,75,-348051,75,-348052,75,-348053,75,-348054,75,-348055,75,-348056,75,-348057,75,-348058,75,-348059,75,-348060,75,-348061,75,-348062,75,-348063,75,-348064,75,-348065,75,-348066,75,-348067,75,-348068,75,-348069,75,-348070,75,-348071,75,-348072,75,-348073,75,-348074,75,-348075,75,-348076,75,-348077,75,-348078,75,-348079,75,-348080,75,-348081,75,-348082,75,-348083,75,-348084,75,-348085,75,-348086,75,-348087,75,-348088,75,-348089,75,-348090,75,-348091,75,-348092,75,-348093,75,-348094,75,-348095,75,-348096,75,-348097,75,-348098,75,-348099,75,-3480100,75,-3480101,75,-3480102,75,-3480103,75,-3480104,75,-3480105,75,-3480106,75,-3480107,75,-3480108,75,-3480109,75,-3480110,75,-3480111,75,-3480112,75,-3480113,75,-3480114,75,-3480115,75,-3480116,75,-3480117,75,-3480118,75,-3480119,75,-3480120,75,-3480121,75,-3480122,75,-3480123,75,-3480124,75,-3480125,75,-3480126,75,-3480127,75,-3480128,75,-3480129,75,-3480130,75,-3480131,75,-3480132,75,-3480133,75,-3480134,75,-3480135,75,-3480136,75,-3480137,75,-3480138,75,-3480139,75,-3480140,75,-3480141,75,-3480142,75,-3480143,75,-3480144,75,-3480145,75,-3480146,75,-3480147,75,-3480148,75,-3480149,75,-3480150,75,-3480151,75,-3480152,75,-3480153,75,-3480154,75,-3480155,75,-3480156,75,-3480157,75,-3480158,75,-3480159,75,-3480160,75,-3480161,75,-3480162,75,-3480163,75,-3480164,75,-3480165,75,-3480166,75,-3480167,75,-3480168,75,-3480169,75,-3480170,75,-3480171,75,-3480172,75,-3480173,75,-3480174,75,-3480175,75,-3480176,75,-3480177,75,-3480178,75,-3480179,75,-3480-180,74,-3480-179,74,-3480-178,74,-3480-177,74,-3480-176,74,-3480-175,74,-3480-174,74,-3480-173,74,-3480-172,74,-3480-171,74,-3480-170,74,-3480-169,74,-3480-168,74,-3480-167,74,-3480-166,74,-3480-165,74,-3480-164,74,-3480-163,74,-3480-162,74,-3480-161,74,-3480-160,74,-3480-159,74,-3480-158,74,-3480-157,74,-3480-156,74,-3480-155,74,-3480-154,74,-3480-153,74,-3480-152,74,-3480-151,74,-3480-150,74,-3480-149,74,-3480-148,74,-3480-147,74,-3480-146,74,-3480-145,74,-3480-144,74,-3480-143,74,-3480-142,74,-3480-141,74,-3480-140,74,-3480-139,74,-3480-138,74,-3480-137,74,-3480-136,74,-3480-135,74,-3480-134,74,-3480-133,74,-3480-132,74,-3480-131,74,-3480-130,74,-3480-129,74,-3480-128,74,-3480-127,74,-3480-126,74,-3480-125,74,-3480-124,74,-3480-123,74,-3480-122,74,-3480-121,74,-3480-120,74,-3480-119,74,-3480-118,74,-3480-117,74,-3480-116,74,-3480-115,74,-3480-114,74,-3480-113,74,-3480-112,74,-3480-111,74,-3480-110,74,-3480-109,74,-3480-108,74,-3480-107,74,-3480-106,74,-3480-105,74,-3480-104,74,-3480-103,74,-3480-102,74,-3480-101,74,-3480-100,74,-3480-99,74,-3480-98,74,-3480-97,74,-3480-96,74,-3480-95,74,-3480-94,74,-3480-93,74,-3480-92,74,-3480-91,74,-3480-90,74,-3480-89,74,-3480-88,74,-3480-87,74,-3480-86,74,-3480-85,74,-3480-84,74,-3480-83,74,-3480-82,74,-3480-81,74,-3480-80,74,-3480-79,74,-3480-78,74,-3480-77,74,-3480-76,74,-3480-75,74,-3480-74,74,-3480-73,74,-3480-72,74,-3480-71,74,-3480-70,74,-3480-69,74,-3480-68,74,-3480-67,74,-3480-66,74,-3480-65,74,-3480-64,74,-3480-63,74,-3480-62,74,-3480-61,74,-3480-60,74,-3480-59,74,-3480-58,74,-3480-57,74,-3480-56,74,-3480-55,74,-3480-54,74,-3480-53,74,-3480-52,74,-3480-51,74,-3480-50,74,-3480-49,74,-3480-48,74,-3480-47,74,-3480-46,74,-3480-45,74,-3480-44,74,-3480-43,74,-3480-42,74,-3480-41,74,-3480-40,74,-3480-39,74,-3480-38,74,-3480-37,74,-3480-36,74,-3480-35,74,-3480-34,74,-3480-33,74,-3480-32,74,-3480-31,74,-3480-30,74,-3480-29,74,-3480-28,74,-3480-27,74,-3480-26,74,-3480-25,74,-3480-24,74,-3480-23,74,-3480-22,74,-3480-21,74,-3480-20,74,-3480-19,74,-3480-18,74,-3480-17,74,-3480-16,74,-3480-15,74,-3480-14,74,-3480-13,74,-3480-12,74,-3480-11,74,-3480-10,74,-3480-9,74,-3480-8,74,-3480-7,74,-3480-6,74,-3480-5,74,-3480-4,74,-3480-3,74,-3480-2,74,-3480-1,74,-34800,74,-34801,74,-34802,74,-34803,74,-34804,74,-34805,74,-34806,74,-34807,74,-34808,74,-34809,74,-348010,74,-348011,74,-348012,74,-348013,74,-348014,74,-348015,74,-348016,74,-348017,74,-348018,74,-348019,74,-348020,74,-348021,74,-348022,74,-348023,74,-348024,74,-348025,74,-348026,74,-348027,74,-348028,74,-348029,74,-348030,74,-348031,74,-348032,74,-348033,74,-348034,74,-348035,74,-348036,74,-348037,74,-348038,74,-348039,74,-348040,74,-348041,74,-348042,74,-348043,74,-348044,74,-348045,74,-348046,74,-348047,74,-348048,74,-348049,74,-348050,74,-348051,74,-348052,74,-348053,74,-348054,74,-348055,74,-348056,74,-348057,74,-348058,74,-348059,74,-348060,74,-348061,74,-348062,74,-348063,74,-348064,74,-348065,74,-348066,74,-348067,74,-348068,74,-348069,74,-348070,74,-348071,74,-348072,74,-348073,74,-348074,74,-348075,74,-348076,74,-348077,74,-348078,74,-348079,74,-348080,74,-348081,74,-348082,74,-348083,74,-348084,74,-348085,74,-348086,74,-348087,74,-348088,74,-348089,74,-348090,74,-348091,74,-348092,74,-348093,74,-348094,74,-348095,74,-348096,74,-348097,74,-348098,74,-348099,74,-3480100,74,-3480101,74,-3480102,74,-3480103,74,-3480104,74,-3480105,74,-3480106,74,-3480107,74,-3480108,74,-3480109,74,-3480110,74,-3480111,74,-3480112,74,-3480113,74,-3480114,74,-3480115,74,-3480116,74,-3480117,74,-3480118,74,-3480119,74,-3480120,74,-3480121,74,-3480122,74,-3480123,74,-3480124,74,-3480125,74,-3480126,74,-3480127,74,-3480128,74,-3480129,74,-3480130,74,-3480131,74,-3480132,74,-3480133,74,-3480134,74,-3480135,74,-3480136,74,-3480137,74,-3480138,74,-3480139,74,-3480140,74,-3480141,74,-3480142,74,-3480143,74,-3480144,74,-3480145,74,-3480146,74,-3480147,74,-3480148,74,-3480149,74,-3480150,74,-3480151,74,-3480152,74,-3480153,74,-3480154,74,-3480155,74,-3480156,74,-3480157,74,-3480158,74,-3480159,74,-3480160,74,-3480161,74,-3480162,74,-3480163,74,-3480164,74,-3480165,74,-3480166,74,-3480167,74,-3480168,74,-3480169,74,-3480170,74,-3480171,74,-3480172,74,-3480173,74,-3480174,74,-3480175,74,-3480176,74,-3480177,74,-3480178,74,-3480179,74,-3480-180,73,-3480-179,73,-3480-178,73,-3480-177,73,-3480-176,73,-3480-175,73,-3480-174,73,-3480-173,73,-3480-172,73,-3480-171,73,-3480-170,73,-3480-169,73,-3480-168,73,-3480-167,73,-3480-166,73,-3480-165,73,-3480-164,73,-3480-163,73,-3480-162,73,-3480-161,73,-3480-160,73,-3480-159,73,-3480-158,73,-3480-157,73,-3480-156,73,-3480-155,73,-3480-154,73,-3480-153,73,-3480-152,73,-3480-151,73,-3480-150,73,-3480-149,73,-3480-148,73,-3480-147,73,-3480-146,73,-3480-145,73,-3480-144,73,-3480-143,73,-3480-142,73,-3480-141,73,-3480-140,73,-3480-139,73,-3480-138,73,-3480-137,73,-3480-136,73,-3480-135,73,-3480-134,73,-3480-133,73,-3480-132,73,-3480-131,73,-3480-130,73,-3480-129,73,-3480-128,73,-3480-127,73,-3480-126,73,-3480-125,73,-3480-124,73,-3480-123,73,-3480-122,73,-3480-121,73,-3480-120,73,-3480-119,73,-3480-118,73,-3480-117,73,-3480-116,73,-3480-115,73,-3480-114,73,-3480-113,73,-3480-112,73,-3480-111,73,-3480-110,73,-3480-109,73,-3480-108,73,-3480-107,73,-3480-106,73,-3480-105,73,-3480-104,73,-3480-103,73,-3480-102,73,-3480-101,73,-3480-100,73,-3480-99,73,-3480-98,73,-3480-97,73,-3480-96,73,-3480-95,73,-3480-94,73,-3480-93,73,-3480-92,73,-3480-91,73,-3480-90,73,-3480-89,73,-3480-88,73,-3480-87,73,-3480-86,73,-3480-85,73,-3480-84,73,-3480-83,73,-3480-82,73,-3480-81,73,-3480-80,73,-3480-79,73,-3480-78,73,-3480-77,73,-3480-76,73,-3480-75,73,-3480-74,73,-3480-73,73,-3480-72,73,-3480-71,73,-3480-70,73,-3480-69,73,-3480-68,73,-3480-67,73,-3480-66,73,-3480-65,73,-3480-64,73,-3480-63,73,-3480-62,73,-3480-61,73,-3480-60,73,-3480-59,73,-3480-58,73,-3480-57,73,-3480-56,73,-3480-55,73,-3480-54,73,-3480-53,73,-3480-52,73,-3480-51,73,-3480-50,73,-3480-49,73,-3480-48,73,-3480-47,73,-3480-46,73,-3480-45,73,-3480-44,73,-3480-43,73,-3480-42,73,-3480-41,73,-3480-40,73,-3480-39,73,-3480-38,73,-3480-37,73,-3480-36,73,-3480-35,73,-3480-34,73,-3480-33,73,-3480-32,73,-3480-31,73,-3480-30,73,-3480-29,73,-3480-28,73,-3480-27,73,-3480-26,73,-3480-25,73,-3480-24,73,-3480-23,73,-3480-22,73,-3480-21,73,-3480-20,73,-3480-19,73,-3480-18,73,-3480-17,73,-3480-16,73,-3480-15,73,-3480-14,73,-3480-13,73,-3480-12,73,-3480-11,73,-3480-10,73,-3480-9,73,-3480-8,73,-3480-7,73,-3480-6,73,-3480-5,73,-3480-4,73,-3480-3,73,-3480-2,73,-3480-1,73,-34800,73,-34801,73,-34802,73,-34803,73,-34804,73,-34805,73,-34806,73,-34807,73,-34808,73,-34809,73,-348010,73,-348011,73,-348012,73,-348013,73,-348014,73,-348015,73,-348016,73,-348017,73,-348018,73,-348019,73,-348020,73,-348021,73,-348022,73,-348023,73,-348024,73,-348025,73,-348026,73,-348027,73,-348028,73,-348029,73,-348030,73,-348031,73,-348032,73,-348033,73,-348034,73,-348035,73,-348036,73,-348037,73,-348038,73,-348039,73,-348040,73,-348041,73,-348042,73,-348043,73,-348044,73,-348045,73,-348046,73,-348047,73,-348048,73,-348049,73,-348050,73,-348051,73,-348052,73,-348053,73,-348054,73,-348055,73,-348056,73,-348057,73,-348058,73,-348059,73,-348060,73,-348061,73,-348062,73,-348063,73,-348064,73,-348065,73,-348066,73,-348067,73,-348068,73,-348069,73,-348070,73,-348071,73,-348072,73,-348073,73,-348074,73,-348075,73,-348076,73,-348077,73,-348078,73,-348079,73,-348080,73,-348081,73,-348082,73,-348083,73,-348084,73,-348085,73,-348086,73,-348087,73,-348088,73,-348089,73,-348090,73,-348091,73,-348092,73,-348093,73,-348094,73,-348095,73,-348096,73,-348097,73,-348098,73,-348099,73,-3480100,73,-3480101,73,-3480102,73,-3480103,73,-3480104,73,-3480105,73,-3480106,73,-3480107,73,-3480108,73,-3480109,73,-3480110,73,-3480111,73,-3480112,73,-3480113,73,-3480114,73,-3480115,73,-3480116,73,-3480117,73,-3480118,73,-3480119,73,-3480120,73,-3480121,73,-3480122,73,-3480123,73,-3480124,73,-3480125,73,-3480126,73,-3480127,73,-3480128,73,-3480129,73,-3480130,73,-3480131,73,-3480132,73,-3480133,73,-3480134,73,-3480135,73,-3480136,73,-3480137,73,-3480138,73,-3480139,73,-3480140,73,-3480141,73,-3480142,73,-3480143,73,-3480144,73,-3480145,73,-3480146,73,-3480147,73,-3480148,73,-3480149,73,-3480150,73,-3480151,73,-3480152,73,-3480153,73,-3480154,73,-3480155,73,-3480156,73,-3480157,73,-3480158,73,-3480159,73,-3480160,73,-3480161,73,-3480162,73,-3480163,73,-3480164,73,-3480165,73,-3480166,73,-3480167,73,-3480168,73,-3480169,73,-3480170,73,-3480171,73,-3480172,73,-3480173,73,-3480174,73,-3480175,73,-3480176,73,-3480177,73,-3480178,73,-3480179,73,-3480-180,72,-3480-179,72,-3480-178,72,-3480-177,72,-3480-176,72,-3480-175,72,-3480-174,72,-3480-173,72,-3480-172,72,-3480-171,72,-3480-170,72,-3480-169,72,-3480-168,72,-3480-167,72,-3480-166,72,-3480-165,72,-3480-164,72,-3480-163,72,-3480-162,72,-3480-161,72,-3480-160,72,-3480-159,72,-3480-158,72,-3480-157,72,-3480-156,72,-3480-155,72,-3480-154,72,-3480-153,72,-3480-152,72,-3480-151,72,-3480-150,72,-3480-149,72,-3480-148,72,-3480-147,72,-3480-146,72,-3480-145,72,-3480-144,72,-3480-143,72,-3480-142,72,-3480-141,72,-3480-140,72,-3480-139,72,-3480-138,72,-3480-137,72,-3480-136,72,-3480-135,72,-3480-134,72,-3480-133,72,-3480-132,72,-3480-131,72,-3480-130,72,-3480-129,72,-3480-128,72,-3480-127,72,-3480-126,72,-3480-125,72,-3480-124,72,-3480-123,72,-3480-122,72,-3480-121,72,-3480-120,72,-3480-119,72,-3480-118,72,-3480-117,72,-3480-116,72,-3480-115,72,-3480-114,72,-3480-113,72,-3480-112,72,-3480-111,72,-3480-110,72,-3480-109,72,-3480-108,72,-3480-107,72,-3480-106,72,-3480-105,72,-3480-104,72,-3480-103,72,-3480-102,72,-3480-101,72,-3480-100,72,-3480-99,72,-3480-98,72,-3480-97,72,-3480-96,72,-3480-95,72,-3480-94,72,-3480-93,72,-3480-92,72,-3480-91,72,-3480-90,72,-3480-89,72,-3480-88,72,-3480-87,72,-3480-86,72,-3480-85,72,-3480-84,72,-3480-83,72,-3480-82,72,-3480-81,72,-3480-80,72,-3480-79,72,-3480-78,72,-3480-77,72,-3480-76,72,-3480-75,72,-3480-74,72,-3480-73,72,-3480-72,72,-3480-71,72,-3480-70,72,-3480-69,72,-3480-68,72,-3480-67,72,-3480-66,72,-3480-65,72,-3480-64,72,-3480-63,72,-3480-62,72,-3480-61,72,-3480-60,72,-3480-59,72,-3480-58,72,-3480-57,72,-3480-56,72,-3480-55,72,-3480-54,72,-3480-53,72,-3480-52,72,-3480-51,72,-3480-50,72,-3480-49,72,-3480-48,72,-3480-47,72,-3480-46,72,-3480-45,72,-3480-44,72,-3480-43,72,-3480-42,72,-3480-41,72,-3480-40,72,-3480-39,72,-3480-38,72,-3480-37,72,-3480-36,72,-3480-35,72,-3480-34,72,-3480-33,72,-3480-32,72,-3480-31,72,-3480-30,72,-3480-29,72,-3480-28,72,-3480-27,72,-3480-26,72,-3480-25,72,-3480-24,72,-3480-23,72,-3480-22,72,-3480-21,72,-3480-20,72,-3480-19,72,-3480-18,72,-3480-17,72,-3480-16,72,-3480-15,72,-3480-14,72,-3480-13,72,-3480-12,72,-3480-11,72,-3480-10,72,-3480-9,72,-3480-8,72,-3480-7,72,-3480-6,72,-3480-5,72,-3480-4,72,-3480-3,72,-3480-2,72,-3480-1,72,-34800,72,-34801,72,-34802,72,-34803,72,-34804,72,-34805,72,-34806,72,-34807,72,-34808,72,-34809,72,-348010,72,-348011,72,-348012,72,-348013,72,-348014,72,-348015,72,-348016,72,-348017,72,-348018,72,-348019,72,-348020,72,-348021,72,-348022,72,-348023,72,-348024,72,-348025,72,-348026,72,-348027,72,-348028,72,-348029,72,-348030,72,-348031,72,-348032,72,-348033,72,-348034,72,-348035,72,-348036,72,-348037,72,-348038,72,-348039,72,-348040,72,-348041,72,-348042,72,-348043,72,-348044,72,-348045,72,-348046,72,-348047,72,-348048,72,-348049,72,-348050,72,-348051,72,-348052,72,-348053,72,-348054,72,-348055,72,-348056,72,-348057,72,-348058,72,-348059,72,-348060,72,-348061,72,-348062,72,-348063,72,-348064,72,-348065,72,-348066,72,-348067,72,-348068,72,-348069,72,-348070,72,-348071,72,-348072,72,-348073,72,-348074,72,-348075,72,-348076,72,-348077,72,-348078,72,-348079,72,-348080,72,-348081,72,-348082,72,-348083,72,-348084,72,-348085,72,-348086,72,-348087,72,-348088,72,-348089,72,-348090,72,-348091,72,-348092,72,-348093,72,-348094,72,-348095,72,-348096,72,-348097,72,-348098,72,-348099,72,-3480100,72,-3480101,72,-3480102,72,-3480103,72,-3480104,72,-3480105,72,-3480106,72,-3480107,72,-3480108,72,-3480109,72,-3480110,72,-3480111,72,-3480112,72,-3480113,72,-3480114,72,-3480115,72,-3480116,72,-3480117,72,-3480118,72,-3480119,72,-3480120,72,-3480121,72,-3480122,72,-3480123,72,-3480124,72,-3480125,72,-3480126,72,-3480127,72,-3480128,72,-3480129,72,-3480130,72,-3480131,72,-3480132,72,-3480133,72,-3480134,72,-3480135,72,-3480136,72,-3480137,72,-3480138,72,-3480139,72,-3480140,72,-3480141,72,-3480142,72,-3480143,72,-3480144,72,-3480145,72,-3480146,72,-3480147,72,-3480148,72,-3480149,72,-3480150,72,-3480151,72,-3480152,72,-3480153,72,-3480154,72,-3480155,72,-3480156,72,-3480157,72,-3480158,72,-3480159,72,-3480160,72,-3480161,72,-3480162,72,-3480163,72,-3480164,72,-3480165,72,-3480166,72,-3480167,72,-3480168,72,-3480169,72,-3480170,72,-3480171,72,-3480172,72,-3480173,72,-3480174,72,-3480175,72,-3480176,72,-3480177,72,-3480178,72,-3480179,72,-3480-180,71,-3480-179,71,-3480-178,71,-3480-177,71,-3480-176,71,-3480-175,71,-3480-174,71,-3480-173,71,-3480-172,71,-3480-171,71,-3480-170,71,-3480-169,71,-3480-168,71,-3480-167,71,-3480-166,71,-3480-165,71,-3480-164,71,-3480-163,71,-3480-162,71,-3480-161,71,-3480-160,71,-3480-159,71,-3480-158,71,-3480-157,71,-3480-156,71,-3480-155,71,-3480-154,71,-3480-153,71,-3480-152,71,-3480-151,71,-3480-150,71,-3480-149,71,-3480-148,71,-3480-147,71,-3480-146,71,-3480-145,71,-3480-144,71,-3480-143,71,-3480-142,71,-3480-141,71,-3480-140,71,-3480-139,71,-3480-138,71,-3480-137,71,-3480-136,71,-3480-135,71,-3480-134,71,-3480-133,71,-3480-132,71,-3480-131,71,-3480-130,71,-3480-129,71,-3480-128,71,-3480-127,71,-3480-126,71,-3480-125,71,-3480-124,71,-3480-123,71,-3480-122,71,-3480-121,71,-3480-120,71,-3480-119,71,-3480-118,71,-3480-117,71,-3480-116,71,-3480-115,71,-3480-114,71,-3480-113,71,-3480-112,71,-3480-111,71,-3480-110,71,-3480-109,71,-3480-108,71,-3480-107,71,-3480-106,71,-3480-105,71,-3480-104,71,-3480-103,71,-3480-102,71,-3480-101,71,-3480-100,71,-3480-99,71,-3480-98,71,-3480-97,71,-3480-96,71,-3480-95,71,-3480-94,71,-3480-93,71,-3480-92,71,-3480-91,71,-3480-90,71,-3480-89,71,-3480-88,71,-3480-87,71,-3480-86,71,-3480-85,71,-3480-84,71,-3480-83,71,-3480-82,71,-3480-81,71,-3480-80,71,-3480-79,71,-3480-78,71,-3480-77,71,-3480-76,71,-3480-75,71,-3480-74,71,-3480-73,71,-3480-72,71,-3480-71,71,-3480-70,71,-3480-69,71,-3480-68,71,-3480-67,71,-3480-66,71,-3480-65,71,-3480-64,71,-3480-63,71,-3480-62,71,-3480-61,71,-3480-60,71,-3480-59,71,-3480-58,71,-3480-57,71,-3480-56,71,-3480-55,71,-3480-54,71,-3480-53,71,-3480-52,71,-3480-51,71,-3480-50,71,-3480-49,71,-3480-48,71,-3480-47,71,-3480-46,71,-3480-45,71,-3480-44,71,-3480-43,71,-3480-42,71,-3480-41,71,-3480-40,71,-3480-39,71,-3480-38,71,-3480-37,71,-3480-36,71,-3480-35,71,-3480-34,71,-3480-33,71,-3480-32,71,-3480-31,71,-3480-30,71,-3480-29,71,-3480-28,71,-3480-27,71,-3480-26,71,-3480-25,71,-3480-24,71,-3480-23,71,-3480-22,71,-3480-21,71,-3480-20,71,-3480-19,71,-3480-18,71,-3480-17,71,-3480-16,71,-3480-15,71,-3480-14,71,-3480-13,71,-3480-12,71,-3480-11,71,-3480-10,71,-3480-9,71,-3480-8,71,-3480-7,71,-3480-6,71,-3480-5,71,-3480-4,71,-3480-3,71,-3480-2,71,-3480-1,71,-34800,71,-34801,71,-34802,71,-34803,71,-34804,71,-34805,71,-34806,71,-34807,71,-34808,71,-34809,71,-348010,71,-348011,71,-348012,71,-348013,71,-348014,71,-348015,71,-348016,71,-348017,71,-348018,71,-348019,71,-348020,71,-348021,71,-348022,71,-348023,71,-348024,71,-348025,71,-348026,71,-348027,71,-348028,71,-348029,71,-348030,71,-348031,71,-348032,71,-348033,71,-348034,71,-348035,71,-352036,71,-348037,71,-348038,71,-348039,71,-348040,71,-348041,71,-348042,71,-348043,71,-348044,71,-348045,71,-344046,71,-344047,71,-348048,71,-348049,71,-348050,71,-348051,71,-348052,71,-348053,71,-348054,71,-352055,71,-348056,71,-348057,71,-348058,71,-348059,71,-348060,71,-348061,71,-348062,71,-348063,71,-348064,71,-348065,71,-348066,71,-348067,71,-348068,71,-348069,71,-348070,71,-348071,71,-348072,71,-348073,71,-348074,71,-348075,71,-348076,71,-348077,71,-348078,71,-348079,71,-348080,71,-348081,71,-348082,71,-348083,71,-348084,71,-348085,71,-348086,71,-348087,71,-348088,71,-348089,71,-348090,71,-348091,71,-348092,71,-348093,71,-348094,71,-348095,71,-348096,71,-348097,71,-348098,71,-348099,71,-3480100,71,-3480101,71,-3480102,71,-3480103,71,-3480104,71,-3480105,71,-3480106,71,-3480107,71,-3480108,71,-3480109,71,-3480110,71,-3480111,71,-3480112,71,-3480113,71,-3480114,71,-3480115,71,-3480116,71,-3480117,71,-3480118,71,-3480119,71,-3480120,71,-3480121,71,-3480122,71,-3480123,71,-3480124,71,-3480125,71,-3480126,71,-3480127,71,-3480128,71,-3480129,71,-3480130,71,-3480131,71,-3480132,71,-3480133,71,-3480134,71,-3480135,71,-3480136,71,-3480137,71,-3480138,71,-3480139,71,-3480140,71,-3480141,71,-3480142,71,-3480143,71,-3480144,71,-3480145,71,-3480146,71,-3480147,71,-3480148,71,-3480149,71,-3480150,71,-3480151,71,-3480152,71,-3480153,71,-3480154,71,-3480155,71,-3480156,71,-3480157,71,-3480158,71,-3480159,71,-3480160,71,-3480161,71,-3480162,71,-3480163,71,-3480164,71,-3480165,71,-3480166,71,-3480167,71,-3480168,71,-3480169,71,-3480170,71,-3480171,71,-3480172,71,-3480173,71,-3480174,71,-3480175,71,-3480176,71,-3480177,71,-3480178,71,-3480179,71,-3480-180,70,-3480-179,70,-3480-178,70,-3480-177,70,-3480-176,70,-3480-175,70,-3480-174,70,-3480-173,70,-3480-172,70,-3480-171,70,-3480-170,70,-3480-169,70,-3480-168,70,-3480-167,70,-3480-166,70,-3480-165,70,-3480-164,70,-3480-163,70,-3480-162,70,-3480-161,70,-3480-160,70,-3480-159,70,-3480-158,70,-3480-157,70,-3480-156,70,-3480-155,70,-3480-154,70,-3480-153,70,-3480-152,70,-3480-151,70,-3480-150,70,-3480-149,70,-3480-148,70,-3480-147,70,-3480-146,70,-3480-145,70,-3480-144,70,-3480-143,70,-3480-142,70,-3480-141,70,-3480-140,70,-3480-139,70,-3480-138,70,-3480-137,70,-3480-136,70,-3480-135,70,-3480-134,70,-3480-133,70,-3480-132,70,-3480-131,70,-3480-130,70,-3480-129,70,-3480-128,70,-3480-127,70,-3480-126,70,-3480-125,70,-3480-124,70,-3480-123,70,-3480-122,70,-3480-121,70,-3480-120,70,-3480-119,70,-3480-118,70,-3480-117,70,-3480-116,70,-3480-115,70,-3480-114,70,-3480-113,70,-3480-112,70,-3480-111,70,-3480-110,70,-3480-109,70,-3480-108,70,-3480-107,70,-3480-106,70,-3480-105,70,-3480-104,70,-3480-103,70,-3480-102,70,-3480-101,70,-3480-100,70,-3480-99,70,-3480-98,70,-3480-97,70,-3480-96,70,-3480-95,70,-3480-94,70,-3480-93,70,-3480-92,70,-3480-91,70,-3480-90,70,-3480-89,70,-3480-88,70,-3480-87,70,-3480-86,70,-3480-85,70,-3480-84,70,-3480-83,70,-3480-82,70,-3480-81,70,-3480-80,70,-3480-79,70,-3480-78,70,-3480-77,70,-3480-76,70,-3480-75,70,-3480-74,70,-3480-73,70,-3480-72,70,-3480-71,70,-3480-70,70,-3480-69,70,-3480-68,70,-3480-67,70,-3480-66,70,-3480-65,70,-3480-64,70,-3480-63,70,-3480-62,70,-3480-61,70,-3480-60,70,-3480-59,70,-3480-58,70,-3480-57,70,-3480-56,70,-3480-55,70,-3480-54,70,-3480-53,70,-3480-52,70,-3480-51,70,-3480-50,70,-3480-49,70,-3480-48,70,-3480-47,70,-3480-46,70,-3480-45,70,-3480-44,70,-3480-43,70,-3480-42,70,-3480-41,70,-3480-40,70,-3480-39,70,-3480-38,70,-3480-37,70,-3480-36,70,-3480-35,70,-3480-34,70,-3480-33,70,-3480-32,70,-3480-31,70,-3480-30,70,-3480-29,70,-3480-28,70,-3480-27,70,-3480-26,70,-3480-25,70,-3480-24,70,-3480-23,70,-3480-22,70,-3480-21,70,-3480-20,70,-3480-19,70,-3480-18,70,-3480-17,70,-3480-16,70,-3480-15,70,-3480-14,70,-3480-13,70,-3480-12,70,-3480-11,70,-3480-10,70,-3480-9,70,-3480-8,70,-3480-7,70,-3480-6,70,-3480-5,70,-3480-4,70,-3480-3,70,-3480-2,70,-3480-1,70,-34800,70,-34001,70,-34002,70,-33603,70,-31604,70,-30405,70,-30406,70,-31607,70,-31608,70,-33609,70,-336010,70,-340011,70,-340012,70,-344013,70,-344014,70,-344015,70,-348016,70,-348017,70,-348018,70,-348019,70,-348020,70,-348021,70,-348022,70,-348023,70,-348024,70,-348025,70,-348026,70,-348027,70,-348028,70,-348029,70,-348030,70,-348031,70,-348032,70,-348033,70,-348034,70,-348035,70,-352036,70,-340037,70,-332038,70,-328039,70,-332040,70,-332041,70,-324042,70,-328043,70,-324044,70,-308045,70,-300046,70,-292047,70,-300048,70,-316049,70,-324050,70,-328051,70,-336052,70,-340053,70,-340054,70,-344055,70,-344056,70,-348057,70,-348058,70,-348059,70,-348060,70,-348061,70,-348062,70,-348063,70,-348064,70,-348065,70,-348066,70,-348067,70,-348068,70,-348069,70,-348070,70,-348071,70,-348072,70,-348073,70,-348074,70,-348075,70,-348076,70,-348077,70,-348078,70,-348079,70,-348080,70,-348081,70,-348082,70,-348083,70,-348084,70,-348085,70,-348086,70,-348087,70,-348088,70,-348089,70,-348090,70,-348091,70,-348092,70,-348093,70,-348094,70,-348095,70,-348096,70,-348097,70,-348098,70,-348099,70,-3480100,70,-3480101,70,-3480102,70,-3480103,70,-3480104,70,-3480105,70,-3480106,70,-3480107,70,-3480108,70,-3480109,70,-3480110,70,-3480111,70,-3480112,70,-3480113,70,-3480114,70,-3480115,70,-3480116,70,-3480117,70,-3480118,70,-3480119,70,-3480120,70,-3480121,70,-3480122,70,-3480123,70,-3480124,70,-3480125,70,-3480126,70,-3480127,70,-3480128,70,-3480129,70,-3480130,70,-3480131,70,-3480132,70,-3480133,70,-3480134,70,-3480135,70,-3480136,70,-3480137,70,-3480138,70,-3480139,70,-3480140,70,-3480141,70,-3480142,70,-3480143,70,-3480144,70,-3480145,70,-3480146,70,-3480147,70,-3480148,70,-3480149,70,-3480150,70,-3480151,70,-3480152,70,-3480153,70,-3480154,70,-3480155,70,-3480156,70,-3480157,70,-3480158,70,-3480159,70,-3480160,70,-3480161,70,-3480162,70,-3480163,70,-3480164,70,-3480165,70,-3480166,70,-3480167,70,-3480168,70,-3480169,70,-3480170,70,-3480171,70,-3480172,70,-3480173,70,-3480174,70,-3480175,70,-3480176,70,-3480177,70,-3480178,70,-3480179,70,-3480-180,69,-3480-179,69,-3480-178,69,-3480-177,69,-3480-176,69,-3480-175,69,-3480-174,69,-3480-173,69,-3480-172,69,-3480-171,69,-3480-170,69,-3480-169,69,-3480-168,69,-3480-167,69,-3480-166,69,-3480-165,69,-3480-164,69,-3480-163,69,-3480-162,69,-3480-161,69,-3480-160,69,-3480-159,69,-3480-158,69,-3480-157,69,-3480-156,69,-3480-155,69,-3480-154,69,-3480-153,69,-3480-152,69,-3480-151,69,-3480-150,69,-3480-149,69,-3480-148,69,-3480-147,69,-3480-146,69,-3480-145,69,-3480-144,69,-3480-143,69,-3480-142,69,-3480-141,69,-3480-140,69,-3480-139,69,-3480-138,69,-3480-137,69,-3480-136,69,-3480-135,69,-3480-134,69,-3480-133,69,-3480-132,69,-3480-131,69,-3480-130,69,-3480-129,69,-3480-128,69,-3480-127,69,-3480-126,69,-3480-125,69,-3480-124,69,-3480-123,69,-3480-122,69,-3480-121,69,-3480-120,69,-3480-119,69,-3480-118,69,-3480-117,69,-3480-116,69,-3480-115,69,-3480-114,69,-3480-113,69,-3480-112,69,-3480-111,69,-3480-110,69,-3480-109,69,-3480-108,69,-3480-107,69,-3480-106,69,-3480-105,69,-3480-104,69,-3480-103,69,-3480-102,69,-3480-101,69,-3480-100,69,-3480-99,69,-3480-98,69,-3480-97,69,-3480-96,69,-3480-95,69,-3480-94,69,-3480-93,69,-3480-92,69,-3480-91,69,-3480-90,69,-3480-89,69,-3480-88,69,-3480-87,69,-3480-86,69,-3480-85,69,-3480-84,69,-3480-83,69,-3480-82,69,-3480-81,69,-3480-80,69,-3480-79,69,-3480-78,69,-3480-77,69,-3480-76,69,-3480-75,69,-3480-74,69,-3480-73,69,-3480-72,69,-3480-71,69,-3480-70,69,-3480-69,69,-3480-68,69,-3480-67,69,-3480-66,69,-3480-65,69,-3480-64,69,-3480-63,69,-3480-62,69,-3480-61,69,-3480-60,69,-3480-59,69,-3480-58,69,-3480-57,69,-3480-56,69,-3480-55,69,-3480-54,69,-3480-53,69,-3480-52,69,-3480-51,69,-3480-50,69,-3480-49,69,-3480-48,69,-3480-47,69,-3480-46,69,-3480-45,69,-3480-44,69,-3480-43,69,-3480-42,69,-3480-41,69,-3480-40,69,-3480-39,69,-3480-38,69,-3480-37,69,-3480-36,69,-3480-35,69,-3480-34,69,-3480-33,69,-3480-32,69,-3480-31,69,-3480-30,69,-3480-29,69,-3480-28,69,-3480-27,69,-3480-26,69,-3480-25,69,-3480-24,69,-3480-23,69,-3480-22,69,-3480-21,69,-3480-20,69,-3480-19,69,-3480-18,69,-3480-17,69,-3480-16,69,-3480-15,69,-3480-14,69,-3480-13,69,-3480-12,69,-3480-11,69,-3480-10,69,-3480-9,69,-3480-8,69,-3480-7,69,-3480-6,69,-3480-5,69,-3480-4,69,-3480-3,69,-3480-2,69,-3480-1,69,-33600,69,-31601,69,-29202,69,-27603,69,-26004,69,-23605,69,-22406,69,-22407,69,-23208,69,-24809,69,-244010,69,-240011,69,-256012,69,-272013,69,-288014,69,-308015,69,-320016,69,-328017,69,-340018,69,-344019,69,-348020,69,-348021,69,-348022,69,-348023,69,-344024,69,-340025,69,-328026,69,-324027,69,-324028,69,-324029,69,-336030,69,-332031,69,-328032,69,-328033,69,-324034,69,-316035,69,-288036,69,-272037,69,-252038,69,-240039,69,-240040,69,-252041,69,-252042,69,-240043,69,-236044,69,-220045,69,-200046,69,-188047,69,-200048,69,-228049,69,-232050,69,-228051,69,-236052,69,-256053,69,-256054,69,-264055,69,-280056,69,-300057,69,-324058,69,-340059,69,-340060,69,-348061,69,-348062,69,-348063,69,-348064,69,-348065,69,-348066,69,-348067,69,-348068,69,-348069,69,-348070,69,-348071,69,-348072,69,-348073,69,-348074,69,-348075,69,-348076,69,-348077,69,-348078,69,-348079,69,-348080,69,-348081,69,-348082,69,-348083,69,-348084,69,-348085,69,-348086,69,-348087,69,-348088,69,-348089,69,-348090,69,-348091,69,-348092,69,-348093,69,-348094,69,-348095,69,-348096,69,-348097,69,-348098,69,-348099,69,-3480100,69,-3480101,69,-3480102,69,-3480103,69,-3480104,69,-3480105,69,-3480106,69,-3480107,69,-3480108,69,-3480109,69,-3480110,69,-3480111,69,-3480112,69,-3480113,69,-3480114,69,-3480115,69,-3480116,69,-3480117,69,-3480118,69,-3480119,69,-3480120,69,-3480121,69,-3480122,69,-3480123,69,-3480124,69,-3480125,69,-3480126,69,-3480127,69,-3480128,69,-3480129,69,-3480130,69,-3480131,69,-3480132,69,-3480133,69,-3480134,69,-3480135,69,-3480136,69,-3480137,69,-3480138,69,-3480139,69,-3480140,69,-3480141,69,-3480142,69,-3480143,69,-3480144,69,-3480145,69,-3480146,69,-3480147,69,-3480148,69,-3480149,69,-3480150,69,-3480151,69,-3480152,69,-3480153,69,-3480154,69,-3480155,69,-3480156,69,-3480157,69,-3480158,69,-3480159,69,-3480160,69,-3480161,69,-3480162,69,-3480163,69,-3480164,69,-3480165,69,-3480166,69,-3480167,69,-3480168,69,-3480169,69,-3480170,69,-3480171,69,-3480172,69,-3480173,69,-3480174,69,-3480175,69,-3480176,69,-3480177,69,-3480178,69,-3480179,69,-3480-180,68,-3480-179,68,-3480-178,68,-3480-177,68,-3480-176,68,-3480-175,68,-3480-174,68,-3480-173,68,-3480-172,68,-3480-171,68,-3480-170,68,-3480-169,68,-3480-168,68,-3480-167,68,-3480-166,68,-3480-165,68,-3480-164,68,-3480-163,68,-3480-162,68,-3480-161,68,-3480-160,68,-3480-159,68,-3480-158,68,-3480-157,68,-3480-156,68,-3480-155,68,-3480-154,68,-3480-153,68,-3480-152,68,-3480-151,68,-3480-150,68,-3480-149,68,-3480-148,68,-3480-147,68,-3480-146,68,-3480-145,68,-3480-144,68,-3480-143,68,-3480-142,68,-3480-141,68,-3480-140,68,-3480-139,68,-3480-138,68,-3480-137,68,-3480-136,68,-3480-135,68,-3480-134,68,-3480-133,68,-3480-132,68,-3480-131,68,-3480-130,68,-3480-129,68,-3480-128,68,-3480-127,68,-3480-126,68,-3480-125,68,-3480-124,68,-3480-123,68,-3480-122,68,-3480-121,68,-3480-120,68,-3480-119,68,-3480-118,68,-3480-117,68,-3480-116,68,-3480-115,68,-3480-114,68,-3480-113,68,-3480-112,68,-3480-111,68,-3480-110,68,-3480-109,68,-3480-108,68,-3480-107,68,-3480-106,68,-3480-105,68,-3480-104,68,-3480-103,68,-3480-102,68,-3480-101,68,-3480-100,68,-3480-99,68,-3480-98,68,-3480-97,68,-3480-96,68,-3480-95,68,-3480-94,68,-3480-93,68,-3480-92,68,-3480-91,68,-3480-90,68,-3480-89,68,-3480-88,68,-3480-87,68,-3480-86,68,-3480-85,68,-3480-84,68,-3480-83,68,-3480-82,68,-3480-81,68,-3480-80,68,-3480-79,68,-3480-78,68,-3480-77,68,-3480-76,68,-3480-75,68,-3480-74,68,-3480-73,68,-3480-72,68,-3480-71,68,-3480-70,68,-3480-69,68,-3480-68,68,-3480-67,68,-3480-66,68,-3480-65,68,-3480-64,68,-3480-63,68,-3480-62,68,-3480-61,68,-3480-60,68,-3480-59,68,-3480-58,68,-3480-57,68,-3480-56,68,-3480-55,68,-3480-54,68,-3480-53,68,-3480-52,68,-3480-51,68,-3480-50,68,-3480-49,68,-3480-48,68,-3480-47,68,-3480-46,68,-3480-45,68,-3480-44,68,-3480-43,68,-3480-42,68,-3480-41,68,-3480-40,68,-3480-39,68,-3480-38,68,-3480-37,68,-3480-36,68,-3480-35,68,-3480-34,68,-3480-33,68,-3480-32,68,-3480-31,68,-3480-30,68,-3480-29,68,-3480-28,68,-3480-27,68,-3480-26,68,-3480-25,68,-3480-24,68,-3480-23,68,-3480-22,68,-3480-21,68,-3480-20,68,-3480-19,68,-3480-18,68,-3480-17,68,-3480-16,68,-3480-15,68,-3480-14,68,-3480-13,68,-3480-12,68,-3480-11,68,-3480-10,68,-3480-9,68,-3480-8,68,-3480-7,68,-3480-6,68,-3480-5,68,-3480-4,68,-3480-3,68,-3480-2,68,-3280-1,68,-29600,68,-24001,68,-18802,68,-16003,68,-14404,68,-12405,68,-12006,68,-10407,68,-9208,68,-8409,68,-80010,68,-76011,68,-72012,68,-80013,68,-92014,68,-120015,68,-152016,68,-160017,68,-188018,68,-204019,68,-228020,68,-244021,68,-256022,68,-244023,68,-216024,68,-196025,68,-168026,68,-160027,68,-180028,68,-192029,68,-208030,68,-204031,68,-184032,68,-184033,68,-180034,68,-156035,68,-128036,68,-112037,68,-92038,68,-76039,68,-72040,68,-64041,68,-60042,68,-52043,68,-52044,68,-52045,68,-52046,68,-48047,68,-52048,68,-60049,68,-52050,68,-52051,68,-56052,68,-60053,68,-64054,68,-64055,68,-76056,68,-124057,68,-160058,68,-188059,68,-224060,68,-284061,68,-328062,68,-348063,68,-348064,68,-348065,68,-348066,68,-348067,68,-348068,68,-352069,68,-348070,68,-348071,68,-348072,68,-348073,68,-348074,68,-348075,68,-348076,68,-348077,68,-348078,68,-348079,68,-348080,68,-348081,68,-348082,68,-348083,68,-348084,68,-348085,68,-348086,68,-348087,68,-348088,68,-348089,68,-348090,68,-348091,68,-348092,68,-348093,68,-348094,68,-348095,68,-348096,68,-348097,68,-348098,68,-348099,68,-3480100,68,-3480101,68,-3480102,68,-3480103,68,-3480104,68,-3480105,68,-3480106,68,-3480107,68,-3480108,68,-3480109,68,-3480110,68,-3480111,68,-3480112,68,-3480113,68,-3480114,68,-3480115,68,-3480116,68,-3480117,68,-3480118,68,-3480119,68,-3480120,68,-3480121,68,-3480122,68,-3480123,68,-3480124,68,-3480125,68,-3480126,68,-3480127,68,-3480128,68,-3480129,68,-3480130,68,-3480131,68,-3480132,68,-3480133,68,-3480134,68,-3480135,68,-3480136,68,-3480137,68,-3480138,68,-3480139,68,-3480140,68,-3480141,68,-3480142,68,-3480143,68,-3480144,68,-3480145,68,-3480146,68,-3480147,68,-3480148,68,-3480149,68,-3480150,68,-3480151,68,-3480152,68,-3480153,68,-3480154,68,-3480155,68,-3480156,68,-3480157,68,-3480158,68,-3480159,68,-3480160,68,-3480161,68,-3480162,68,-3480163,68,-3480164,68,-3480165,68,-3480166,68,-3480167,68,-3480168,68,-3480169,68,-3480170,68,-3480171,68,-3480172,68,-3480173,68,-3480174,68,-3480175,68,-3480176,68,-3480177,68,-3480178,68,-3480179,68,-3480-180,67,-3480-179,67,-3480-178,67,-3480-177,67,-3480-176,67,-3480-175,67,-3480-174,67,-3480-173,67,-3480-172,67,-3480-171,67,-3480-170,67,-3480-169,67,-3480-168,67,-3480-167,67,-3480-166,67,-3480-165,67,-3480-164,67,-3480-163,67,-3480-162,67,-3480-161,67,-3480-160,67,-3480-159,67,-3480-158,67,-3480-157,67,-3480-156,67,-3480-155,67,-3480-154,67,-3480-153,67,-3480-152,67,-3480-151,67,-3480-150,67,-3480-149,67,-3480-148,67,-3480-147,67,-3480-146,67,-3480-145,67,-3480-144,67,-3480-143,67,-3480-142,67,-3480-141,67,-3480-140,67,-3480-139,67,-3480-138,67,-3480-137,67,-3480-136,67,-3480-135,67,-3480-134,67,-3480-133,67,-3480-132,67,-3480-131,67,-3480-130,67,-3480-129,67,-3480-128,67,-3480-127,67,-3480-126,67,-3480-125,67,-3480-124,67,-3480-123,67,-3480-122,67,-3480-121,67,-3480-120,67,-3480-119,67,-3480-118,67,-3480-117,67,-3480-116,67,-3480-115,67,-3480-114,67,-3480-113,67,-3480-112,67,-3480-111,67,-3480-110,67,-3480-109,67,-3480-108,67,-3480-107,67,-3480-106,67,-3480-105,67,-3480-104,67,-3480-103,67,-3480-102,67,-3480-101,67,-3480-100,67,-3480-99,67,-3480-98,67,-3480-97,67,-3480-96,67,-3480-95,67,-3480-94,67,-3480-93,67,-3480-92,67,-3480-91,67,-3480-90,67,-3480-89,67,-3480-88,67,-3480-87,67,-3480-86,67,-3480-85,67,-3480-84,67,-3480-83,67,-3480-82,67,-3480-81,67,-3480-80,67,-3480-79,67,-3480-78,67,-3480-77,67,-3480-76,67,-3480-75,67,-3480-74,67,-3480-73,67,-3480-72,67,-3480-71,67,-3480-70,67,-3480-69,67,-3480-68,67,-3480-67,67,-3480-66,67,-3480-65,67,-3480-64,67,-3480-63,67,-3480-62,67,-3480-61,67,-3480-60,67,-3480-59,67,-3480-58,67,-3480-57,67,-3480-56,67,-3480-55,67,-3480-54,67,-3480-53,67,-3480-52,67,-3480-51,67,-3480-50,67,-3480-49,67,-3480-48,67,-3480-47,67,-3480-46,67,-3480-45,67,-3480-44,67,-3480-43,67,-3480-42,67,-3480-41,67,-3480-40,67,-3480-39,67,-3480-38,67,-3480-37,67,-3480-36,67,-3480-35,67,-3480-34,67,-3480-33,67,-3480-32,67,-3480-31,67,-3480-30,67,-3480-29,67,-3480-28,67,-3480-27,67,-3480-26,67,-3480-25,67,-3480-24,67,-3480-23,67,-3480-22,67,-3480-21,67,-3480-20,67,-3480-19,67,-3480-18,67,-3480-17,67,-3480-16,67,-3480-15,67,-3480-14,67,-3480-13,67,-3480-12,67,-3480-11,67,-3480-10,67,-3480-9,67,-3480-8,67,-3480-7,67,-3480-6,67,-3480-5,67,-3480-4,67,-3480-3,67,-3280-2,67,-2520-1,67,-18800,67,-12401,67,-7202,67,-6803,67,-6004,67,-6405,67,-5606,67,-6007,67,-5208,67,-4809,67,-40010,67,-36011,67,-36012,67,-32013,67,-44014,67,-44015,67,-48016,67,-56017,67,-64018,67,-64019,67,-76020,67,-88021,67,-104022,67,-88023,67,-64024,67,-52025,67,-48026,67,-52027,67,-68028,67,-60029,67,-48030,67,-48031,67,-44032,67,-48033,67,-48034,67,-48035,67,-44036,67,-44037,67,-48038,67,-48039,67,-36040,67,-20041,67,-12042,67,-12043,67,-8044,67,-12045,67,-20046,67,-20047,67,-20048,67,-20049,67,-24050,67,-24051,67,-28052,67,-24053,67,-24054,67,-28055,67,-28056,67,-44057,67,-60058,67,-80059,67,-112060,67,-152061,67,-224062,67,-288063,67,-348064,67,-348065,67,-348066,67,-348067,67,-348068,67,-348069,67,-348070,67,-348071,67,-348072,67,-348073,67,-348074,67,-348075,67,-348076,67,-348077,67,-348078,67,-348079,67,-348080,67,-348081,67,-348082,67,-348083,67,-348084,67,-348085,67,-348086,67,-348087,67,-348088,67,-348089,67,-348090,67,-348091,67,-348092,67,-348093,67,-348094,67,-348095,67,-348096,67,-348097,67,-348098,67,-348099,67,-3480100,67,-3480101,67,-3480102,67,-3480103,67,-3480104,67,-3480105,67,-3480106,67,-3480107,67,-3480108,67,-3480109,67,-3480110,67,-3480111,67,-3480112,67,-3480113,67,-3480114,67,-3480115,67,-3480116,67,-3480117,67,-3480118,67,-3480119,67,-3480120,67,-3480121,67,-3480122,67,-3480123,67,-3480124,67,-3480125,67,-3480126,67,-3480127,67,-3480128,67,-3480129,67,-3480130,67,-3480131,67,-3480132,67,-3480133,67,-3480134,67,-3480135,67,-3480136,67,-3480137,67,-3480138,67,-3480139,67,-3480140,67,-3480141,67,-3480142,67,-3480143,67,-3480144,67,-3480145,67,-3480146,67,-3480147,67,-3480148,67,-3480149,67,-3480150,67,-3480151,67,-3480152,67,-3480153,67,-3480154,67,-3480155,67,-3480156,67,-3480157,67,-3480158,67,-3480159,67,-3480160,67,-3480161,67,-3480162,67,-3480163,67,-3480164,67,-3480165,67,-3480166,67,-3480167,67,-3480168,67,-3480169,67,-3480170,67,-3480171,67,-3480172,67,-3480173,67,-3480174,67,-3480175,67,-3480176,67,-3480177,67,-3480178,67,-3480179,67,-3480-180,66,-3480-179,66,-3480-178,66,-3480-177,66,-3480-176,66,-3480-175,66,-3480-174,66,-3480-173,66,-3480-172,66,-3480-171,66,-3480-170,66,-3480-169,66,-3480-168,66,-3480-167,66,-3480-166,66,-3480-165,66,-3480-164,66,-3480-163,66,-3480-162,66,-3480-161,66,-3480-160,66,-3480-159,66,-3480-158,66,-3480-157,66,-3480-156,66,-3480-155,66,-3480-154,66,-3480-153,66,-3480-152,66,-3480-151,66,-3480-150,66,-3480-149,66,-3480-148,66,-3480-147,66,-3480-146,66,-3480-145,66,-3480-144,66,-3480-143,66,-3480-142,66,-3480-141,66,-3480-140,66,-3480-139,66,-3480-138,66,-3480-137,66,-3480-136,66,-3480-135,66,-3480-134,66,-3480-133,66,-3480-132,66,-3480-131,66,-3480-130,66,-3480-129,66,-3480-128,66,-3480-127,66,-3480-126,66,-3480-125,66,-3480-124,66,-3480-123,66,-3480-122,66,-3480-121,66,-3480-120,66,-3480-119,66,-3480-118,66,-3480-117,66,-3480-116,66,-3480-115,66,-3480-114,66,-3480-113,66,-3480-112,66,-3480-111,66,-3480-110,66,-3480-109,66,-3480-108,66,-3480-107,66,-3480-106,66,-3480-105,66,-3480-104,66,-3480-103,66,-3480-102,66,-3480-101,66,-3480-100,66,-3480-99,66,-3480-98,66,-3480-97,66,-3480-96,66,-3480-95,66,-3480-94,66,-3480-93,66,-3480-92,66,-3480-91,66,-3480-90,66,-3480-89,66,-3480-88,66,-3480-87,66,-3480-86,66,-3480-85,66,-3480-84,66,-3480-83,66,-3480-82,66,-3480-81,66,-3480-80,66,-3480-79,66,-3480-78,66,-3480-77,66,-3480-76,66,-3480-75,66,-3480-74,66,-3480-73,66,-3480-72,66,-3480-71,66,-3480-70,66,-3480-69,66,-3480-68,66,-3480-67,66,-3480-66,66,-3480-65,66,-3480-64,66,-3480-63,66,-3480-62,66,-3480-61,66,-3480-60,66,-3480-59,66,-3480-58,66,-3480-57,66,-3480-56,66,-3480-55,66,-3480-54,66,-3480-53,66,-3480-52,66,-3480-51,66,-3480-50,66,-3480-49,66,-3480-48,66,-3480-47,66,-3480-46,66,-3480-45,66,-3480-44,66,-3480-43,66,-3480-42,66,-3480-41,66,-3480-40,66,-3480-39,66,-3480-38,66,-3480-37,66,-3480-36,66,-3480-35,66,-3480-34,66,-3480-33,66,-3480-32,66,-3480-31,66,-3480-30,66,-3480-29,66,-3480-28,66,-3480-27,66,-3480-26,66,-3480-25,66,-3480-24,66,-3480-23,66,-3480-22,66,-3480-21,66,-3480-20,66,-3480-19,66,-3480-18,66,-3480-17,66,-3480-16,66,-3480-15,66,-3480-14,66,-3480-13,66,-3480-12,66,-3480-11,66,-3480-10,66,-3480-9,66,-3480-8,66,-3480-7,66,-3480-6,66,-3480-5,66,-3480-4,66,-3480-3,66,-3040-2,66,-1960-1,66,-11200,66,-6001,66,-4002,66,-4003,66,-4004,66,-4005,66,-4006,66,-3607,66,-2808,66,-2809,66,-20010,66,-20011,66,-20012,66,-20013,66,-20014,66,-20015,66,-24016,66,-24017,66,-24018,66,-28019,66,-28020,66,-28021,66,-28022,66,-28023,66,-28024,66,-28025,66,-24026,66,-28027,66,-28028,66,-28029,66,-28030,66,-28031,66,-28032,66,-28033,66,-28034,66,-28035,66,-24036,66,-28037,66,-24038,66,-24039,66,-8040,66,041,66,12042,66,28043,66,24044,66,28045,66,24046,66,12047,66,4048,66,049,66,4050,66,-8051,66,-12052,66,-12053,66,-12054,66,-20055,66,-20056,66,-28057,66,-40058,66,-56059,66,-72060,66,-96061,66,-140062,66,-220063,66,-316064,66,-348065,66,-348066,66,-348067,66,-348068,66,-348069,66,-348070,66,-348071,66,-348072,66,-348073,66,-348074,66,-348075,66,-348076,66,-348077,66,-348078,66,-348079,66,-348080,66,-348081,66,-348082,66,-348083,66,-348084,66,-348085,66,-348086,66,-348087,66,-348088,66,-348089,66,-348090,66,-348091,66,-348092,66,-348093,66,-348094,66,-348095,66,-348096,66,-348097,66,-348098,66,-348099,66,-3480100,66,-3480101,66,-3480102,66,-3480103,66,-3480104,66,-3480105,66,-3480106,66,-3480107,66,-3480108,66,-3480109,66,-3480110,66,-3480111,66,-3480112,66,-3480113,66,-3480114,66,-3480115,66,-3480116,66,-3480117,66,-3480118,66,-3480119,66,-3480120,66,-3480121,66,-3480122,66,-3480123,66,-3480124,66,-3480125,66,-3480126,66,-3480127,66,-3480128,66,-3480129,66,-3480130,66,-3480131,66,-3480132,66,-3480133,66,-3480134,66,-3480135,66,-3480136,66,-3480137,66,-3480138,66,-3480139,66,-3480140,66,-3480141,66,-3480142,66,-3480143,66,-3480144,66,-3480145,66,-3480146,66,-3480147,66,-3480148,66,-3480149,66,-3480150,66,-3480151,66,-3480152,66,-3480153,66,-3480154,66,-3480155,66,-3480156,66,-3480157,66,-3480158,66,-3480159,66,-3480160,66,-3480161,66,-3480162,66,-3480163,66,-3480164,66,-3480165,66,-3480166,66,-3480167,66,-3480168,66,-3480169,66,-3480170,66,-3480171,66,-3480172,66,-3480173,66,-3480174,66,-3480175,66,-3480176,66,-3480177,66,-3480178,66,-3480179,66,-3480-180,65,-3480-179,65,-3480-178,65,-3480-177,65,-3480-176,65,-3480-175,65,-3480-174,65,-3480-173,65,-3480-172,65,-3480-171,65,-3480-170,65,-3480-169,65,-3480-168,65,-3480-167,65,-3480-166,65,-3480-165,65,-3480-164,65,-3480-163,65,-3480-162,65,-3480-161,65,-3480-160,65,-3480-159,65,-3480-158,65,-3480-157,65,-3480-156,65,-3480-155,65,-3480-154,65,-3480-153,65,-3480-152,65,-3480-151,65,-3480-150,65,-3480-149,65,-3480-148,65,-3480-147,65,-3480-146,65,-3480-145,65,-3480-144,65,-3480-143,65,-3480-142,65,-3480-141,65,-3480-140,65,-3480-139,65,-3480-138,65,-3480-137,65,-3480-136,65,-3480-135,65,-3480-134,65,-3480-133,65,-3480-132,65,-3480-131,65,-3480-130,65,-3480-129,65,-3480-128,65,-3480-127,65,-3480-126,65,-3480-125,65,-3480-124,65,-3480-123,65,-3480-122,65,-3480-121,65,-3480-120,65,-3480-119,65,-3480-118,65,-3480-117,65,-3480-116,65,-3480-115,65,-3480-114,65,-3480-113,65,-3480-112,65,-3480-111,65,-3480-110,65,-3480-109,65,-3480-108,65,-3480-107,65,-3480-106,65,-3480-105,65,-3480-104,65,-3480-103,65,-3480-102,65,-3480-101,65,-3480-100,65,-3480-99,65,-3480-98,65,-3480-97,65,-3480-96,65,-3480-95,65,-3480-94,65,-3480-93,65,-3480-92,65,-3480-91,65,-3480-90,65,-3480-89,65,-3480-88,65,-3480-87,65,-3480-86,65,-3480-85,65,-3480-84,65,-3480-83,65,-3480-82,65,-3480-81,65,-3480-80,65,-3480-79,65,-3480-78,65,-3480-77,65,-3480-76,65,-3480-75,65,-3480-74,65,-3480-73,65,-3480-72,65,-3480-71,65,-3480-70,65,-3480-69,65,-3480-68,65,-3480-67,65,-3480-66,65,-3480-65,65,-3480-64,65,-3480-63,65,-3480-62,65,-3480-61,65,-3480-60,65,-3480-59,65,-3480-58,65,-3480-57,65,-3480-56,65,-3480-55,65,-3480-54,65,-3480-53,65,-3480-52,65,-3480-51,65,-3480-50,65,-3480-49,65,-3480-48,65,-3480-47,65,-3480-46,65,-3480-45,65,-3480-44,65,-3480-43,65,-3480-42,65,-3480-41,65,-3480-40,65,-3480-39,65,-3480-38,65,-3480-37,65,-3480-36,65,-3480-35,65,-3480-34,65,-3480-33,65,-3480-32,65,-3480-31,65,-3480-30,65,-3480-29,65,-3480-28,65,-3480-27,65,-3480-26,65,-3480-25,65,-3480-24,65,-3480-23,65,-3480-22,65,-3480-21,65,-3480-20,65,-3480-19,65,-3480-18,65,-3480-17,65,-3480-16,65,-3480-15,65,-3480-14,65,-3480-13,65,-3480-12,65,-3480-11,65,-3480-10,65,-3480-9,65,-3480-8,65,-3480-7,65,-3480-6,65,-3480-5,65,-3480-4,65,-3480-3,65,-3120-2,65,-2040-1,65,-8400,65,-4401,65,-3602,65,-3203,65,-3204,65,-2805,65,-3206,65,-3207,65,-2008,65,-2009,65,-20010,65,-24011,65,-20012,65,-20013,65,-20014,65,-16015,65,-16016,65,-16017,65,-16018,65,-16019,65,-16020,65,-16021,65,-16022,65,-16023,65,-16024,65,-16025,65,-16026,65,-16027,65,-20028,65,-20029,65,-16030,65,-16031,65,-16032,65,-16033,65,-16034,65,-12035,65,-8036,65,-8037,65,-8038,65,-4039,65,12040,65,16041,65,20042,65,28043,65,32044,65,36045,65,44046,65,56047,65,48048,65,32049,65,36050,65,24051,65,4052,65,053,65,-4054,65,-8055,65,-16056,65,-24057,65,-24058,65,-44059,65,-56060,65,-72061,65,-104062,65,-176063,65,-280064,65,-348065,65,-348066,65,-348067,65,-348068,65,-348069,65,-348070,65,-348071,65,-348072,65,-348073,65,-348074,65,-348075,65,-348076,65,-348077,65,-348078,65,-348079,65,-348080,65,-348081,65,-348082,65,-348083,65,-348084,65,-348085,65,-348086,65,-348087,65,-348088,65,-348089,65,-348090,65,-348091,65,-348092,65,-348093,65,-348094,65,-348095,65,-348096,65,-348097,65,-348098,65,-348099,65,-3480100,65,-3480101,65,-3480102,65,-3480103,65,-3480104,65,-3480105,65,-3480106,65,-3480107,65,-3480108,65,-3480109,65,-3480110,65,-3480111,65,-3480112,65,-3480113,65,-3480114,65,-3480115,65,-3480116,65,-3480117,65,-3480118,65,-3480119,65,-3480120,65,-3480121,65,-3480122,65,-3480123,65,-3480124,65,-3480125,65,-3480126,65,-3480127,65,-3480128,65,-3480129,65,-3480130,65,-3480131,65,-3480132,65,-3480133,65,-3480134,65,-3480135,65,-3480136,65,-3480137,65,-3480138,65,-3480139,65,-3480140,65,-3480141,65,-3480142,65,-3480143,65,-3480144,65,-3480145,65,-3480146,65,-3480147,65,-3480148,65,-3480149,65,-3480150,65,-3480151,65,-3480152,65,-3480153,65,-3480154,65,-3480155,65,-3480156,65,-3480157,65,-3480158,65,-3480159,65,-3480160,65,-3480161,65,-3480162,65,-3480163,65,-3480164,65,-3480165,65,-3480166,65,-3480167,65,-3480168,65,-3480169,65,-3480170,65,-3480171,65,-3480172,65,-3480173,65,-3480174,65,-3480175,65,-3480176,65,-3480177,65,-3480178,65,-3480179,65,-3480-180,64,-3480-179,64,-3480-178,64,-3480-177,64,-3480-176,64,-3480-175,64,-3480-174,64,-3480-173,64,-3480-172,64,-3480-171,64,-3480-170,64,-3480-169,64,-3480-168,64,-3480-167,64,-3480-166,64,-3480-165,64,-3480-164,64,-3480-163,64,-3480-162,64,-3480-161,64,-3480-160,64,-3480-159,64,-3480-158,64,-3480-157,64,-3480-156,64,-3480-155,64,-3480-154,64,-3480-153,64,-3480-152,64,-3480-151,64,-3480-150,64,-3480-149,64,-3480-148,64,-3480-147,64,-3480-146,64,-3480-145,64,-3480-144,64,-3480-143,64,-3480-142,64,-3480-141,64,-3480-140,64,-3480-139,64,-3480-138,64,-3480-137,64,-3480-136,64,-3480-135,64,-3480-134,64,-3480-133,64,-3480-132,64,-3480-131,64,-3480-130,64,-3480-129,64,-3480-128,64,-3480-127,64,-3480-126,64,-3480-125,64,-3480-124,64,-3480-123,64,-3480-122,64,-3480-121,64,-3480-120,64,-3480-119,64,-3480-118,64,-3480-117,64,-3480-116,64,-3480-115,64,-3480-114,64,-3480-113,64,-3480-112,64,-3480-111,64,-3480-110,64,-3480-109,64,-3480-108,64,-3480-107,64,-3480-106,64,-3480-105,64,-3480-104,64,-3480-103,64,-3480-102,64,-3480-101,64,-3480-100,64,-3480-99,64,-3480-98,64,-3480-97,64,-3480-96,64,-3480-95,64,-3480-94,64,-3480-93,64,-3480-92,64,-3480-91,64,-3480-90,64,-3480-89,64,-3480-88,64,-3480-87,64,-3480-86,64,-3480-85,64,-3480-84,64,-3480-83,64,-3480-82,64,-3480-81,64,-3480-80,64,-3480-79,64,-3480-78,64,-3480-77,64,-3480-76,64,-3480-75,64,-3480-74,64,-3480-73,64,-3480-72,64,-3480-71,64,-3480-70,64,-3480-69,64,-3480-68,64,-3480-67,64,-3480-66,64,-3480-65,64,-3480-64,64,-3480-63,64,-3480-62,64,-3480-61,64,-3480-60,64,-3480-59,64,-3480-58,64,-3480-57,64,-3480-56,64,-3480-55,64,-3480-54,64,-3480-53,64,-3480-52,64,-3480-51,64,-3480-50,64,-3480-49,64,-3480-48,64,-3480-47,64,-3480-46,64,-3480-45,64,-3480-44,64,-3480-43,64,-3480-42,64,-3480-41,64,-3480-40,64,-3480-39,64,-3480-38,64,-3480-37,64,-3480-36,64,-3480-35,64,-3480-34,64,-3480-33,64,-3480-32,64,-3480-31,64,-3480-30,64,-3480-29,64,-3480-28,64,-3480-27,64,-3480-26,64,-3480-25,64,-3480-24,64,-3480-23,64,-3480-22,64,-3480-21,64,-3480-20,64,-3480-19,64,-3480-18,64,-3480-17,64,-3480-16,64,-3480-15,64,-3480-14,64,-3480-13,64,-3480-12,64,-3480-11,64,-3480-10,64,-3480-9,64,-3480-8,64,-3480-7,64,-3480-6,64,-3480-5,64,-3480-4,64,-3480-3,64,-3360-2,64,-2480-1,64,-10400,64,-4401,64,-2802,64,-2803,64,-2404,64,-2805,64,-2406,64,-2807,64,-2408,64,-2409,64,-24010,64,-20011,64,-24012,64,-24013,64,-24014,64,-24015,64,-20016,64,-16017,64,-16018,64,-16019,64,-16020,64,-16021,64,-16022,64,-16023,64,-16024,64,-16025,64,-16026,64,-16027,64,-16028,64,-8029,64,-4030,64,031,64,-4032,64,033,64,-4034,64,4035,64,4036,64,4037,64,038,64,8039,64,16040,64,16041,64,24042,64,28043,64,32044,64,36045,64,36046,64,48047,64,76048,64,76049,64,80050,64,68051,64,24052,64,12053,64,4054,64,055,64,-4056,64,-16057,64,-24058,64,-32059,64,-44060,64,-60061,64,-76062,64,-148063,64,-224064,64,-292065,64,-348066,64,-348067,64,-348068,64,-348069,64,-352070,64,-348071,64,-348072,64,-348073,64,-348074,64,-348075,64,-348076,64,-348077,64,-348078,64,-348079,64,-348080,64,-348081,64,-348082,64,-348083,64,-348084,64,-348085,64,-348086,64,-348087,64,-348088,64,-348089,64,-348090,64,-348091,64,-348092,64,-348093,64,-348094,64,-348095,64,-348096,64,-348097,64,-348098,64,-348099,64,-3480100,64,-3480101,64,-3480102,64,-3480103,64,-3480104,64,-3480105,64,-3480106,64,-3480107,64,-3480108,64,-3480109,64,-3480110,64,-3480111,64,-3480112,64,-3480113,64,-3480114,64,-3480115,64,-3480116,64,-3480117,64,-3480118,64,-3480119,64,-3480120,64,-3480121,64,-3480122,64,-3480123,64,-3480124,64,-3480125,64,-3480126,64,-3480127,64,-3480128,64,-3480129,64,-3480130,64,-3480131,64,-3480132,64,-3480133,64,-3480134,64,-3480135,64,-3480136,64,-3480137,64,-3480138,64,-3480139,64,-3480140,64,-3480141,64,-3480142,64,-3480143,64,-3480144,64,-3480145,64,-3480146,64,-3480147,64,-3480148,64,-3480149,64,-3480150,64,-3480151,64,-3480152,64,-3480153,64,-3480154,64,-3480155,64,-3480156,64,-3480157,64,-3480158,64,-3480159,64,-3480160,64,-3480161,64,-3480162,64,-3480163,64,-3480164,64,-3480165,64,-3480166,64,-3480167,64,-3480168,64,-3480169,64,-3480170,64,-3480171,64,-3480172,64,-3480173,64,-3480174,64,-3480175,64,-3480176,64,-3480177,64,-3480178,64,-3480179,64,-3480-180,63,-3480-179,63,-3480-178,63,-3480-177,63,-3480-176,63,-3480-175,63,-3480-174,63,-3480-173,63,-3480-172,63,-3480-171,63,-3480-170,63,-3480-169,63,-3480-168,63,-3480-167,63,-3480-166,63,-3480-165,63,-3480-164,63,-3480-163,63,-3480-162,63,-3480-161,63,-3480-160,63,-3480-159,63,-3480-158,63,-3480-157,63,-3480-156,63,-3480-155,63,-3480-154,63,-3480-153,63,-3480-152,63,-3480-151,63,-3480-150,63,-3480-149,63,-3480-148,63,-3480-147,63,-3480-146,63,-3480-145,63,-3480-144,63,-3480-143,63,-3480-142,63,-3480-141,63,-3480-140,63,-3480-139,63,-3480-138,63,-3480-137,63,-3480-136,63,-3480-135,63,-3480-134,63,-3480-133,63,-3480-132,63,-3480-131,63,-3480-130,63,-3480-129,63,-3480-128,63,-3480-127,63,-3480-126,63,-3480-125,63,-3480-124,63,-3480-123,63,-3480-122,63,-3480-121,63,-3480-120,63,-3480-119,63,-3480-118,63,-3480-117,63,-3480-116,63,-3480-115,63,-3480-114,63,-3480-113,63,-3480-112,63,-3480-111,63,-3480-110,63,-3480-109,63,-3480-108,63,-3480-107,63,-3480-106,63,-3480-105,63,-3480-104,63,-3480-103,63,-3480-102,63,-3480-101,63,-3480-100,63,-3480-99,63,-3480-98,63,-3480-97,63,-3480-96,63,-3480-95,63,-3480-94,63,-3480-93,63,-3480-92,63,-3480-91,63,-3480-90,63,-3480-89,63,-3480-88,63,-3480-87,63,-3480-86,63,-3480-85,63,-3480-84,63,-3480-83,63,-3480-82,63,-3480-81,63,-3480-80,63,-3480-79,63,-3480-78,63,-3480-77,63,-3480-76,63,-3480-75,63,-3480-74,63,-3480-73,63,-3480-72,63,-3480-71,63,-3480-70,63,-3480-69,63,-3480-68,63,-3480-67,63,-3480-66,63,-3480-65,63,-3480-64,63,-3480-63,63,-3480-62,63,-3480-61,63,-3480-60,63,-3480-59,63,-3480-58,63,-3480-57,63,-3480-56,63,-3480-55,63,-3480-54,63,-3480-53,63,-3480-52,63,-3480-51,63,-3480-50,63,-3480-49,63,-3480-48,63,-3480-47,63,-3480-46,63,-3480-45,63,-3480-44,63,-3480-43,63,-3480-42,63,-3480-41,63,-3480-40,63,-3480-39,63,-3480-38,63,-3480-37,63,-3480-36,63,-3480-35,63,-3480-34,63,-3480-33,63,-3480-32,63,-3480-31,63,-3480-30,63,-3480-29,63,-3480-28,63,-3480-27,63,-3480-26,63,-3480-25,63,-3480-24,63,-3480-23,63,-3480-22,63,-3480-21,63,-3480-20,63,-3480-19,63,-3480-18,63,-3480-17,63,-3480-16,63,-3480-15,63,-3480-14,63,-3480-13,63,-3480-12,63,-3480-11,63,-3480-10,63,-3480-9,63,-3480-8,63,-3480-7,63,-3480-6,63,-3480-5,63,-3480-4,63,-3480-3,63,-3440-2,63,-2880-1,63,-12400,63,-4801,63,-3202,63,-2803,63,-2404,63,-2805,63,-2406,63,-2407,63,-2408,63,-2409,63,-24010,63,-24011,63,-20012,63,-20013,63,-20014,63,-24015,63,-16016,63,-16017,63,-16018,63,-16019,63,-16020,63,-16021,63,-16022,63,-16023,63,-16024,63,-16025,63,-16026,63,-16027,63,-16028,63,-4029,63,030,63,4031,63,8032,63,8033,63,8034,63,8035,63,4036,63,8037,63,4038,63,16039,63,20040,63,20041,63,24042,63,28043,63,32044,63,40045,63,44046,63,52047,63,88048,63,124049,63,108050,63,88051,63,40052,63,28053,63,12054,63,8055,63,056,63,-4057,63,-12058,63,-24059,63,-36060,63,-44061,63,-64062,63,-124063,63,-180064,63,-236065,63,-288066,63,-348067,63,-348068,63,-348069,63,-348070,63,-352071,63,-348072,63,-348073,63,-348074,63,-348075,63,-348076,63,-348077,63,-348078,63,-348079,63,-348080,63,-348081,63,-348082,63,-348083,63,-348084,63,-348085,63,-348086,63,-348087,63,-348088,63,-348089,63,-348090,63,-348091,63,-348092,63,-348093,63,-348094,63,-348095,63,-348096,63,-348097,63,-348098,63,-348099,63,-3480100,63,-3480101,63,-3480102,63,-3480103,63,-3480104,63,-3480105,63,-3480106,63,-3480107,63,-3480108,63,-3480109,63,-3480110,63,-3480111,63,-3480112,63,-3480113,63,-3480114,63,-3480115,63,-3480116,63,-3480117,63,-3480118,63,-3480119,63,-3480120,63,-3480121,63,-3480122,63,-3480123,63,-3480124,63,-3480125,63,-3480126,63,-3480127,63,-3480128,63,-3480129,63,-3480130,63,-3480131,63,-3480132,63,-3480133,63,-3480134,63,-3480135,63,-3480136,63,-3480137,63,-3480138,63,-3480139,63,-3480140,63,-3480141,63,-3480142,63,-3480143,63,-3480144,63,-3480145,63,-3480146,63,-3480147,63,-3480148,63,-3480149,63,-3480150,63,-3480151,63,-3480152,63,-3480153,63,-3480154,63,-3480155,63,-3480156,63,-3480157,63,-3480158,63,-3480159,63,-3480160,63,-3480161,63,-3480162,63,-3480163,63,-3480164,63,-3480165,63,-3480166,63,-3480167,63,-3480168,63,-3480169,63,-3480170,63,-3480171,63,-3480172,63,-3480173,63,-3480174,63,-3480175,63,-3480176,63,-3480177,63,-3480178,63,-3480179,63,-3480-180,62,-3480-179,62,-3480-178,62,-3480-177,62,-3480-176,62,-3480-175,62,-3480-174,62,-3480-173,62,-3480-172,62,-3480-171,62,-3480-170,62,-3480-169,62,-3480-168,62,-3480-167,62,-3480-166,62,-3480-165,62,-3480-164,62,-3480-163,62,-3480-162,62,-3480-161,62,-3480-160,62,-3480-159,62,-3480-158,62,-3480-157,62,-3480-156,62,-3480-155,62,-3480-154,62,-3480-153,62,-3480-152,62,-3480-151,62,-3480-150,62,-3480-149,62,-3480-148,62,-3480-147,62,-3480-146,62,-3480-145,62,-3480-144,62,-3480-143,62,-3480-142,62,-3480-141,62,-3480-140,62,-3480-139,62,-3480-138,62,-3480-137,62,-3480-136,62,-3480-135,62,-3480-134,62,-3480-133,62,-3480-132,62,-3480-131,62,-3480-130,62,-3480-129,62,-3480-128,62,-3480-127,62,-3480-126,62,-3480-125,62,-3480-124,62,-3480-123,62,-3480-122,62,-3480-121,62,-3480-120,62,-3480-119,62,-3480-118,62,-3480-117,62,-3480-116,62,-3480-115,62,-3480-114,62,-3480-113,62,-3480-112,62,-3480-111,62,-3480-110,62,-3480-109,62,-3480-108,62,-3480-107,62,-3480-106,62,-3480-105,62,-3480-104,62,-3480-103,62,-3480-102,62,-3480-101,62,-3480-100,62,-3480-99,62,-3480-98,62,-3480-97,62,-3480-96,62,-3480-95,62,-3480-94,62,-3480-93,62,-3480-92,62,-3480-91,62,-3480-90,62,-3480-89,62,-3480-88,62,-3480-87,62,-3480-86,62,-3480-85,62,-3480-84,62,-3480-83,62,-3480-82,62,-3480-81,62,-3480-80,62,-3480-79,62,-3480-78,62,-3480-77,62,-3480-76,62,-3480-75,62,-3480-74,62,-3480-73,62,-3480-72,62,-3480-71,62,-3480-70,62,-3480-69,62,-3480-68,62,-3480-67,62,-3480-66,62,-3480-65,62,-3480-64,62,-3480-63,62,-3480-62,62,-3480-61,62,-3480-60,62,-3480-59,62,-3480-58,62,-3480-57,62,-3480-56,62,-3480-55,62,-3480-54,62,-3480-53,62,-3480-52,62,-3480-51,62,-3480-50,62,-3480-49,62,-3480-48,62,-3480-47,62,-3480-46,62,-3480-45,62,-3480-44,62,-3480-43,62,-3480-42,62,-3480-41,62,-3480-40,62,-3480-39,62,-3480-38,62,-3480-37,62,-3480-36,62,-3480-35,62,-3480-34,62,-3480-33,62,-3480-32,62,-3480-31,62,-3480-30,62,-3480-29,62,-3480-28,62,-3480-27,62,-3480-26,62,-3480-25,62,-3480-24,62,-3480-23,62,-3480-22,62,-3480-21,62,-3480-20,62,-3480-19,62,-3480-18,62,-3480-17,62,-3480-16,62,-3480-15,62,-3480-14,62,-3480-13,62,-3480-12,62,-3480-11,62,-3480-10,62,-3480-9,62,-3480-8,62,-3480-7,62,-3480-6,62,-3480-5,62,-3480-4,62,-3480-3,62,-3440-2,62,-3040-1,62,-14800,62,-7201,62,-3202,62,-3203,62,-2404,62,-2405,62,-2406,62,-2007,62,-2008,62,-2009,62,-16010,62,-16011,62,-16012,62,-16013,62,-16014,62,-16015,62,-16016,62,-16017,62,-16018,62,-16019,62,-16020,62,-16021,62,-16022,62,-16023,62,-16024,62,-16025,62,-16026,62,-16027,62,-16028,62,-12029,62,030,62,4031,62,8032,62,8033,62,8034,62,12035,62,12036,62,12037,62,12038,62,16039,62,16040,62,20041,62,24042,62,32043,62,36044,62,40045,62,48046,62,60047,62,96048,62,124049,62,148050,62,124051,62,84052,62,44053,62,20054,62,16055,62,8056,62,4057,62,-4058,62,-8059,62,-16060,62,-28061,62,-48062,62,-88063,62,-144064,62,-196065,62,-228066,62,-276067,62,-344068,62,-348069,62,-348070,62,-348071,62,-348072,62,-348073,62,-348074,62,-348075,62,-348076,62,-348077,62,-348078,62,-348079,62,-348080,62,-348081,62,-348082,62,-348083,62,-348084,62,-348085,62,-348086,62,-348087,62,-348088,62,-348089,62,-348090,62,-348091,62,-348092,62,-348093,62,-348094,62,-348095,62,-348096,62,-348097,62,-348098,62,-348099,62,-3480100,62,-3480101,62,-3480102,62,-3480103,62,-3480104,62,-3480105,62,-3480106,62,-3480107,62,-3480108,62,-3480109,62,-3480110,62,-3480111,62,-3480112,62,-3480113,62,-3480114,62,-3480115,62,-3480116,62,-3480117,62,-3480118,62,-3480119,62,-3480120,62,-3480121,62,-3480122,62,-3480123,62,-3480124,62,-3480125,62,-3480126,62,-3480127,62,-3480128,62,-3480129,62,-3480130,62,-3480131,62,-3480132,62,-3480133,62,-3480134,62,-3480135,62,-3480136,62,-3480137,62,-3480138,62,-3480139,62,-3480140,62,-3480141,62,-3480142,62,-3480143,62,-3480144,62,-3480145,62,-3480146,62,-3480147,62,-3480148,62,-3480149,62,-3480150,62,-3480151,62,-3480152,62,-3480153,62,-3480154,62,-3480155,62,-3480156,62,-3480157,62,-3480158,62,-3480159,62,-3480160,62,-3480161,62,-3480162,62,-3480163,62,-3480164,62,-3480165,62,-3480166,62,-3480167,62,-3480168,62,-3480169,62,-3480170,62,-3480171,62,-3480172,62,-3480173,62,-3480174,62,-3480175,62,-3480176,62,-3480177,62,-3480178,62,-3480179,62,-3480-180,61,-3480-179,61,-3480-178,61,-3480-177,61,-3480-176,61,-3480-175,61,-3480-174,61,-3480-173,61,-3480-172,61,-3480-171,61,-3480-170,61,-3480-169,61,-3480-168,61,-3480-167,61,-3480-166,61,-3480-165,61,-3480-164,61,-3480-163,61,-3480-162,61,-3480-161,61,-3480-160,61,-3480-159,61,-3480-158,61,-3480-157,61,-3480-156,61,-3480-155,61,-3480-154,61,-3480-153,61,-3480-152,61,-3480-151,61,-3480-150,61,-3480-149,61,-3480-148,61,-3480-147,61,-3480-146,61,-3480-145,61,-3480-144,61,-3480-143,61,-3480-142,61,-3480-141,61,-3480-140,61,-3480-139,61,-3480-138,61,-3480-137,61,-3480-136,61,-3480-135,61,-3480-134,61,-3480-133,61,-3480-132,61,-3480-131,61,-3480-130,61,-3480-129,61,-3480-128,61,-3480-127,61,-3480-126,61,-3480-125,61,-3480-124,61,-3480-123,61,-3480-122,61,-3480-121,61,-3480-120,61,-3480-119,61,-3480-118,61,-3480-117,61,-3480-116,61,-3480-115,61,-3480-114,61,-3480-113,61,-3480-112,61,-3480-111,61,-3480-110,61,-3480-109,61,-3480-108,61,-3480-107,61,-3480-106,61,-3480-105,61,-3480-104,61,-3480-103,61,-3480-102,61,-3480-101,61,-3480-100,61,-3480-99,61,-3480-98,61,-3480-97,61,-3480-96,61,-3480-95,61,-3480-94,61,-3480-93,61,-3480-92,61,-3480-91,61,-3480-90,61,-3480-89,61,-3480-88,61,-3480-87,61,-3480-86,61,-3480-85,61,-3480-84,61,-3480-83,61,-3480-82,61,-3480-81,61,-3480-80,61,-3480-79,61,-3480-78,61,-3480-77,61,-3480-76,61,-3480-75,61,-3480-74,61,-3480-73,61,-3480-72,61,-3480-71,61,-3480-70,61,-3480-69,61,-3480-68,61,-3480-67,61,-3480-66,61,-3480-65,61,-3480-64,61,-3480-63,61,-3480-62,61,-3480-61,61,-3480-60,61,-3480-59,61,-3480-58,61,-3480-57,61,-3480-56,61,-3480-55,61,-3480-54,61,-3480-53,61,-3480-52,61,-3480-51,61,-3480-50,61,-3480-49,61,-3480-48,61,-3480-47,61,-3480-46,61,-3480-45,61,-3480-44,61,-3480-43,61,-3480-42,61,-3480-41,61,-3480-40,61,-3480-39,61,-3480-38,61,-3480-37,61,-3480-36,61,-3480-35,61,-3480-34,61,-3480-33,61,-3480-32,61,-3480-31,61,-3480-30,61,-3480-29,61,-3480-28,61,-3480-27,61,-3480-26,61,-3480-25,61,-3480-24,61,-3480-23,61,-3480-22,61,-3480-21,61,-3480-20,61,-3480-19,61,-3480-18,61,-3480-17,61,-3480-16,61,-3480-15,61,-3480-14,61,-3480-13,61,-3480-12,61,-3480-11,61,-3480-10,61,-3480-9,61,-3480-8,61,-3480-7,61,-3480-6,61,-3480-5,61,-3480-4,61,-3480-3,61,-3480-2,61,-3160-1,61,-17600,61,-10401,61,-4802,61,-3603,61,-2804,61,-2405,61,-2406,61,-2407,61,-2008,61,-2009,61,-20010,61,-16011,61,-16012,61,-16013,61,-16014,61,-16015,61,-16016,61,-16017,61,-16018,61,-16019,61,-16020,61,-16021,61,-16022,61,-16023,61,-16024,61,-16025,61,-16026,61,-16027,61,-16028,61,-16029,61,-12030,61,-4031,61,4032,61,4033,61,8034,61,12035,61,12036,61,16037,61,16038,61,16039,61,16040,61,20041,61,24042,61,32043,61,32044,61,36045,61,48046,61,64047,61,104048,61,120049,61,160050,61,160051,61,128052,61,84053,61,44054,61,24055,61,16056,61,12057,61,12058,61,4059,61,-4060,61,-16061,61,-32062,61,-56063,61,-108064,61,-160065,61,-184066,61,-224067,61,-296068,61,-348069,61,-348070,61,-348071,61,-348072,61,-348073,61,-348074,61,-348075,61,-348076,61,-348077,61,-348078,61,-348079,61,-348080,61,-348081,61,-348082,61,-348083,61,-348084,61,-348085,61,-348086,61,-348087,61,-348088,61,-348089,61,-348090,61,-348091,61,-348092,61,-348093,61,-348094,61,-348095,61,-348096,61,-348097,61,-348098,61,-348099,61,-3480100,61,-3480101,61,-3480102,61,-3480103,61,-3480104,61,-3480105,61,-3480106,61,-3480107,61,-3480108,61,-3480109,61,-3480110,61,-3480111,61,-3480112,61,-3480113,61,-3480114,61,-3480115,61,-3480116,61,-3480117,61,-3480118,61,-3480119,61,-3480120,61,-3480121,61,-3480122,61,-3480123,61,-3480124,61,-3480125,61,-3480126,61,-3480127,61,-3480128,61,-3480129,61,-3480130,61,-3480131,61,-3480132,61,-3480133,61,-3480134,61,-3480135,61,-3480136,61,-3480137,61,-3480138,61,-3480139,61,-3480140,61,-3480141,61,-3480142,61,-3480143,61,-3480144,61,-3480145,61,-3480146,61,-3480147,61,-3480148,61,-3480149,61,-3480150,61,-3480151,61,-3480152,61,-3480153,61,-3480154,61,-3480155,61,-3480156,61,-3480157,61,-3480158,61,-3480159,61,-3480160,61,-3480161,61,-3480162,61,-3480163,61,-3480164,61,-3480165,61,-3480166,61,-3480167,61,-3480168,61,-3480169,61,-3480170,61,-3480171,61,-3480172,61,-3480173,61,-3480174,61,-3480175,61,-3480176,61,-3480177,61,-3480178,61,-3480179,61,-3480-180,60,-3480-179,60,-3480-178,60,-3480-177,60,-3480-176,60,-3480-175,60,-3480-174,60,-3480-173,60,-3480-172,60,-3480-171,60,-3480-170,60,-3480-169,60,-3480-168,60,-3480-167,60,-3480-166,60,-3480-165,60,-3480-164,60,-3480-163,60,-3480-162,60,-3480-161,60,-3480-160,60,-3480-159,60,-3480-158,60,-3480-157,60,-3480-156,60,-3480-155,60,-3480-154,60,-3480-153,60,-3480-152,60,-3480-151,60,-3480-150,60,-3480-149,60,-3480-148,60,-3480-147,60,-3480-146,60,-3480-145,60,-3480-144,60,-3480-143,60,-3480-142,60,-3480-141,60,-3480-140,60,-3480-139,60,-3480-138,60,-3480-137,60,-3480-136,60,-3480-135,60,-3480-134,60,-3480-133,60,-3480-132,60,-3480-131,60,-3480-130,60,-3480-129,60,-3480-128,60,-3480-127,60,-3480-126,60,-3480-125,60,-3480-124,60,-3480-123,60,-3480-122,60,-3480-121,60,-3480-120,60,-3480-119,60,-3480-118,60,-3480-117,60,-3480-116,60,-3480-115,60,-3480-114,60,-3480-113,60,-3480-112,60,-3480-111,60,-3480-110,60,-3480-109,60,-3480-108,60,-3480-107,60,-3480-106,60,-3480-105,60,-3480-104,60,-3480-103,60,-3480-102,60,-3480-101,60,-3480-100,60,-3480-99,60,-3480-98,60,-3480-97,60,-3480-96,60,-3480-95,60,-3480-94,60,-3480-93,60,-3480-92,60,-3480-91,60,-3480-90,60,-3480-89,60,-3480-88,60,-3480-87,60,-3480-86,60,-3480-85,60,-3480-84,60,-3480-83,60,-3480-82,60,-3480-81,60,-3480-80,60,-3480-79,60,-3480-78,60,-3480-77,60,-3480-76,60,-3480-75,60,-3480-74,60,-3480-73,60,-3480-72,60,-3480-71,60,-3480-70,60,-3480-69,60,-3480-68,60,-3480-67,60,-3480-66,60,-3480-65,60,-3480-64,60,-3480-63,60,-3480-62,60,-3480-61,60,-3480-60,60,-3480-59,60,-3480-58,60,-3480-57,60,-3480-56,60,-3480-55,60,-3480-54,60,-3480-53,60,-3480-52,60,-3480-51,60,-3480-50,60,-3480-49,60,-3480-48,60,-3480-47,60,-3480-46,60,-3480-45,60,-3480-44,60,-3480-43,60,-3480-42,60,-3480-41,60,-3480-40,60,-3480-39,60,-3480-38,60,-3480-37,60,-3480-36,60,-3480-35,60,-3480-34,60,-3480-33,60,-3480-32,60,-3480-31,60,-3480-30,60,-3480-29,60,-3480-28,60,-3480-27,60,-3480-26,60,-3480-25,60,-3480-24,60,-3480-23,60,-3480-22,60,-3480-21,60,-3480-20,60,-3480-19,60,-3480-18,60,-3480-17,60,-3480-16,60,-3480-15,60,-3480-14,60,-3480-13,60,-3480-12,60,-3480-11,60,-3480-10,60,-3480-9,60,-3480-8,60,-3480-7,60,-3480-6,60,-3480-5,60,-3480-4,60,-3480-3,60,-3480-2,60,-3160-1,60,-23200,60,-12801,60,-8402,60,-4803,60,-3204,60,-2405,60,-2406,60,-2007,60,-2008,60,-1609,60,-16010,60,-16011,60,-16012,60,-16013,60,-16014,60,-16015,60,-16016,60,-16017,60,-16018,60,-16019,60,-16020,60,-16021,60,-16022,60,-16023,60,-16024,60,-16025,60,-16026,60,-16027,60,-12028,60,-12029,60,-12030,60,-8031,60,-4032,60,4033,60,8034,60,12035,60,12036,60,16037,60,12038,60,12039,60,16040,60,20041,60,24042,60,28043,60,32044,60,32045,60,44046,60,56047,60,84048,60,104049,60,128050,60,160051,60,176052,60,156053,60,104054,60,60055,60,40056,60,28057,60,24058,60,16059,60,12060,60,8061,60,-8062,60,-28063,60,-52064,60,-88065,60,-124066,60,-164067,60,-220068,60,-320069,60,-348070,60,-348071,60,-348072,60,-348073,60,-348074,60,-348075,60,-348076,60,-348077,60,-348078,60,-348079,60,-348080,60,-348081,60,-348082,60,-348083,60,-348084,60,-348085,60,-348086,60,-348087,60,-348088,60,-348089,60,-348090,60,-348091,60,-348092,60,-348093,60,-348094,60,-348095,60,-348096,60,-348097,60,-348098,60,-348099,60,-3480100,60,-3480101,60,-3480102,60,-3480103,60,-3480104,60,-3480105,60,-3480106,60,-3480107,60,-3480108,60,-3480109,60,-3480110,60,-3480111,60,-3480112,60,-3480113,60,-3480114,60,-3480115,60,-3480116,60,-3480117,60,-3480118,60,-3480119,60,-3480120,60,-3480121,60,-3480122,60,-3480123,60,-3480124,60,-3480125,60,-3480126,60,-3480127,60,-3480128,60,-3480129,60,-3480130,60,-3480131,60,-3480132,60,-3480133,60,-3480134,60,-3480135,60,-3480136,60,-3480137,60,-3480138,60,-3480139,60,-3480140,60,-3480141,60,-3480142,60,-3480143,60,-3480144,60,-3480145,60,-3480146,60,-3480147,60,-3480148,60,-3480149,60,-3480150,60,-3480151,60,-3480152,60,-3480153,60,-3480154,60,-3480155,60,-3480156,60,-3480157,60,-3480158,60,-3480159,60,-3480160,60,-3480161,60,-3480162,60,-3480163,60,-3480164,60,-3480165,60,-3480166,60,-3480167,60,-3480168,60,-3480169,60,-3480170,60,-3480171,60,-3480172,60,-3480173,60,-3480174,60,-3480175,60,-3480176,60,-3480177,60,-3480178,60,-3480179,60,-3480-180,59,-3480-179,59,-3480-178,59,-3480-177,59,-3480-176,59,-3480-175,59,-3480-174,59,-3480-173,59,-3480-172,59,-3480-171,59,-3480-170,59,-3480-169,59,-3480-168,59,-3480-167,59,-3480-166,59,-3480-165,59,-3480-164,59,-3480-163,59,-3480-162,59,-3480-161,59,-3480-160,59,-3480-159,59,-3480-158,59,-3480-157,59,-3480-156,59,-3480-155,59,-3480-154,59,-3480-153,59,-3480-152,59,-3480-151,59,-3480-150,59,-3480-149,59,-3480-148,59,-3480-147,59,-3480-146,59,-3480-145,59,-3480-144,59,-3480-143,59,-3480-142,59,-3480-141,59,-3480-140,59,-3480-139,59,-3480-138,59,-3480-137,59,-3480-136,59,-3480-135,59,-3480-134,59,-3480-133,59,-3480-132,59,-3480-131,59,-3480-130,59,-3480-129,59,-3480-128,59,-3480-127,59,-3480-126,59,-3480-125,59,-3480-124,59,-3480-123,59,-3480-122,59,-3480-121,59,-3480-120,59,-3480-119,59,-3480-118,59,-3480-117,59,-3480-116,59,-3480-115,59,-3480-114,59,-3480-113,59,-3480-112,59,-3480-111,59,-3480-110,59,-3480-109,59,-3480-108,59,-3480-107,59,-3480-106,59,-3480-105,59,-3480-104,59,-3480-103,59,-3480-102,59,-3480-101,59,-3480-100,59,-3480-99,59,-3480-98,59,-3480-97,59,-3480-96,59,-3480-95,59,-3480-94,59,-3480-93,59,-3480-92,59,-3480-91,59,-3480-90,59,-3480-89,59,-3480-88,59,-3480-87,59,-3480-86,59,-3480-85,59,-3480-84,59,-3480-83,59,-3480-82,59,-3480-81,59,-3480-80,59,-3480-79,59,-3480-78,59,-3480-77,59,-3480-76,59,-3480-75,59,-3480-74,59,-3480-73,59,-3480-72,59,-3480-71,59,-3480-70,59,-3480-69,59,-3480-68,59,-3480-67,59,-3480-66,59,-3480-65,59,-3480-64,59,-3480-63,59,-3480-62,59,-3480-61,59,-3480-60,59,-3480-59,59,-3480-58,59,-3480-57,59,-3480-56,59,-3480-55,59,-3480-54,59,-3480-53,59,-3480-52,59,-3480-51,59,-3480-50,59,-3480-49,59,-3480-48,59,-3480-47,59,-3480-46,59,-3480-45,59,-3480-44,59,-3480-43,59,-3480-42,59,-3480-41,59,-3480-40,59,-3480-39,59,-3480-38,59,-3480-37,59,-3480-36,59,-3480-35,59,-3480-34,59,-3480-33,59,-3480-32,59,-3480-31,59,-3480-30,59,-3480-29,59,-3480-28,59,-3480-27,59,-3480-26,59,-3480-25,59,-3480-24,59,-3480-23,59,-3480-22,59,-3480-21,59,-3480-20,59,-3480-19,59,-3480-18,59,-3480-17,59,-3480-16,59,-3480-15,59,-3480-14,59,-3480-13,59,-3480-12,59,-3480-11,59,-3480-10,59,-3480-9,59,-3480-8,59,-3480-7,59,-3480-6,59,-3480-5,59,-3480-4,59,-3480-3,59,-3480-2,59,-3320-1,59,-24000,59,-14001,59,-12002,59,-8403,59,-4804,59,-3205,59,-2406,59,-2407,59,-2008,59,-1609,59,-16010,59,-16011,59,-16012,59,-16013,59,-16014,59,-16015,59,-16016,59,-16017,59,-16018,59,-16019,59,-16020,59,-16021,59,-16022,59,-16023,59,-16024,59,-16025,59,-16026,59,-12027,59,-12028,59,-12029,59,-8030,59,-12031,59,4032,59,8033,59,12034,59,16035,59,16036,59,16037,59,16038,59,12039,59,20040,59,24041,59,24042,59,32043,59,40044,59,44045,59,44046,59,40047,59,52048,59,76049,59,84050,59,112051,59,148052,59,180053,59,168054,59,140055,59,92056,59,60057,59,44058,59,32059,59,28060,59,28061,59,24062,59,12063,59,-12064,59,-32065,59,-64066,59,-100067,59,-156068,59,-228069,59,-340070,59,-348071,59,-348072,59,-348073,59,-348074,59,-348075,59,-348076,59,-348077,59,-348078,59,-348079,59,-348080,59,-348081,59,-348082,59,-348083,59,-348084,59,-348085,59,-348086,59,-348087,59,-348088,59,-348089,59,-348090,59,-348091,59,-348092,59,-348093,59,-348094,59,-348095,59,-348096,59,-348097,59,-348098,59,-348099,59,-3480100,59,-3480101,59,-3480102,59,-3480103,59,-3480104,59,-3480105,59,-3480106,59,-3480107,59,-3480108,59,-3480109,59,-3480110,59,-3480111,59,-3480112,59,-3480113,59,-3480114,59,-3480115,59,-3480116,59,-3480117,59,-3480118,59,-3480119,59,-3480120,59,-3480121,59,-3480122,59,-3480123,59,-3480124,59,-3480125,59,-3480126,59,-3480127,59,-3480128,59,-3480129,59,-3480130,59,-3480131,59,-3480132,59,-3480133,59,-3480134,59,-3480135,59,-3480136,59,-3480137,59,-3480138,59,-3480139,59,-3480140,59,-3480141,59,-3480142,59,-3480143,59,-3480144,59,-3480145,59,-3480146,59,-3480147,59,-3480148,59,-3480149,59,-3480150,59,-3480151,59,-3480152,59,-3480153,59,-3480154,59,-3480155,59,-3480156,59,-3480157,59,-3480158,59,-3480159,59,-3480160,59,-3480161,59,-3480162,59,-3480163,59,-3480164,59,-3480165,59,-3480166,59,-3480167,59,-3480168,59,-3480169,59,-3480170,59,-3480171,59,-3480172,59,-3480173,59,-3480174,59,-3480175,59,-3480176,59,-3480177,59,-3480178,59,-3480179,59,-3480-180,58,-3480-179,58,-3480-178,58,-3480-177,58,-3480-176,58,-3480-175,58,-3480-174,58,-3480-173,58,-3480-172,58,-3480-171,58,-3480-170,58,-3480-169,58,-3480-168,58,-3480-167,58,-3480-166,58,-3480-165,58,-3480-164,58,-3480-163,58,-3480-162,58,-3480-161,58,-3480-160,58,-3480-159,58,-3480-158,58,-3480-157,58,-3480-156,58,-3480-155,58,-3480-154,58,-3480-153,58,-3480-152,58,-3480-151,58,-3480-150,58,-3480-149,58,-3480-148,58,-3480-147,58,-3480-146,58,-3480-145,58,-3480-144,58,-3480-143,58,-3480-142,58,-3480-141,58,-3480-140,58,-3480-139,58,-3480-138,58,-3480-137,58,-3480-136,58,-3480-135,58,-3480-134,58,-3480-133,58,-3480-132,58,-3480-131,58,-3480-130,58,-3480-129,58,-3480-128,58,-3480-127,58,-3480-126,58,-3480-125,58,-3480-124,58,-3480-123,58,-3480-122,58,-3480-121,58,-3480-120,58,-3480-119,58,-3480-118,58,-3480-117,58,-3480-116,58,-3480-115,58,-3480-114,58,-3480-113,58,-3480-112,58,-3480-111,58,-3480-110,58,-3480-109,58,-3480-108,58,-3480-107,58,-3480-106,58,-3480-105,58,-3480-104,58,-3480-103,58,-3480-102,58,-3480-101,58,-3480-100,58,-3480-99,58,-3480-98,58,-3480-97,58,-3480-96,58,-3480-95,58,-3480-94,58,-3480-93,58,-3480-92,58,-3480-91,58,-3480-90,58,-3480-89,58,-3480-88,58,-3480-87,58,-3480-86,58,-3480-85,58,-3480-84,58,-3480-83,58,-3480-82,58,-3480-81,58,-3480-80,58,-3480-79,58,-3480-78,58,-3480-77,58,-3480-76,58,-3480-75,58,-3480-74,58,-3480-73,58,-3480-72,58,-3480-71,58,-3480-70,58,-3480-69,58,-3480-68,58,-3480-67,58,-3480-66,58,-3480-65,58,-3480-64,58,-3480-63,58,-3480-62,58,-3480-61,58,-3480-60,58,-3480-59,58,-3480-58,58,-3480-57,58,-3480-56,58,-3480-55,58,-3480-54,58,-3480-53,58,-3480-52,58,-3480-51,58,-3480-50,58,-3480-49,58,-3480-48,58,-3480-47,58,-3480-46,58,-3480-45,58,-3480-44,58,-3480-43,58,-3480-42,58,-3480-41,58,-3480-40,58,-3480-39,58,-3480-38,58,-3480-37,58,-3480-36,58,-3480-35,58,-3480-34,58,-3480-33,58,-3480-32,58,-3480-31,58,-3480-30,58,-3480-29,58,-3480-28,58,-3480-27,58,-3480-26,58,-3480-25,58,-3480-24,58,-3480-23,58,-3480-22,58,-3480-21,58,-3480-20,58,-3480-19,58,-3480-18,58,-3480-17,58,-3480-16,58,-3480-15,58,-3480-14,58,-3480-13,58,-3480-12,58,-3480-11,58,-3480-10,58,-3480-9,58,-3480-8,58,-3480-7,58,-3480-6,58,-3480-5,58,-3480-4,58,-3480-3,58,-3480-2,58,-3400-1,58,-27200,58,-19201,58,-11602,58,-11603,58,-6404,58,-4005,58,-3606,58,-3207,58,-2008,58,-1609,58,-16010,58,-16011,58,-16012,58,-16013,58,-16014,58,-16015,58,-16016,58,-16017,58,-16018,58,-16019,58,-16020,58,-16021,58,-12022,58,-16023,58,-12024,58,-12025,58,-12026,58,-8027,58,-8028,58,-8029,58,-4030,58,031,58,12032,58,16033,58,20034,58,20035,58,20036,58,24037,58,24038,58,24039,58,24040,58,32041,58,32042,58,36043,58,40044,58,40045,58,40046,58,44047,58,44048,58,52049,58,68050,58,88051,58,108052,58,140053,58,160054,58,168055,58,164056,58,128057,58,92058,58,60059,58,48060,58,44061,58,44062,58,28063,58,4064,58,-12065,58,-40066,58,-64067,58,-112068,58,-200069,58,-256070,58,-348071,58,-348072,58,-348073,58,-348074,58,-348075,58,-348076,58,-348077,58,-348078,58,-348079,58,-348080,58,-348081,58,-348082,58,-348083,58,-348084,58,-348085,58,-348086,58,-348087,58,-348088,58,-348089,58,-348090,58,-348091,58,-348092,58,-348093,58,-348094,58,-348095,58,-348096,58,-348097,58,-348098,58,-348099,58,-3480100,58,-3480101,58,-3480102,58,-3480103,58,-3480104,58,-3480105,58,-3480106,58,-3480107,58,-3480108,58,-3480109,58,-3480110,58,-3480111,58,-3480112,58,-3480113,58,-3480114,58,-3480115,58,-3480116,58,-3480117,58,-3480118,58,-3480119,58,-3480120,58,-3480121,58,-3480122,58,-3480123,58,-3480124,58,-3480125,58,-3480126,58,-3480127,58,-3480128,58,-3480129,58,-3480130,58,-3480131,58,-3480132,58,-3480133,58,-3480134,58,-3480135,58,-3480136,58,-3480137,58,-3480138,58,-3480139,58,-3480140,58,-3480141,58,-3480142,58,-3480143,58,-3480144,58,-3480145,58,-3480146,58,-3480147,58,-3480148,58,-3480149,58,-3480150,58,-3480151,58,-3480152,58,-3480153,58,-3480154,58,-3480155,58,-3480156,58,-3480157,58,-3480158,58,-3480159,58,-3480160,58,-3480161,58,-3480162,58,-3480163,58,-3480164,58,-3480165,58,-3480166,58,-3480167,58,-3480168,58,-3480169,58,-3480170,58,-3480171,58,-3480172,58,-3480173,58,-3480174,58,-3480175,58,-3480176,58,-3480177,58,-3480178,58,-3480179,58,-3480-180,57,-3480-179,57,-3480-178,57,-3480-177,57,-3480-176,57,-3480-175,57,-3480-174,57,-3480-173,57,-3480-172,57,-3480-171,57,-3480-170,57,-3480-169,57,-3480-168,57,-3480-167,57,-3480-166,57,-3480-165,57,-3480-164,57,-3480-163,57,-3480-162,57,-3480-161,57,-3480-160,57,-3480-159,57,-3480-158,57,-3480-157,57,-3480-156,57,-3480-155,57,-3480-154,57,-3480-153,57,-3480-152,57,-3480-151,57,-3480-150,57,-3480-149,57,-3480-148,57,-3480-147,57,-3480-146,57,-3480-145,57,-3480-144,57,-3480-143,57,-3480-142,57,-3480-141,57,-3480-140,57,-3480-139,57,-3480-138,57,-3480-137,57,-3480-136,57,-3480-135,57,-3480-134,57,-3480-133,57,-3480-132,57,-3480-131,57,-3480-130,57,-3480-129,57,-3480-128,57,-3480-127,57,-3480-126,57,-3480-125,57,-3480-124,57,-3480-123,57,-3480-122,57,-3480-121,57,-3480-120,57,-3480-119,57,-3480-118,57,-3480-117,57,-3480-116,57,-3480-115,57,-3480-114,57,-3480-113,57,-3480-112,57,-3480-111,57,-3480-110,57,-3480-109,57,-3480-108,57,-3480-107,57,-3480-106,57,-3480-105,57,-3480-104,57,-3480-103,57,-3480-102,57,-3480-101,57,-3480-100,57,-3480-99,57,-3480-98,57,-3480-97,57,-3480-96,57,-3480-95,57,-3480-94,57,-3480-93,57,-3480-92,57,-3480-91,57,-3480-90,57,-3480-89,57,-3480-88,57,-3480-87,57,-3480-86,57,-3480-85,57,-3480-84,57,-3480-83,57,-3480-82,57,-3480-81,57,-3480-80,57,-3480-79,57,-3480-78,57,-3480-77,57,-3480-76,57,-3480-75,57,-3480-74,57,-3480-73,57,-3480-72,57,-3480-71,57,-3480-70,57,-3480-69,57,-3480-68,57,-3480-67,57,-3480-66,57,-3480-65,57,-3480-64,57,-3480-63,57,-3480-62,57,-3480-61,57,-3480-60,57,-3480-59,57,-3480-58,57,-3480-57,57,-3480-56,57,-3480-55,57,-3480-54,57,-3480-53,57,-3480-52,57,-3480-51,57,-3480-50,57,-3480-49,57,-3480-48,57,-3480-47,57,-3480-46,57,-3480-45,57,-3480-44,57,-3480-43,57,-3480-42,57,-3480-41,57,-3480-40,57,-3480-39,57,-3480-38,57,-3480-37,57,-3480-36,57,-3480-35,57,-3480-34,57,-3480-33,57,-3480-32,57,-3480-31,57,-3480-30,57,-3480-29,57,-3480-28,57,-3480-27,57,-3480-26,57,-3480-25,57,-3480-24,57,-3480-23,57,-3480-22,57,-3480-21,57,-3480-20,57,-3480-19,57,-3480-18,57,-3480-17,57,-3480-16,57,-3480-15,57,-3480-14,57,-3480-13,57,-3480-12,57,-3480-11,57,-3480-10,57,-3480-9,57,-3480-8,57,-3480-7,57,-3480-6,57,-3480-5,57,-3480-4,57,-3480-3,57,-3480-2,57,-3480-1,57,-30000,57,-23601,57,-20402,57,-14003,57,-9204,57,-5205,57,-4406,57,-4007,57,-3608,57,-2809,57,-24010,57,-20011,57,-16012,57,-16013,57,-16014,57,-16015,57,-16016,57,-16017,57,-16018,57,-16019,57,-16020,57,-16021,57,-12022,57,-12023,57,-8024,57,-12025,57,-8026,57,-4027,57,-4028,57,-4029,57,030,57,8031,57,16032,57,16033,57,20034,57,24035,57,20036,57,24037,57,28038,57,32039,57,40040,57,40041,57,44042,57,56043,57,56044,57,56045,57,56046,57,64047,57,68048,57,68049,57,92050,57,108051,57,116052,57,132053,57,148054,57,168055,57,176056,57,168057,57,156058,57,128059,57,100060,57,92061,57,76062,57,60063,57,44064,57,16065,57,-8066,57,-40067,57,-80068,57,-148069,57,-224070,57,-312071,57,-348072,57,-348073,57,-348074,57,-348075,57,-348076,57,-348077,57,-348078,57,-348079,57,-348080,57,-348081,57,-348082,57,-348083,57,-348084,57,-348085,57,-348086,57,-348087,57,-348088,57,-348089,57,-348090,57,-348091,57,-348092,57,-348093,57,-348094,57,-348095,57,-348096,57,-348097,57,-348098,57,-348099,57,-3480100,57,-3480101,57,-3480102,57,-3480103,57,-3480104,57,-3480105,57,-3480106,57,-3480107,57,-3480108,57,-3480109,57,-3480110,57,-3480111,57,-3480112,57,-3480113,57,-3480114,57,-3480115,57,-3480116,57,-3480117,57,-3480118,57,-3480119,57,-3480120,57,-3480121,57,-3480122,57,-3480123,57,-3480124,57,-3480125,57,-3480126,57,-3480127,57,-3480128,57,-3480129,57,-3480130,57,-3480131,57,-3480132,57,-3480133,57,-3480134,57,-3480135,57,-3480136,57,-3480137,57,-3480138,57,-3480139,57,-3480140,57,-3480141,57,-3480142,57,-3480143,57,-3480144,57,-3480145,57,-3480146,57,-3480147,57,-3480148,57,-3480149,57,-3480150,57,-3480151,57,-3480152,57,-3480153,57,-3480154,57,-3480155,57,-3480156,57,-3480157,57,-3480158,57,-3480159,57,-3480160,57,-3480161,57,-3480162,57,-3480163,57,-3480164,57,-3480165,57,-3480166,57,-3480167,57,-3480168,57,-3480169,57,-3480170,57,-3480171,57,-3480172,57,-3480173,57,-3480174,57,-3480175,57,-3480176,57,-3480177,57,-3480178,57,-3480179,57,-3480-180,56,-3480-179,56,-3480-178,56,-3480-177,56,-3480-176,56,-3480-175,56,-3480-174,56,-3480-173,56,-3480-172,56,-3480-171,56,-3480-170,56,-3480-169,56,-3480-168,56,-3480-167,56,-3480-166,56,-3480-165,56,-3480-164,56,-3480-163,56,-3480-162,56,-3480-161,56,-3480-160,56,-3480-159,56,-3480-158,56,-3480-157,56,-3480-156,56,-3480-155,56,-3480-154,56,-3480-153,56,-3480-152,56,-3480-151,56,-3480-150,56,-3480-149,56,-3480-148,56,-3480-147,56,-3480-146,56,-3480-145,56,-3480-144,56,-3480-143,56,-3480-142,56,-3480-141,56,-3480-140,56,-3480-139,56,-3480-138,56,-3480-137,56,-3480-136,56,-3480-135,56,-3480-134,56,-3480-133,56,-3480-132,56,-3480-131,56,-3480-130,56,-3480-129,56,-3480-128,56,-3480-127,56,-3480-126,56,-3480-125,56,-3480-124,56,-3480-123,56,-3480-122,56,-3480-121,56,-3480-120,56,-3480-119,56,-3480-118,56,-3480-117,56,-3480-116,56,-3480-115,56,-3480-114,56,-3480-113,56,-3480-112,56,-3480-111,56,-3480-110,56,-3480-109,56,-3480-108,56,-3480-107,56,-3480-106,56,-3480-105,56,-3480-104,56,-3480-103,56,-3480-102,56,-3480-101,56,-3480-100,56,-3480-99,56,-3480-98,56,-3480-97,56,-3480-96,56,-3480-95,56,-3480-94,56,-3480-93,56,-3480-92,56,-3480-91,56,-3480-90,56,-3480-89,56,-3480-88,56,-3480-87,56,-3480-86,56,-3480-85,56,-3480-84,56,-3480-83,56,-3480-82,56,-3480-81,56,-3480-80,56,-3480-79,56,-3480-78,56,-3480-77,56,-3480-76,56,-3480-75,56,-3480-74,56,-3480-73,56,-3480-72,56,-3480-71,56,-3480-70,56,-3480-69,56,-3480-68,56,-3480-67,56,-3480-66,56,-3480-65,56,-3480-64,56,-3480-63,56,-3480-62,56,-3480-61,56,-3480-60,56,-3480-59,56,-3480-58,56,-3480-57,56,-3480-56,56,-3480-55,56,-3480-54,56,-3480-53,56,-3480-52,56,-3480-51,56,-3480-50,56,-3480-49,56,-3480-48,56,-3480-47,56,-3480-46,56,-3480-45,56,-3480-44,56,-3480-43,56,-3480-42,56,-3480-41,56,-3480-40,56,-3480-39,56,-3480-38,56,-3480-37,56,-3480-36,56,-3480-35,56,-3480-34,56,-3480-33,56,-3480-32,56,-3480-31,56,-3480-30,56,-3480-29,56,-3480-28,56,-3480-27,56,-3480-26,56,-3480-25,56,-3480-24,56,-3480-23,56,-3480-22,56,-3480-21,56,-3480-20,56,-3480-19,56,-3480-18,56,-3480-17,56,-3480-16,56,-3480-15,56,-3480-14,56,-3480-13,56,-3480-12,56,-3480-11,56,-3480-10,56,-3480-9,56,-3480-8,56,-3480-7,56,-3480-6,56,-3480-5,56,-3480-4,56,-3480-3,56,-3480-2,56,-3480-1,56,-30800,56,-26001,56,-24002,56,-24003,56,-15204,56,-8805,56,-6406,56,-5607,56,-4408,56,-4009,56,-36010,56,-32011,56,-28012,56,-20013,56,-16014,56,-16015,56,-16016,56,-16017,56,-16018,56,-16019,56,-16020,56,-16021,56,-12022,56,-8023,56,-8024,56,4025,56,4026,56,027,56,028,56,4029,56,8030,56,12031,56,16032,56,16033,56,28034,56,28035,56,28036,56,28037,56,36038,56,36039,56,48040,56,56041,56,64042,56,68043,56,80044,56,80045,56,96046,56,112047,56,124048,56,140049,56,156050,56,160051,56,160052,56,168053,56,180054,56,176055,56,172056,56,176057,56,184058,56,184059,56,180060,56,152061,56,124062,56,96063,56,68064,56,48065,56,16066,56,-16067,56,-48068,56,-88069,56,-160070,56,-232071,56,-336072,56,-348073,56,-348074,56,-348075,56,-348076,56,-348077,56,-348078,56,-348079,56,-348080,56,-348081,56,-348082,56,-348083,56,-348084,56,-348085,56,-348086,56,-348087,56,-348088,56,-348089,56,-348090,56,-348091,56,-348092,56,-348093,56,-348094,56,-348095,56,-348096,56,-348097,56,-348098,56,-348099,56,-3480100,56,-3480101,56,-3480102,56,-3480103,56,-3480104,56,-3480105,56,-3480106,56,-3480107,56,-3480108,56,-3480109,56,-3480110,56,-3480111,56,-3480112,56,-3480113,56,-3480114,56,-3480115,56,-3480116,56,-3480117,56,-3480118,56,-3480119,56,-3480120,56,-3480121,56,-3480122,56,-3480123,56,-3480124,56,-3480125,56,-3480126,56,-3480127,56,-3480128,56,-3480129,56,-3480130,56,-3480131,56,-3480132,56,-3480133,56,-3480134,56,-3480135,56,-3480136,56,-3480137,56,-3480138,56,-3480139,56,-3480140,56,-3480141,56,-3480142,56,-3480143,56,-3480144,56,-3480145,56,-3480146,56,-3480147,56,-3480148,56,-3480149,56,-3480150,56,-3480151,56,-3480152,56,-3480153,56,-3480154,56,-3480155,56,-3480156,56,-3480157,56,-3480158,56,-3480159,56,-3480160,56,-3480161,56,-3480162,56,-3480163,56,-3480164,56,-3480165,56,-3480166,56,-3480167,56,-3480168,56,-3480169,56,-3480170,56,-3480171,56,-3480172,56,-3480173,56,-3480174,56,-3480175,56,-3480176,56,-3480177,56,-3480178,56,-3480179,56,-3480-180,55,-3480-179,55,-3480-178,55,-3480-177,55,-3480-176,55,-3480-175,55,-3480-174,55,-3480-173,55,-3480-172,55,-3480-171,55,-3480-170,55,-3480-169,55,-3480-168,55,-3480-167,55,-3480-166,55,-3480-165,55,-3480-164,55,-3480-163,55,-3480-162,55,-3480-161,55,-3480-160,55,-3480-159,55,-3480-158,55,-3480-157,55,-3480-156,55,-3480-155,55,-3480-154,55,-3480-153,55,-3480-152,55,-3480-151,55,-3480-150,55,-3480-149,55,-3480-148,55,-3480-147,55,-3480-146,55,-3480-145,55,-3480-144,55,-3480-143,55,-3480-142,55,-3480-141,55,-3480-140,55,-3480-139,55,-3480-138,55,-3480-137,55,-3480-136,55,-3480-135,55,-3480-134,55,-3480-133,55,-3480-132,55,-3480-131,55,-3480-130,55,-3480-129,55,-3480-128,55,-3480-127,55,-3480-126,55,-3480-125,55,-3480-124,55,-3480-123,55,-3480-122,55,-3480-121,55,-3480-120,55,-3480-119,55,-3480-118,55,-3480-117,55,-3480-116,55,-3480-115,55,-3480-114,55,-3480-113,55,-3480-112,55,-3480-111,55,-3480-110,55,-3480-109,55,-3480-108,55,-3480-107,55,-3480-106,55,-3480-105,55,-3480-104,55,-3480-103,55,-3480-102,55,-3480-101,55,-3480-100,55,-3480-99,55,-3480-98,55,-3480-97,55,-3480-96,55,-3480-95,55,-3480-94,55,-3480-93,55,-3480-92,55,-3480-91,55,-3480-90,55,-3480-89,55,-3480-88,55,-3480-87,55,-3480-86,55,-3480-85,55,-3480-84,55,-3480-83,55,-3480-82,55,-3480-81,55,-3480-80,55,-3480-79,55,-3480-78,55,-3480-77,55,-3480-76,55,-3480-75,55,-3480-74,55,-3480-73,55,-3480-72,55,-3480-71,55,-3480-70,55,-3480-69,55,-3480-68,55,-3480-67,55,-3480-66,55,-3480-65,55,-3480-64,55,-3480-63,55,-3480-62,55,-3480-61,55,-3480-60,55,-3480-59,55,-3480-58,55,-3480-57,55,-3480-56,55,-3480-55,55,-3480-54,55,-3480-53,55,-3480-52,55,-3480-51,55,-3480-50,55,-3480-49,55,-3480-48,55,-3480-47,55,-3480-46,55,-3480-45,55,-3480-44,55,-3480-43,55,-3480-42,55,-3480-41,55,-3480-40,55,-3480-39,55,-3480-38,55,-3480-37,55,-3480-36,55,-3480-35,55,-3480-34,55,-3480-33,55,-3480-32,55,-3480-31,55,-3480-30,55,-3480-29,55,-3480-28,55,-3480-27,55,-3480-26,55,-3480-25,55,-3480-24,55,-3480-23,55,-3480-22,55,-3480-21,55,-3480-20,55,-3480-19,55,-3480-18,55,-3480-17,55,-3480-16,55,-3480-15,55,-3480-14,55,-3480-13,55,-3480-12,55,-3480-11,55,-3480-10,55,-3480-9,55,-3480-8,55,-3480-7,55,-3480-6,55,-3480-5,55,-3480-4,55,-3480-3,55,-3480-2,55,-3480-1,55,-31600,55,-27601,55,-27602,55,-26403,55,-23604,55,-20405,55,-12006,55,-7607,55,-5608,55,-5609,55,-52010,55,-48011,55,-36012,55,-32013,55,-20014,55,-16015,55,-16016,55,-16017,55,-16018,55,-16019,55,-16020,55,-12021,55,-12022,55,-8023,55,024,55,4025,55,4026,55,4027,55,8028,55,12029,55,12030,55,16031,55,16032,55,20033,55,28034,55,32035,55,32036,55,36037,55,44038,55,48039,55,60040,55,68041,55,80042,55,96043,55,100044,55,104045,55,120046,55,144047,55,168048,55,172049,55,180050,55,184051,55,180052,55,188053,55,192054,55,192055,55,184056,55,180057,55,176058,55,180059,55,180060,55,184061,55,180062,55,152063,55,136064,55,104065,55,76066,55,28067,55,-24068,55,-64069,55,-108070,55,-172071,55,-268072,55,-348073,55,-348074,55,-348075,55,-348076,55,-348077,55,-348078,55,-348079,55,-348080,55,-348081,55,-348082,55,-348083,55,-348084,55,-348085,55,-348086,55,-348087,55,-348088,55,-348089,55,-348090,55,-348091,55,-348092,55,-348093,55,-348094,55,-348095,55,-348096,55,-348097,55,-348098,55,-348099,55,-3480100,55,-3480101,55,-3480102,55,-3480103,55,-3480104,55,-3480105,55,-3480106,55,-3480107,55,-3480108,55,-3480109,55,-3480110,55,-3480111,55,-3480112,55,-3480113,55,-3480114,55,-3480115,55,-3480116,55,-3480117,55,-3480118,55,-3480119,55,-3480120,55,-3480121,55,-3480122,55,-3480123,55,-3480124,55,-3480125,55,-3480126,55,-3480127,55,-3480128,55,-3480129,55,-3480130,55,-3480131,55,-3480132,55,-3480133,55,-3480134,55,-3480135,55,-3480136,55,-3480137,55,-3480138,55,-3480139,55,-3480140,55,-3480141,55,-3480142,55,-3480143,55,-3480144,55,-3480145,55,-3480146,55,-3480147,55,-3480148,55,-3480149,55,-3480150,55,-3480151,55,-3480152,55,-3480153,55,-3480154,55,-3480155,55,-3480156,55,-3480157,55,-3480158,55,-3480159,55,-3480160,55,-3480161,55,-3480162,55,-3480163,55,-3480164,55,-3480165,55,-3480166,55,-3480167,55,-3480168,55,-3480169,55,-3480170,55,-3480171,55,-3480172,55,-3480173,55,-3480174,55,-3480175,55,-3480176,55,-3480177,55,-3480178,55,-3480179,55,-3480-180,54,-3480-179,54,-3480-178,54,-3480-177,54,-3480-176,54,-3480-175,54,-3480-174,54,-3480-173,54,-3480-172,54,-3480-171,54,-3480-170,54,-3480-169,54,-3480-168,54,-3480-167,54,-3480-166,54,-3480-165,54,-3480-164,54,-3480-163,54,-3480-162,54,-3480-161,54,-3480-160,54,-3480-159,54,-3480-158,54,-3480-157,54,-3480-156,54,-3480-155,54,-3480-154,54,-3480-153,54,-3480-152,54,-3480-151,54,-3480-150,54,-3480-149,54,-3480-148,54,-3480-147,54,-3480-146,54,-3480-145,54,-3480-144,54,-3480-143,54,-3480-142,54,-3480-141,54,-3480-140,54,-3480-139,54,-3480-138,54,-3480-137,54,-3480-136,54,-3480-135,54,-3480-134,54,-3480-133,54,-3480-132,54,-3480-131,54,-3480-130,54,-3480-129,54,-3480-128,54,-3480-127,54,-3480-126,54,-3480-125,54,-3480-124,54,-3480-123,54,-3480-122,54,-3480-121,54,-3480-120,54,-3480-119,54,-3480-118,54,-3480-117,54,-3480-116,54,-3480-115,54,-3480-114,54,-3480-113,54,-3480-112,54,-3480-111,54,-3480-110,54,-3480-109,54,-3480-108,54,-3480-107,54,-3480-106,54,-3480-105,54,-3480-104,54,-3480-103,54,-3480-102,54,-3480-101,54,-3480-100,54,-3480-99,54,-3480-98,54,-3480-97,54,-3480-96,54,-3480-95,54,-3480-94,54,-3480-93,54,-3480-92,54,-3480-91,54,-3480-90,54,-3480-89,54,-3480-88,54,-3480-87,54,-3480-86,54,-3480-85,54,-3480-84,54,-3480-83,54,-3480-82,54,-3480-81,54,-3480-80,54,-3480-79,54,-3480-78,54,-3480-77,54,-3480-76,54,-3480-75,54,-3480-74,54,-3480-73,54,-3480-72,54,-3480-71,54,-3480-70,54,-3480-69,54,-3480-68,54,-3480-67,54,-3480-66,54,-3480-65,54,-3480-64,54,-3480-63,54,-3480-62,54,-3480-61,54,-3480-60,54,-3480-59,54,-3480-58,54,-3480-57,54,-3480-56,54,-3480-55,54,-3480-54,54,-3480-53,54,-3480-52,54,-3480-51,54,-3480-50,54,-3480-49,54,-3480-48,54,-3480-47,54,-3480-46,54,-3480-45,54,-3480-44,54,-3480-43,54,-3480-42,54,-3480-41,54,-3480-40,54,-3480-39,54,-3480-38,54,-3480-37,54,-3480-36,54,-3480-35,54,-3480-34,54,-3480-33,54,-3480-32,54,-3480-31,54,-3480-30,54,-3480-29,54,-3480-28,54,-3480-27,54,-3480-26,54,-3480-25,54,-3480-24,54,-3480-23,54,-3480-22,54,-3480-21,54,-3480-20,54,-3480-19,54,-3480-18,54,-3480-17,54,-3480-16,54,-3480-15,54,-3480-14,54,-3480-13,54,-3480-12,54,-3480-11,54,-3480-10,54,-3480-9,54,-3480-8,54,-3480-7,54,-3480-6,54,-3480-5,54,-3480-4,54,-3480-3,54,-3480-2,54,-3480-1,54,-32000,54,-28801,54,-28402,54,-27603,54,-24804,54,-22805,54,-14006,54,-10807,54,-8808,54,-8009,54,-76010,54,-64011,54,-52012,54,-44013,54,-32014,54,-24015,54,-16016,54,-20017,54,-16018,54,-20019,54,-16020,54,-16021,54,-12022,54,-8023,54,-4024,54,4025,54,4026,54,8027,54,12028,54,16029,54,20030,54,20031,54,24032,54,24033,54,32034,54,28035,54,32036,54,36037,54,44038,54,48039,54,48040,54,64041,54,76042,54,92043,54,104044,54,104045,54,104046,54,120047,54,144048,54,148049,54,144050,54,140051,54,140052,54,136053,54,136054,54,144055,54,152056,54,148057,54,148058,54,164059,54,176060,54,176061,54,168062,54,176063,54,192064,54,168065,54,136066,54,80067,54,12068,54,-36069,54,-72070,54,-128071,54,-200072,54,-332073,54,-348074,54,-348075,54,-348076,54,-348077,54,-348078,54,-348079,54,-348080,54,-348081,54,-348082,54,-348083,54,-348084,54,-348085,54,-348086,54,-348087,54,-348088,54,-348089,54,-348090,54,-348091,54,-348092,54,-348093,54,-348094,54,-348095,54,-348096,54,-348097,54,-348098,54,-348099,54,-3480100,54,-3480101,54,-3480102,54,-3480103,54,-3480104,54,-3480105,54,-3480106,54,-3480107,54,-3480108,54,-3480109,54,-3480110,54,-3480111,54,-3480112,54,-3480113,54,-3480114,54,-3480115,54,-3480116,54,-3480117,54,-3480118,54,-3480119,54,-3480120,54,-3480121,54,-3480122,54,-3480123,54,-3480124,54,-3480125,54,-3480126,54,-3480127,54,-3480128,54,-3480129,54,-3480130,54,-3480131,54,-3480132,54,-3480133,54,-3480134,54,-3480135,54,-3480136,54,-3480137,54,-3480138,54,-3480139,54,-3480140,54,-3480141,54,-3480142,54,-3480143,54,-3480144,54,-3480145,54,-3480146,54,-3480147,54,-3480148,54,-3480149,54,-3480150,54,-3480151,54,-3480152,54,-3480153,54,-3480154,54,-3480155,54,-3480156,54,-3480157,54,-3480158,54,-3480159,54,-3480160,54,-3480161,54,-3480162,54,-3480163,54,-3480164,54,-3480165,54,-3480166,54,-3480167,54,-3480168,54,-3480169,54,-3480170,54,-3480171,54,-3480172,54,-3480173,54,-3480174,54,-3480175,54,-3480176,54,-3480177,54,-3480178,54,-3480179,54,-3480-180,53,-3480-179,53,-3480-178,53,-3480-177,53,-3480-176,53,-3480-175,53,-3480-174,53,-3480-173,53,-3480-172,53,-3480-171,53,-3480-170,53,-3480-169,53,-3480-168,53,-3480-167,53,-3480-166,53,-3480-165,53,-3480-164,53,-3480-163,53,-3480-162,53,-3480-161,53,-3480-160,53,-3480-159,53,-3480-158,53,-3480-157,53,-3480-156,53,-3480-155,53,-3480-154,53,-3480-153,53,-3480-152,53,-3480-151,53,-3480-150,53,-3480-149,53,-3480-148,53,-3480-147,53,-3480-146,53,-3480-145,53,-3480-144,53,-3480-143,53,-3480-142,53,-3480-141,53,-3480-140,53,-3480-139,53,-3480-138,53,-3480-137,53,-3480-136,53,-3480-135,53,-3480-134,53,-3480-133,53,-3480-132,53,-3480-131,53,-3480-130,53,-3480-129,53,-3480-128,53,-3480-127,53,-3480-126,53,-3480-125,53,-3480-124,53,-3480-123,53,-3480-122,53,-3480-121,53,-3480-120,53,-3480-119,53,-3480-118,53,-3480-117,53,-3480-116,53,-3480-115,53,-3480-114,53,-3480-113,53,-3480-112,53,-3480-111,53,-3480-110,53,-3480-109,53,-3480-108,53,-3480-107,53,-3480-106,53,-3480-105,53,-3480-104,53,-3480-103,53,-3480-102,53,-3480-101,53,-3480-100,53,-3480-99,53,-3480-98,53,-3480-97,53,-3480-96,53,-3480-95,53,-3480-94,53,-3480-93,53,-3480-92,53,-3480-91,53,-3480-90,53,-3480-89,53,-3480-88,53,-3480-87,53,-3480-86,53,-3480-85,53,-3480-84,53,-3480-83,53,-3480-82,53,-3480-81,53,-3480-80,53,-3480-79,53,-3480-78,53,-3480-77,53,-3480-76,53,-3480-75,53,-3480-74,53,-3480-73,53,-3480-72,53,-3480-71,53,-3480-70,53,-3480-69,53,-3480-68,53,-3480-67,53,-3480-66,53,-3480-65,53,-3480-64,53,-3480-63,53,-3480-62,53,-3480-61,53,-3480-60,53,-3480-59,53,-3480-58,53,-3480-57,53,-3480-56,53,-3480-55,53,-3480-54,53,-3480-53,53,-3480-52,53,-3480-51,53,-3480-50,53,-3480-49,53,-3480-48,53,-3480-47,53,-3480-46,53,-3480-45,53,-3480-44,53,-3480-43,53,-3480-42,53,-3480-41,53,-3480-40,53,-3480-39,53,-3480-38,53,-3480-37,53,-3480-36,53,-3480-35,53,-3480-34,53,-3480-33,53,-3480-32,53,-3480-31,53,-3480-30,53,-3480-29,53,-3480-28,53,-3480-27,53,-3480-26,53,-3480-25,53,-3480-24,53,-3480-23,53,-3480-22,53,-3480-21,53,-3480-20,53,-3480-19,53,-3480-18,53,-3480-17,53,-3480-16,53,-3480-15,53,-3480-14,53,-3480-13,53,-3480-12,53,-3480-11,53,-3480-10,53,-3480-9,53,-3480-8,53,-3480-7,53,-3480-6,53,-3480-5,53,-3480-4,53,-3480-3,53,-3480-2,53,-3440-1,53,-29200,53,-27601,53,-27602,53,-26803,53,-23604,53,-20005,53,-18406,53,-13607,53,-10008,53,-8809,53,-88010,53,-88011,53,-76012,53,-88013,53,-84014,53,-64015,53,-32016,53,-20017,53,-24018,53,-20019,53,-16020,53,-12021,53,-12022,53,-8023,53,-8024,53,-4025,53,4026,53,8027,53,12028,53,20029,53,20030,53,24031,53,24032,53,24033,53,28034,53,32035,53,36036,53,36037,53,36038,53,36039,53,36040,53,36041,53,48042,53,52043,53,60044,53,64045,53,68046,53,76047,53,80048,53,88049,53,84050,53,84051,53,76052,53,88053,53,92054,53,92055,53,88056,53,88057,53,108058,53,140059,53,156060,53,168061,53,180062,53,180063,53,184064,53,192065,53,168066,53,124067,53,52068,53,-4069,53,-52070,53,-88071,53,-156072,53,-288073,53,-348074,53,-348075,53,-348076,53,-348077,53,-348078,53,-348079,53,-348080,53,-348081,53,-348082,53,-348083,53,-348084,53,-348085,53,-348086,53,-348087,53,-348088,53,-348089,53,-348090,53,-348091,53,-348092,53,-348093,53,-348094,53,-348095,53,-348096,53,-348097,53,-348098,53,-348099,53,-3480100,53,-3480101,53,-3480102,53,-3480103,53,-3480104,53,-3480105,53,-3480106,53,-3480107,53,-3480108,53,-3480109,53,-3480110,53,-3480111,53,-3480112,53,-3480113,53,-3480114,53,-3480115,53,-3480116,53,-3480117,53,-3480118,53,-3480119,53,-3480120,53,-3480121,53,-3480122,53,-3480123,53,-3480124,53,-3480125,53,-3480126,53,-3480127,53,-3480128,53,-3480129,53,-3480130,53,-3480131,53,-3480132,53,-3480133,53,-3480134,53,-3480135,53,-3480136,53,-3480137,53,-3480138,53,-3480139,53,-3480140,53,-3480141,53,-3480142,53,-3480143,53,-3480144,53,-3480145,53,-3480146,53,-3480147,53,-3480148,53,-3480149,53,-3480150,53,-3480151,53,-3480152,53,-3480153,53,-3480154,53,-3480155,53,-3480156,53,-3480157,53,-3480158,53,-3480159,53,-3480160,53,-3480161,53,-3480162,53,-3480163,53,-3480164,53,-3480165,53,-3480166,53,-3480167,53,-3480168,53,-3480169,53,-3480170,53,-3480171,53,-3480172,53,-3480173,53,-3480174,53,-3480175,53,-3480176,53,-3480177,53,-3480178,53,-3480179,53,-3480-180,52,-3480-179,52,-3480-178,52,-3480-177,52,-3480-176,52,-3480-175,52,-3480-174,52,-3480-173,52,-3480-172,52,-3480-171,52,-3480-170,52,-3480-169,52,-3480-168,52,-3480-167,52,-3480-166,52,-3480-165,52,-3480-164,52,-3480-163,52,-3480-162,52,-3480-161,52,-3480-160,52,-3480-159,52,-3480-158,52,-3480-157,52,-3480-156,52,-3480-155,52,-3480-154,52,-3480-153,52,-3480-152,52,-3480-151,52,-3480-150,52,-3480-149,52,-3480-148,52,-3480-147,52,-3480-146,52,-3480-145,52,-3480-144,52,-3480-143,52,-3480-142,52,-3480-141,52,-3480-140,52,-3480-139,52,-3480-138,52,-3480-137,52,-3480-136,52,-3480-135,52,-3480-134,52,-3480-133,52,-3480-132,52,-3480-131,52,-3480-130,52,-3480-129,52,-3480-128,52,-3480-127,52,-3480-126,52,-3480-125,52,-3480-124,52,-3480-123,52,-3480-122,52,-3480-121,52,-3480-120,52,-3480-119,52,-3480-118,52,-3480-117,52,-3480-116,52,-3480-115,52,-3480-114,52,-3480-113,52,-3480-112,52,-3480-111,52,-3480-110,52,-3480-109,52,-3480-108,52,-3480-107,52,-3480-106,52,-3480-105,52,-3480-104,52,-3480-103,52,-3480-102,52,-3480-101,52,-3480-100,52,-3480-99,52,-3480-98,52,-3480-97,52,-3480-96,52,-3480-95,52,-3480-94,52,-3480-93,52,-3480-92,52,-3480-91,52,-3480-90,52,-3480-89,52,-3480-88,52,-3480-87,52,-3480-86,52,-3480-85,52,-3480-84,52,-3480-83,52,-3480-82,52,-3480-81,52,-3480-80,52,-3480-79,52,-3480-78,52,-3480-77,52,-3480-76,52,-3480-75,52,-3480-74,52,-3480-73,52,-3480-72,52,-3480-71,52,-3480-70,52,-3480-69,52,-3480-68,52,-3480-67,52,-3480-66,52,-3480-65,52,-3480-64,52,-3480-63,52,-3480-62,52,-3480-61,52,-3480-60,52,-3480-59,52,-3480-58,52,-3480-57,52,-3480-56,52,-3480-55,52,-3480-54,52,-3480-53,52,-3480-52,52,-3480-51,52,-3480-50,52,-3480-49,52,-3480-48,52,-3480-47,52,-3480-46,52,-3480-45,52,-3480-44,52,-3480-43,52,-3480-42,52,-3480-41,52,-3480-40,52,-3480-39,52,-3480-38,52,-3480-37,52,-3480-36,52,-3480-35,52,-3480-34,52,-3480-33,52,-3480-32,52,-3480-31,52,-3480-30,52,-3480-29,52,-3480-28,52,-3480-27,52,-3480-26,52,-3480-25,52,-3480-24,52,-3480-23,52,-3480-22,52,-3480-21,52,-3480-20,52,-3480-19,52,-3480-18,52,-3480-17,52,-3480-16,52,-3480-15,52,-3480-14,52,-3480-13,52,-3480-12,52,-3480-11,52,-3480-10,52,-3480-9,52,-3480-8,52,-3480-7,52,-3480-6,52,-3480-5,52,-3480-4,52,-3480-3,52,-3480-2,52,-3160-1,52,-25200,52,-26001,52,-25202,52,-22803,52,-19604,52,-16805,52,-15206,52,-14407,52,-14008,52,-14409,52,-144010,52,-140011,52,-132012,52,-120013,52,-108014,52,-104015,52,-88016,52,-64017,52,-36018,52,-24019,52,-20020,52,-16021,52,-12022,52,-12023,52,-8024,52,-8025,52,-4026,52,4027,52,12028,52,20029,52,20030,52,24031,52,20032,52,28033,52,24034,52,32035,52,32036,52,32037,52,32038,52,28039,52,24040,52,28041,52,32042,52,32043,52,40044,52,40045,52,44046,52,36047,52,40048,52,40049,52,40050,52,44051,52,40052,52,44053,52,48054,52,44055,52,48056,52,52057,52,80058,52,128059,52,164060,52,172061,52,184062,52,196063,52,184064,52,180065,52,192066,52,152067,52,100068,52,36069,52,-24070,52,-60071,52,-120072,52,-240073,52,-336074,52,-348075,52,-348076,52,-348077,52,-348078,52,-348079,52,-348080,52,-348081,52,-348082,52,-348083,52,-348084,52,-348085,52,-348086,52,-348087,52,-348088,52,-348089,52,-348090,52,-348091,52,-348092,52,-348093,52,-348094,52,-348095,52,-348096,52,-348097,52,-348098,52,-348099,52,-3480100,52,-3480101,52,-3480102,52,-3480103,52,-3480104,52,-3480105,52,-3480106,52,-3480107,52,-3480108,52,-3480109,52,-3480110,52,-3480111,52,-3480112,52,-3480113,52,-3480114,52,-3480115,52,-3480116,52,-3480117,52,-3480118,52,-3480119,52,-3480120,52,-3480121,52,-3480122,52,-3480123,52,-3480124,52,-3480125,52,-3480126,52,-3480127,52,-3480128,52,-3480129,52,-3480130,52,-3480131,52,-3480132,52,-3480133,52,-3480134,52,-3480135,52,-3480136,52,-3480137,52,-3480138,52,-3480139,52,-3480140,52,-3480141,52,-3480142,52,-3480143,52,-3480144,52,-3480145,52,-3480146,52,-3480147,52,-3480148,52,-3480149,52,-3480150,52,-3480151,52,-3480152,52,-3480153,52,-3480154,52,-3480155,52,-3480156,52,-3480157,52,-3480158,52,-3480159,52,-3480160,52,-3480161,52,-3480162,52,-3480163,52,-3480164,52,-3480165,52,-3480166,52,-3480167,52,-3480168,52,-3480169,52,-3480170,52,-3480171,52,-3480172,52,-3480173,52,-3480174,52,-3480175,52,-3480176,52,-3480177,52,-3480178,52,-3480179,52,-3480-180,51,-3480-179,51,-3480-178,51,-3480-177,51,-3480-176,51,-3480-175,51,-3480-174,51,-3480-173,51,-3480-172,51,-3480-171,51,-3480-170,51,-3480-169,51,-3480-168,51,-3480-167,51,-3480-166,51,-3480-165,51,-3480-164,51,-3480-163,51,-3480-162,51,-3480-161,51,-3480-160,51,-3480-159,51,-3480-158,51,-3480-157,51,-3480-156,51,-3480-155,51,-3480-154,51,-3480-153,51,-3480-152,51,-3480-151,51,-3480-150,51,-3480-149,51,-3480-148,51,-3480-147,51,-3480-146,51,-3480-145,51,-3480-144,51,-3480-143,51,-3480-142,51,-3480-141,51,-3480-140,51,-3480-139,51,-3480-138,51,-3480-137,51,-3480-136,51,-3480-135,51,-3480-134,51,-3480-133,51,-3480-132,51,-3480-131,51,-3480-130,51,-3480-129,51,-3480-128,51,-3480-127,51,-3480-126,51,-3480-125,51,-3480-124,51,-3480-123,51,-3480-122,51,-3480-121,51,-3480-120,51,-3480-119,51,-3480-118,51,-3480-117,51,-3480-116,51,-3480-115,51,-3480-114,51,-3480-113,51,-3480-112,51,-3480-111,51,-3480-110,51,-3480-109,51,-3480-108,51,-3480-107,51,-3480-106,51,-3480-105,51,-3480-104,51,-3480-103,51,-3480-102,51,-3480-101,51,-3480-100,51,-3480-99,51,-3480-98,51,-3480-97,51,-3480-96,51,-3480-95,51,-3480-94,51,-3480-93,51,-3480-92,51,-3480-91,51,-3480-90,51,-3480-89,51,-3480-88,51,-3480-87,51,-3480-86,51,-3480-85,51,-3480-84,51,-3480-83,51,-3480-82,51,-3480-81,51,-3480-80,51,-3480-79,51,-3480-78,51,-3480-77,51,-3480-76,51,-3480-75,51,-3480-74,51,-3480-73,51,-3480-72,51,-3480-71,51,-3480-70,51,-3480-69,51,-3480-68,51,-3480-67,51,-3480-66,51,-3480-65,51,-3480-64,51,-3480-63,51,-3480-62,51,-3480-61,51,-3480-60,51,-3480-59,51,-3480-58,51,-3480-57,51,-3480-56,51,-3480-55,51,-3480-54,51,-3480-53,51,-3480-52,51,-3480-51,51,-3480-50,51,-3480-49,51,-3480-48,51,-3480-47,51,-3480-46,51,-3480-45,51,-3480-44,51,-3480-43,51,-3480-42,51,-3480-41,51,-3480-40,51,-3480-39,51,-3480-38,51,-3480-37,51,-3480-36,51,-3480-35,51,-3480-34,51,-3480-33,51,-3480-32,51,-3480-31,51,-3480-30,51,-3480-29,51,-3480-28,51,-3480-27,51,-3480-26,51,-3480-25,51,-3480-24,51,-3480-23,51,-3480-22,51,-3480-21,51,-3480-20,51,-3480-19,51,-3480-18,51,-3480-17,51,-3480-16,51,-3480-15,51,-3480-14,51,-3480-13,51,-3480-12,51,-3480-11,51,-3480-10,51,-3480-9,51,-3480-8,51,-3480-7,51,-3480-6,51,-3480-5,51,-3480-4,51,-3480-3,51,-3320-2,51,-2640-1,51,-23200,51,-21601,51,-19602,51,-17603,51,-14804,51,-13205,51,-12406,51,-12007,51,-12008,51,-12009,51,-124010,51,-124011,51,-120012,51,-112013,51,-108014,51,-100015,51,-92016,51,-72017,51,-36018,51,-24019,51,-20020,51,-16021,51,-12022,51,-12023,51,-8024,51,-8025,51,-8026,51,027,51,8028,51,16029,51,20030,51,24031,51,24032,51,20033,51,20034,51,28035,51,28036,51,28037,51,24038,51,24039,51,24040,51,24041,51,24042,51,24043,51,24044,51,24045,51,32046,51,28047,51,28048,51,28049,51,32050,51,36051,51,36052,51,48053,51,44054,51,48055,51,56056,51,64057,51,104058,51,156059,51,172060,51,180061,51,180062,51,176063,51,192064,51,184065,51,188066,51,188067,51,160068,51,72069,51,4070,51,-44071,51,-92072,51,-212073,51,-324074,51,-344075,51,-348076,51,-348077,51,-348078,51,-348079,51,-348080,51,-348081,51,-348082,51,-348083,51,-348084,51,-348085,51,-348086,51,-348087,51,-348088,51,-348089,51,-348090,51,-348091,51,-348092,51,-348093,51,-348094,51,-348095,51,-348096,51,-348097,51,-348098,51,-348099,51,-3480100,51,-3480101,51,-3480102,51,-3480103,51,-3480104,51,-3480105,51,-3480106,51,-3480107,51,-3480108,51,-3480109,51,-3480110,51,-3480111,51,-3480112,51,-3480113,51,-3480114,51,-3480115,51,-3480116,51,-3480117,51,-3480118,51,-3480119,51,-3480120,51,-3480121,51,-3480122,51,-3480123,51,-3480124,51,-3480125,51,-3480126,51,-3480127,51,-3480128,51,-3480129,51,-3480130,51,-3480131,51,-3480132,51,-3480133,51,-3480134,51,-3480135,51,-3480136,51,-3480137,51,-3480138,51,-3480139,51,-3480140,51,-3480141,51,-3480142,51,-3480143,51,-3480144,51,-3480145,51,-3480146,51,-3480147,51,-3480148,51,-3480149,51,-3480150,51,-3480151,51,-3480152,51,-3480153,51,-3480154,51,-3480155,51,-3480156,51,-3480157,51,-3480158,51,-3480159,51,-3480160,51,-3480161,51,-3480162,51,-3480163,51,-3480164,51,-3480165,51,-3480166,51,-3480167,51,-3480168,51,-3480169,51,-3480170,51,-3480171,51,-3480172,51,-3480173,51,-3480174,51,-3480175,51,-3480176,51,-3480177,51,-3480178,51,-3480179,51,-3480-180,50,-3480-179,50,-3480-178,50,-3480-177,50,-3480-176,50,-3480-175,50,-3480-174,50,-3480-173,50,-3480-172,50,-3480-171,50,-3480-170,50,-3480-169,50,-3480-168,50,-3480-167,50,-3480-166,50,-3480-165,50,-3480-164,50,-3480-163,50,-3480-162,50,-3480-161,50,-3480-160,50,-3480-159,50,-3480-158,50,-3480-157,50,-3480-156,50,-3480-155,50,-3480-154,50,-3480-153,50,-3480-152,50,-3480-151,50,-3480-150,50,-3480-149,50,-3480-148,50,-3480-147,50,-3480-146,50,-3480-145,50,-3480-144,50,-3480-143,50,-3480-142,50,-3480-141,50,-3480-140,50,-3480-139,50,-3480-138,50,-3480-137,50,-3480-136,50,-3480-135,50,-3480-134,50,-3480-133,50,-3480-132,50,-3480-131,50,-3480-130,50,-3480-129,50,-3480-128,50,-3480-127,50,-3480-126,50,-3480-125,50,-3480-124,50,-3480-123,50,-3480-122,50,-3480-121,50,-3480-120,50,-3480-119,50,-3480-118,50,-3480-117,50,-3480-116,50,-3480-115,50,-3480-114,50,-3480-113,50,-3480-112,50,-3480-111,50,-3480-110,50,-3480-109,50,-3480-108,50,-3480-107,50,-3480-106,50,-3480-105,50,-3480-104,50,-3480-103,50,-3480-102,50,-3480-101,50,-3480-100,50,-3480-99,50,-3480-98,50,-3480-97,50,-3480-96,50,-3480-95,50,-3480-94,50,-3480-93,50,-3480-92,50,-3480-91,50,-3480-90,50,-3480-89,50,-3480-88,50,-3480-87,50,-3480-86,50,-3480-85,50,-3480-84,50,-3480-83,50,-3480-82,50,-3480-81,50,-3480-80,50,-3480-79,50,-3480-78,50,-3480-77,50,-3480-76,50,-3480-75,50,-3480-74,50,-3480-73,50,-3480-72,50,-3480-71,50,-3480-70,50,-3480-69,50,-3480-68,50,-3480-67,50,-3480-66,50,-3480-65,50,-3480-64,50,-3480-63,50,-3480-62,50,-3480-61,50,-3480-60,50,-3480-59,50,-3480-58,50,-3480-57,50,-3480-56,50,-3480-55,50,-3480-54,50,-3480-53,50,-3480-52,50,-3480-51,50,-3480-50,50,-3480-49,50,-3480-48,50,-3480-47,50,-3480-46,50,-3480-45,50,-3480-44,50,-3480-43,50,-3480-42,50,-3480-41,50,-3480-40,50,-3480-39,50,-3480-38,50,-3480-37,50,-3480-36,50,-3480-35,50,-3480-34,50,-3480-33,50,-3480-32,50,-3480-31,50,-3480-30,50,-3480-29,50,-3480-28,50,-3480-27,50,-3480-26,50,-3480-25,50,-3480-24,50,-3480-23,50,-3480-22,50,-3480-21,50,-3480-20,50,-3480-19,50,-3480-18,50,-3480-17,50,-3480-16,50,-3480-15,50,-3480-14,50,-3480-13,50,-3480-12,50,-3480-11,50,-3480-10,50,-3480-9,50,-3480-8,50,-3480-7,50,-3480-6,50,-3480-5,50,-3480-4,50,-3400-3,50,-2840-2,50,-2120-1,50,-19200,50,-17201,50,-15602,50,-14403,50,-12004,50,-11205,50,-10806,50,-10807,50,-10808,50,-10809,50,-108010,50,-108011,50,-108012,50,-108013,50,-100014,50,-96015,50,-96016,50,-56017,50,-24018,50,-20019,50,-20020,50,-16021,50,-12022,50,-12023,50,-12024,50,-8025,50,-8026,50,-8027,50,4028,50,12029,50,16030,50,20031,50,24032,50,24033,50,20034,50,20035,50,24036,50,20037,50,24038,50,24039,50,24040,50,24041,50,20042,50,24043,50,24044,50,24045,50,28046,50,28047,50,28048,50,32049,50,32050,50,36051,50,40052,50,48053,50,56054,50,72055,50,92056,50,112057,50,144058,50,156059,50,172060,50,192061,50,192062,50,184063,50,188064,50,184065,50,172066,50,180067,50,184068,50,104069,50,28070,50,-36071,50,-84072,50,-212073,50,-320074,50,-344075,50,-348076,50,-348077,50,-348078,50,-348079,50,-348080,50,-348081,50,-348082,50,-348083,50,-348084,50,-348085,50,-348086,50,-348087,50,-348088,50,-348089,50,-348090,50,-348091,50,-348092,50,-348093,50,-348094,50,-348095,50,-348096,50,-348097,50,-348098,50,-348099,50,-3480100,50,-3480101,50,-3480102,50,-3480103,50,-3480104,50,-3480105,50,-3480106,50,-3480107,50,-3480108,50,-3480109,50,-3480110,50,-3480111,50,-3480112,50,-3480113,50,-3480114,50,-3480115,50,-3480116,50,-3480117,50,-3480118,50,-3480119,50,-3480120,50,-3480121,50,-3480122,50,-3480123,50,-3480124,50,-3480125,50,-3480126,50,-3480127,50,-3480128,50,-3480129,50,-3480130,50,-3480131,50,-3480132,50,-3480133,50,-3480134,50,-3480135,50,-3480136,50,-3480137,50,-3480138,50,-3480139,50,-3480140,50,-3480141,50,-3480142,50,-3480143,50,-3480144,50,-3480145,50,-3480146,50,-3480147,50,-3480148,50,-3480149,50,-3480150,50,-3480151,50,-3480152,50,-3480153,50,-3480154,50,-3480155,50,-3480156,50,-3480157,50,-3480158,50,-3480159,50,-3480160,50,-3480161,50,-3480162,50,-3480163,50,-3480164,50,-3480165,50,-3480166,50,-3480167,50,-3480168,50,-3480169,50,-3480170,50,-3480171,50,-3480172,50,-3480173,50,-3480174,50,-3480175,50,-3480176,50,-3480177,50,-3480178,50,-3480179,50,-3480-180,49,-3440-179,49,-3480-178,49,-3480-177,49,-3480-176,49,-3480-175,49,-3480-174,49,-3480-173,49,-3480-172,49,-3480-171,49,-3480-170,49,-3480-169,49,-3480-168,49,-3480-167,49,-3480-166,49,-3480-165,49,-3480-164,49,-3480-163,49,-3480-162,49,-3480-161,49,-3480-160,49,-3480-159,49,-3480-158,49,-3480-157,49,-3480-156,49,-3480-155,49,-3480-154,49,-3480-153,49,-3480-152,49,-3480-151,49,-3480-150,49,-3480-149,49,-3480-148,49,-3480-147,49,-3480-146,49,-3480-145,49,-3480-144,49,-3480-143,49,-3480-142,49,-3480-141,49,-3480-140,49,-3480-139,49,-3480-138,49,-3480-137,49,-3480-136,49,-3480-135,49,-3480-134,49,-3480-133,49,-3480-132,49,-3480-131,49,-3480-130,49,-3480-129,49,-3480-128,49,-3480-127,49,-3480-126,49,-3480-125,49,-3480-124,49,-3480-123,49,-3480-122,49,-3480-121,49,-3480-120,49,-3480-119,49,-3480-118,49,-3480-117,49,-3480-116,49,-3480-115,49,-3480-114,49,-3480-113,49,-3480-112,49,-3480-111,49,-3480-110,49,-3480-109,49,-3480-108,49,-3480-107,49,-3480-106,49,-3480-105,49,-3480-104,49,-3480-103,49,-3480-102,49,-3480-101,49,-3480-100,49,-3480-99,49,-3480-98,49,-3480-97,49,-3480-96,49,-3480-95,49,-3480-94,49,-3480-93,49,-3480-92,49,-3480-91,49,-3480-90,49,-3480-89,49,-3480-88,49,-3480-87,49,-3480-86,49,-3480-85,49,-3480-84,49,-3480-83,49,-3480-82,49,-3480-81,49,-3480-80,49,-3480-79,49,-3480-78,49,-3480-77,49,-3480-76,49,-3480-75,49,-3480-74,49,-3480-73,49,-3480-72,49,-3480-71,49,-3480-70,49,-3480-69,49,-3480-68,49,-3480-67,49,-3480-66,49,-3480-65,49,-3480-64,49,-3480-63,49,-3480-62,49,-3480-61,49,-3480-60,49,-3480-59,49,-3480-58,49,-3480-57,49,-3480-56,49,-3480-55,49,-3480-54,49,-3480-53,49,-3480-52,49,-3480-51,49,-3480-50,49,-3480-49,49,-3480-48,49,-3480-47,49,-3480-46,49,-3480-45,49,-3480-44,49,-3480-43,49,-3480-42,49,-3480-41,49,-3480-40,49,-3480-39,49,-3480-38,49,-3480-37,49,-3480-36,49,-3480-35,49,-3480-34,49,-3480-33,49,-3480-32,49,-3480-31,49,-3480-30,49,-3480-29,49,-3480-28,49,-3480-27,49,-3480-26,49,-3480-25,49,-3480-24,49,-3480-23,49,-3480-22,49,-3480-21,49,-3480-20,49,-3480-19,49,-3480-18,49,-3480-17,49,-3480-16,49,-3480-15,49,-3480-14,49,-3480-13,49,-3480-12,49,-3480-11,49,-3480-10,49,-3480-9,49,-3480-8,49,-3480-7,49,-3480-6,49,-3480-5,49,-3440-4,49,-3080-3,49,-2040-2,49,-1640-1,49,-15600,49,-14801,49,-13602,49,-12803,49,-12404,49,-11205,49,-10406,49,-10007,49,-10008,49,-10009,49,-100010,49,-100011,49,-100012,49,-100013,49,-96014,49,-96015,49,-84016,49,-20017,49,-16018,49,-12019,49,-16020,49,-4021,49,022,49,-4023,49,-12024,49,-8025,49,-12026,49,-8027,49,028,49,4029,49,12030,49,16031,49,20032,49,20033,49,24034,49,20035,49,16036,49,20037,49,20038,49,16039,49,24040,49,20041,49,20042,49,20043,49,24044,49,28045,49,32046,49,32047,49,36048,49,36049,49,40050,49,40051,49,48052,49,56053,49,72054,49,100055,49,116056,49,140057,49,172058,49,188059,49,192060,49,184061,49,184062,49,168063,49,172064,49,192065,49,172066,49,172067,49,188068,49,152069,49,56070,49,-12071,49,-80072,49,-228073,49,-320074,49,-344075,49,-348076,49,-348077,49,-348078,49,-348079,49,-348080,49,-348081,49,-348082,49,-348083,49,-348084,49,-348085,49,-348086,49,-348087,49,-348088,49,-348089,49,-348090,49,-348091,49,-348092,49,-348093,49,-348094,49,-348095,49,-348096,49,-348097,49,-348098,49,-348099,49,-3480100,49,-3480101,49,-3480102,49,-3480103,49,-3480104,49,-3480105,49,-3480106,49,-3480107,49,-3480108,49,-3480109,49,-3480110,49,-3480111,49,-3480112,49,-3480113,49,-3480114,49,-3480115,49,-3480116,49,-3480117,49,-3480118,49,-3480119,49,-3480120,49,-3480121,49,-3480122,49,-3480123,49,-3480124,49,-3480125,49,-3480126,49,-3480127,49,-3480128,49,-3480129,49,-3480130,49,-3480131,49,-3480132,49,-3480133,49,-3480134,49,-3480135,49,-3480136,49,-3480137,49,-3480138,49,-3480139,49,-3480140,49,-3480141,49,-3480142,49,-3480143,49,-3480144,49,-3480145,49,-3480146,49,-3480147,49,-3480148,49,-3480149,49,-3480150,49,-3480151,49,-3480152,49,-3480153,49,-3480154,49,-3480155,49,-3480156,49,-3480157,49,-3480158,49,-3480159,49,-3480160,49,-3480161,49,-3480162,49,-3480163,49,-3480164,49,-3480165,49,-3480166,49,-3480167,49,-3480168,49,-3480169,49,-3480170,49,-3480171,49,-3480172,49,-3480173,49,-3480174,49,-3480175,49,-3480176,49,-3480177,49,-3480178,49,-3480179,49,-3480-180,48,-3440-179,48,-3480-178,48,-3480-177,48,-3480-176,48,-3480-175,48,-3480-174,48,-3480-173,48,-3480-172,48,-3480-171,48,-3480-170,48,-3480-169,48,-3480-168,48,-3480-167,48,-3480-166,48,-3480-165,48,-3480-164,48,-3480-163,48,-3480-162,48,-3480-161,48,-3480-160,48,-3480-159,48,-3480-158,48,-3480-157,48,-3480-156,48,-3480-155,48,-3480-154,48,-3480-153,48,-3480-152,48,-3480-151,48,-3480-150,48,-3480-149,48,-3480-148,48,-3480-147,48,-3480-146,48,-3480-145,48,-3480-144,48,-3480-143,48,-3480-142,48,-3480-141,48,-3480-140,48,-3480-139,48,-3480-138,48,-3480-137,48,-3480-136,48,-3480-135,48,-3480-134,48,-3480-133,48,-3480-132,48,-3480-131,48,-3480-130,48,-3480-129,48,-3480-128,48,-3480-127,48,-3480-126,48,-3480-125,48,-3480-124,48,-3480-123,48,-3480-122,48,-3480-121,48,-3480-120,48,-3480-119,48,-3480-118,48,-3480-117,48,-3480-116,48,-3480-115,48,-3480-114,48,-3480-113,48,-3480-112,48,-3480-111,48,-3480-110,48,-3480-109,48,-3480-108,48,-3480-107,48,-3480-106,48,-3480-105,48,-3480-104,48,-3480-103,48,-3480-102,48,-3480-101,48,-3480-100,48,-3480-99,48,-3480-98,48,-3480-97,48,-3480-96,48,-3480-95,48,-3480-94,48,-3480-93,48,-3480-92,48,-3480-91,48,-3480-90,48,-3480-89,48,-3480-88,48,-3480-87,48,-3480-86,48,-3480-85,48,-3480-84,48,-3480-83,48,-3480-82,48,-3480-81,48,-3480-80,48,-3480-79,48,-3480-78,48,-3480-77,48,-3480-76,48,-3480-75,48,-3480-74,48,-3480-73,48,-3480-72,48,-3480-71,48,-3480-70,48,-3480-69,48,-3480-68,48,-3480-67,48,-3480-66,48,-3480-65,48,-3480-64,48,-3480-63,48,-3480-62,48,-3480-61,48,-3480-60,48,-3480-59,48,-3480-58,48,-3480-57,48,-3480-56,48,-3480-55,48,-3480-54,48,-3480-53,48,-3480-52,48,-3480-51,48,-3480-50,48,-3480-49,48,-3480-48,48,-3480-47,48,-3480-46,48,-3480-45,48,-3480-44,48,-3480-43,48,-3480-42,48,-3480-41,48,-3480-40,48,-3480-39,48,-3480-38,48,-3480-37,48,-3480-36,48,-3480-35,48,-3480-34,48,-3480-33,48,-3480-32,48,-3480-31,48,-3480-30,48,-3480-29,48,-3480-28,48,-3480-27,48,-3480-26,48,-3480-25,48,-3480-24,48,-3480-23,48,-3480-22,48,-3480-21,48,-3480-20,48,-3480-19,48,-3480-18,48,-3480-17,48,-3480-16,48,-3480-15,48,-3480-14,48,-3480-13,48,-3480-12,48,-3480-11,48,-3480-10,48,-3480-9,48,-3440-8,48,-3320-7,48,-3200-6,48,-3080-5,48,-2880-4,48,-2240-3,48,-1360-2,48,-1120-1,48,-10800,48,-12401,48,-12802,48,-13203,48,-13204,48,-13205,48,-10806,48,-10407,48,-9608,48,-9609,48,-96010,48,-96011,48,-96012,48,-96013,48,-96014,48,-68015,48,-16016,48,-12017,48,-12018,48,-8019,48,4020,48,16021,48,16022,48,12023,48,4024,48,-4025,48,-12026,48,-12027,48,-8028,48,029,48,8030,48,16031,48,16032,48,20033,48,24034,48,20035,48,20036,48,16037,48,20038,48,20039,48,24040,48,20041,48,20042,48,20043,48,24044,48,28045,48,28046,48,32047,48,32048,48,36049,48,44050,48,52051,48,52052,48,68053,48,80054,48,100055,48,116056,48,140057,48,176058,48,180059,48,160060,48,136061,48,148062,48,168063,48,184064,48,200065,48,180066,48,176067,48,160068,48,168069,48,76070,48,-12071,48,-84072,48,-228073,48,-320074,48,-340075,48,-348076,48,-348077,48,-348078,48,-348079,48,-348080,48,-348081,48,-348082,48,-348083,48,-348084,48,-348085,48,-348086,48,-348087,48,-348088,48,-348089,48,-348090,48,-348091,48,-348092,48,-348093,48,-348094,48,-348095,48,-348096,48,-348097,48,-348098,48,-348099,48,-3480100,48,-3480101,48,-3480102,48,-3480103,48,-3480104,48,-3480105,48,-3480106,48,-3480107,48,-3480108,48,-3480109,48,-3480110,48,-3480111,48,-3480112,48,-3480113,48,-3480114,48,-3480115,48,-3480116,48,-3480117,48,-3480118,48,-3480119,48,-3480120,48,-3480121,48,-3480122,48,-3480123,48,-3480124,48,-3480125,48,-3480126,48,-3480127,48,-3480128,48,-3480129,48,-3480130,48,-3480131,48,-3480132,48,-3480133,48,-3480134,48,-3480135,48,-3480136,48,-3480137,48,-3480138,48,-3480139,48,-3480140,48,-3480141,48,-3480142,48,-3480143,48,-3480144,48,-3480145,48,-3480146,48,-3480147,48,-3480148,48,-3480149,48,-3480150,48,-3480151,48,-3480152,48,-3480153,48,-3480154,48,-3480155,48,-3480156,48,-3480157,48,-3480158,48,-3480159,48,-3480160,48,-3480161,48,-3480162,48,-3480163,48,-3480164,48,-3480165,48,-3480166,48,-3480167,48,-3480168,48,-3480169,48,-3480170,48,-3480171,48,-3480172,48,-3480173,48,-3480174,48,-3480175,48,-3480176,48,-3480177,48,-3480178,48,-3480179,48,-3480-180,47,-3320-179,47,-3480-178,47,-3480-177,47,-3480-176,47,-3480-175,47,-3480-174,47,-3480-173,47,-3480-172,47,-3480-171,47,-3480-170,47,-3480-169,47,-3480-168,47,-3480-167,47,-3480-166,47,-3480-165,47,-3480-164,47,-3480-163,47,-3480-162,47,-3480-161,47,-3480-160,47,-3480-159,47,-3480-158,47,-3480-157,47,-3480-156,47,-3480-155,47,-3480-154,47,-3480-153,47,-3480-152,47,-3480-151,47,-3480-150,47,-3480-149,47,-3480-148,47,-3480-147,47,-3480-146,47,-3480-145,47,-3480-144,47,-3480-143,47,-3480-142,47,-3480-141,47,-3480-140,47,-3480-139,47,-3480-138,47,-3480-137,47,-3480-136,47,-3480-135,47,-3480-134,47,-3480-133,47,-3480-132,47,-3480-131,47,-3480-130,47,-3480-129,47,-3480-128,47,-3480-127,47,-3480-126,47,-3480-125,47,-3480-124,47,-3480-123,47,-3480-122,47,-3480-121,47,-3480-120,47,-3480-119,47,-3480-118,47,-3480-117,47,-3480-116,47,-3480-115,47,-3480-114,47,-3480-113,47,-3480-112,47,-3480-111,47,-3480-110,47,-3480-109,47,-3480-108,47,-3480-107,47,-3480-106,47,-3480-105,47,-3480-104,47,-3480-103,47,-3480-102,47,-3480-101,47,-3480-100,47,-3480-99,47,-3480-98,47,-3480-97,47,-3480-96,47,-3480-95,47,-3480-94,47,-3480-93,47,-3480-92,47,-3480-91,47,-3480-90,47,-3480-89,47,-3480-88,47,-3480-87,47,-3480-86,47,-3480-85,47,-3480-84,47,-3480-83,47,-3480-82,47,-3480-81,47,-3480-80,47,-3480-79,47,-3480-78,47,-3480-77,47,-3480-76,47,-3480-75,47,-3480-74,47,-3480-73,47,-3480-72,47,-3480-71,47,-3480-70,47,-3480-69,47,-3480-68,47,-3480-67,47,-3480-66,47,-3480-65,47,-3480-64,47,-3480-63,47,-3480-62,47,-3480-61,47,-3480-60,47,-3480-59,47,-3480-58,47,-3480-57,47,-3480-56,47,-3480-55,47,-3480-54,47,-3480-53,47,-3480-52,47,-3480-51,47,-3480-50,47,-3480-49,47,-3480-48,47,-3480-47,47,-3480-46,47,-3480-45,47,-3480-44,47,-3480-43,47,-3480-42,47,-3480-41,47,-3480-40,47,-3480-39,47,-3480-38,47,-3480-37,47,-3480-36,47,-3480-35,47,-3480-34,47,-3480-33,47,-3480-32,47,-3480-31,47,-3480-30,47,-3480-29,47,-3480-28,47,-3480-27,47,-3480-26,47,-3480-25,47,-3480-24,47,-3480-23,47,-3480-22,47,-3480-21,47,-3480-20,47,-3480-19,47,-3480-18,47,-3480-17,47,-3480-16,47,-3480-15,47,-3480-14,47,-3480-13,47,-3480-12,47,-3440-11,47,-3400-10,47,-3240-9,47,-2920-8,47,-2400-7,47,-2080-6,47,-1920-5,47,-1520-4,47,-920-3,47,-640-2,47,-480-1,47,-4800,47,-5601,47,-7602,47,-10403,47,-12804,47,-14005,47,-12406,47,-11207,47,-10408,47,-9609,47,-96010,47,-96011,47,-96012,47,-96013,47,-88014,47,-16015,47,-12016,47,-12017,47,-4018,47,8019,47,16020,47,28021,47,32022,47,40023,47,40024,47,28025,47,12026,47,-8027,47,-12028,47,-8029,47,4030,47,8031,47,12032,47,16033,47,20034,47,20035,47,16036,47,20037,47,16038,47,20039,47,20040,47,24041,47,20042,47,24043,47,28044,47,32045,47,32046,47,32047,47,32048,47,32049,47,36050,47,44051,47,52052,47,64053,47,76054,47,84055,47,96056,47,128057,47,160058,47,140059,47,112060,47,100061,47,132062,47,168063,47,192064,47,184065,47,184066,47,168067,47,148068,47,168069,47,92070,47,-12071,47,-84072,47,-224073,47,-316074,47,-344075,47,-348076,47,-348077,47,-348078,47,-348079,47,-348080,47,-348081,47,-348082,47,-348083,47,-348084,47,-348085,47,-348086,47,-348087,47,-348088,47,-348089,47,-348090,47,-348091,47,-348092,47,-348093,47,-348094,47,-348095,47,-348096,47,-348097,47,-348098,47,-344099,47,-3400100,47,-3400101,47,-3400102,47,-3400103,47,-3360104,47,-3400105,47,-3400106,47,-3360107,47,-3360108,47,-3320109,47,-3400110,47,-3400111,47,-3320112,47,-3400113,47,-3360114,47,-3400115,47,-3400116,47,-3440117,47,-3440118,47,-3480119,47,-3480120,47,-3480121,47,-3480122,47,-3480123,47,-3480124,47,-3480125,47,-3480126,47,-3480127,47,-3480128,47,-3480129,47,-3480130,47,-3480131,47,-3480132,47,-3480133,47,-3480134,47,-3480135,47,-3480136,47,-3480137,47,-3480138,47,-3480139,47,-3480140,47,-3480141,47,-3480142,47,-3480143,47,-3480144,47,-3480145,47,-3480146,47,-3480147,47,-3480148,47,-3480149,47,-3480150,47,-3480151,47,-3480152,47,-3480153,47,-3480154,47,-3480155,47,-3480156,47,-3480157,47,-3480158,47,-3480159,47,-3480160,47,-3480161,47,-3480162,47,-3480163,47,-3480164,47,-3480165,47,-3480166,47,-3480167,47,-3480168,47,-3480169,47,-3480170,47,-3480171,47,-3480172,47,-3480173,47,-3480174,47,-3480175,47,-3480176,47,-3480177,47,-3480178,47,-3480179,47,-3480-180,46,-3480-179,46,-3480-178,46,-3480-177,46,-3480-176,46,-3480-175,46,-3480-174,46,-3480-173,46,-3480-172,46,-3480-171,46,-3480-170,46,-3480-169,46,-3480-168,46,-3480-167,46,-3480-166,46,-3480-165,46,-3480-164,46,-3480-163,46,-3480-162,46,-3480-161,46,-3480-160,46,-3480-159,46,-3480-158,46,-3480-157,46,-3480-156,46,-3480-155,46,-3480-154,46,-3480-153,46,-3480-152,46,-3480-151,46,-3480-150,46,-3480-149,46,-3480-148,46,-3480-147,46,-3480-146,46,-3480-145,46,-3480-144,46,-3480-143,46,-3480-142,46,-3480-141,46,-3480-140,46,-3480-139,46,-3480-138,46,-3480-137,46,-3480-136,46,-3480-135,46,-3480-134,46,-3480-133,46,-3480-132,46,-3480-131,46,-3480-130,46,-3480-129,46,-3480-128,46,-3480-127,46,-3480-126,46,-3480-125,46,-3480-124,46,-3480-123,46,-3480-122,46,-3480-121,46,-3480-120,46,-3480-119,46,-3480-118,46,-3480-117,46,-3480-116,46,-3480-115,46,-3480-114,46,-3480-113,46,-3480-112,46,-3480-111,46,-3480-110,46,-3480-109,46,-3480-108,46,-3480-107,46,-3480-106,46,-3480-105,46,-3480-104,46,-3480-103,46,-3480-102,46,-3480-101,46,-3480-100,46,-3480-99,46,-3480-98,46,-3480-97,46,-3480-96,46,-3480-95,46,-3480-94,46,-3480-93,46,-3480-92,46,-3480-91,46,-3480-90,46,-3480-89,46,-3480-88,46,-3480-87,46,-3480-86,46,-3480-85,46,-3480-84,46,-3480-83,46,-3480-82,46,-3480-81,46,-3480-80,46,-3480-79,46,-3480-78,46,-3480-77,46,-3480-76,46,-3480-75,46,-3480-74,46,-3480-73,46,-3480-72,46,-3480-71,46,-3480-70,46,-3480-69,46,-3480-68,46,-3480-67,46,-3480-66,46,-3480-65,46,-3480-64,46,-3480-63,46,-3480-62,46,-3480-61,46,-3480-60,46,-3480-59,46,-3480-58,46,-3480-57,46,-3480-56,46,-3480-55,46,-3480-54,46,-3480-53,46,-3480-52,46,-3480-51,46,-3480-50,46,-3480-49,46,-3480-48,46,-3480-47,46,-3480-46,46,-3480-45,46,-3480-44,46,-3480-43,46,-3480-42,46,-3480-41,46,-3480-40,46,-3480-39,46,-3480-38,46,-3480-37,46,-3480-36,46,-3480-35,46,-3480-34,46,-3480-33,46,-3480-32,46,-3480-31,46,-3480-30,46,-3480-29,46,-3480-28,46,-3480-27,46,-3480-26,46,-3480-25,46,-3480-24,46,-3480-23,46,-3480-22,46,-3480-21,46,-3480-20,46,-3480-19,46,-3480-18,46,-3480-17,46,-3480-16,46,-3480-15,46,-3480-14,46,-3400-13,46,-3280-12,46,-3120-11,46,-2760-10,46,-2440-9,46,-1960-8,46,-1600-7,46,-1240-6,46,-840-5,46,-560-4,46,-360-3,46,-360-2,46,-280-1,46,-2800,46,-3601,46,-4802,46,-6403,46,-7604,46,-8805,46,-13206,46,-12007,46,-10008,46,-10009,46,-96010,46,-96011,46,-96012,46,-96013,46,-92014,46,-16015,46,-12016,46,017,46,4018,46,8019,46,16020,46,16021,46,40022,46,68023,46,96024,46,92025,46,52026,46,12027,46,-8028,46,-12029,46,-8030,46,4031,46,8032,46,12033,46,20034,46,20035,46,20036,46,20037,46,16038,46,16039,46,24040,46,20041,46,24042,46,28043,46,32044,46,28045,46,28046,46,28047,46,28048,46,28049,46,32050,46,36051,46,48052,46,52053,46,56054,46,60055,46,64056,46,80057,46,100058,46,88059,46,72060,46,96061,46,132062,46,160063,46,180064,46,180065,46,180066,46,172067,46,148068,46,164069,46,84070,46,-12071,46,-92072,46,-236073,46,-328074,46,-348075,46,-348076,46,-348077,46,-348078,46,-348079,46,-348080,46,-348081,46,-348082,46,-348083,46,-348084,46,-348085,46,-348086,46,-348087,46,-348088,46,-348089,46,-348090,46,-348091,46,-348092,46,-348093,46,-348094,46,-348095,46,-348096,46,-344097,46,-332098,46,-328099,46,-3160100,46,-3040101,46,-3000102,46,-2960103,46,-2880104,46,-2800105,46,-2680106,46,-2400107,46,-2000108,46,-1800109,46,-1680110,46,-1560111,46,-1480112,46,-1680113,46,-1600114,46,-1800115,46,-2080116,46,-2240117,46,-2400118,46,-2840119,46,-3160120,46,-3280121,46,-3320122,46,-3440123,46,-3480124,46,-3480125,46,-3480126,46,-3480127,46,-3480128,46,-3480129,46,-3480130,46,-3480131,46,-3480132,46,-3480133,46,-3480134,46,-3480135,46,-3480136,46,-3480137,46,-3480138,46,-3480139,46,-3480140,46,-3480141,46,-3480142,46,-3480143,46,-3480144,46,-3480145,46,-3480146,46,-3480147,46,-3480148,46,-3480149,46,-3480150,46,-3480151,46,-3480152,46,-3480153,46,-3480154,46,-3480155,46,-3480156,46,-3480157,46,-3480158,46,-3480159,46,-3480160,46,-3480161,46,-3480162,46,-3480163,46,-3480164,46,-3480165,46,-3480166,46,-3480167,46,-3480168,46,-3480169,46,-3480170,46,-3480171,46,-3480172,46,-3480173,46,-3480174,46,-3480175,46,-3480176,46,-3480177,46,-3480178,46,-3480179,46,-3480-180,45,-3480-179,45,-3480-178,45,-3480-177,45,-3480-176,45,-3480-175,45,-3480-174,45,-3480-173,45,-3480-172,45,-3480-171,45,-3480-170,45,-3480-169,45,-3480-168,45,-3480-167,45,-3480-166,45,-3480-165,45,-3480-164,45,-3480-163,45,-3480-162,45,-3480-161,45,-3480-160,45,-3480-159,45,-3480-158,45,-3480-157,45,-3480-156,45,-3480-155,45,-3480-154,45,-3480-153,45,-3480-152,45,-3480-151,45,-3480-150,45,-3480-149,45,-3480-148,45,-3480-147,45,-3480-146,45,-3480-145,45,-3480-144,45,-3480-143,45,-3480-142,45,-3480-141,45,-3480-140,45,-3480-139,45,-3480-138,45,-3480-137,45,-3480-136,45,-3480-135,45,-3480-134,45,-3480-133,45,-3480-132,45,-3480-131,45,-3480-130,45,-3480-129,45,-3480-128,45,-3480-127,45,-3480-126,45,-3480-125,45,-3480-124,45,-3480-123,45,-3480-122,45,-3480-121,45,-3480-120,45,-3480-119,45,-3480-118,45,-3480-117,45,-3480-116,45,-3480-115,45,-3480-114,45,-3480-113,45,-3480-112,45,-3480-111,45,-3480-110,45,-3480-109,45,-3480-108,45,-3480-107,45,-3480-106,45,-3480-105,45,-3480-104,45,-3480-103,45,-3480-102,45,-3480-101,45,-3480-100,45,-3480-99,45,-3480-98,45,-3480-97,45,-3480-96,45,-3480-95,45,-3480-94,45,-3480-93,45,-3480-92,45,-3480-91,45,-3480-90,45,-3480-89,45,-3480-88,45,-3480-87,45,-3480-86,45,-3480-85,45,-3480-84,45,-3480-83,45,-3480-82,45,-3480-81,45,-3480-80,45,-3480-79,45,-3480-78,45,-3480-77,45,-3480-76,45,-3480-75,45,-3480-74,45,-3480-73,45,-3480-72,45,-3480-71,45,-3480-70,45,-3480-69,45,-3480-68,45,-3480-67,45,-3480-66,45,-3480-65,45,-3480-64,45,-3480-63,45,-3480-62,45,-3480-61,45,-3480-60,45,-3480-59,45,-3480-58,45,-3480-57,45,-3480-56,45,-3480-55,45,-3480-54,45,-3480-53,45,-3480-52,45,-3480-51,45,-3480-50,45,-3480-49,45,-3480-48,45,-3480-47,45,-3480-46,45,-3480-45,45,-3480-44,45,-3480-43,45,-3480-42,45,-3480-41,45,-3480-40,45,-3480-39,45,-3480-38,45,-3480-37,45,-3480-36,45,-3480-35,45,-3480-34,45,-3480-33,45,-3480-32,45,-3480-31,45,-3440-30,45,-3360-29,45,-3360-28,45,-3400-27,45,-3440-26,45,-3480-25,45,-3480-24,45,-3480-23,45,-3480-22,45,-3480-21,45,-3480-20,45,-3480-19,45,-3480-18,45,-3480-17,45,-3480-16,45,-3480-15,45,-3360-14,45,-2960-13,45,-2680-12,45,-2280-11,45,-1960-10,45,-1680-9,45,-1080-8,45,-720-7,45,-520-6,45,-320-5,45,-280-4,45,-240-3,45,-200-2,45,-200-1,45,-2400,45,-3201,45,-4802,45,-6403,45,-7204,45,-8005,45,-8006,45,-11207,45,-12008,45,-10009,45,-96010,45,-96011,45,-96012,45,-96013,45,-96014,45,-48015,45,-12016,45,4017,45,4018,45,4019,45,8020,45,16021,45,44022,45,76023,45,136024,45,168025,45,132026,45,60027,45,4028,45,-8029,45,-12030,45,-4031,45,4032,45,4033,45,8034,45,16035,45,20036,45,20037,45,20038,45,20039,45,16040,45,20041,45,20042,45,16043,45,24044,45,28045,45,24046,45,32047,45,24048,45,32049,45,32050,45,32051,45,32052,45,36053,45,32054,45,32055,45,40056,45,44057,45,52058,45,56059,45,72060,45,96061,45,124062,45,136063,45,172064,45,172065,45,164066,45,144067,45,152068,45,160069,45,72070,45,-24071,45,-104072,45,-252073,45,-336074,45,-348075,45,-348076,45,-348077,45,-348078,45,-348079,45,-348080,45,-348081,45,-348082,45,-348083,45,-348084,45,-348085,45,-348086,45,-348087,45,-348088,45,-348089,45,-348090,45,-340091,45,-328092,45,-320093,45,-324094,45,-336095,45,-328096,45,-316097,45,-288098,45,-248099,45,-2000100,45,-1720101,45,-1640102,45,-1560103,45,-1240104,45,-1040105,45,-800106,45,-600107,45,-320108,45,-160109,45,-160110,45,-240111,45,-440112,45,-760113,45,-440114,45,-320115,45,-600116,45,-720117,45,-840118,45,-1200119,45,-1520120,45,-1880121,45,-2200122,45,-2920123,45,-3480124,45,-3480125,45,-3480126,45,-3480127,45,-3480128,45,-3480129,45,-3480130,45,-3480131,45,-3480132,45,-3480133,45,-3480134,45,-3480135,45,-3480136,45,-3480137,45,-3480138,45,-3480139,45,-3480140,45,-3480141,45,-3480142,45,-3480143,45,-3480144,45,-3480145,45,-3480146,45,-3480147,45,-3480148,45,-3480149,45,-3480150,45,-3480151,45,-3480152,45,-3480153,45,-3480154,45,-3480155,45,-3480156,45,-3480157,45,-3480158,45,-3480159,45,-3480160,45,-3480161,45,-3480162,45,-3480163,45,-3480164,45,-3480165,45,-3480166,45,-3480167,45,-3480168,45,-3480169,45,-3480170,45,-3480171,45,-3480172,45,-3480173,45,-3480174,45,-3480175,45,-3480176,45,-3480177,45,-3480178,45,-3480179,45,-3480-180,44,-3480-179,44,-3480-178,44,-3480-177,44,-3480-176,44,-3480-175,44,-3480-174,44,-3480-173,44,-3480-172,44,-3480-171,44,-3480-170,44,-3480-169,44,-3480-168,44,-3480-167,44,-3480-166,44,-3480-165,44,-3480-164,44,-3480-163,44,-3480-162,44,-3480-161,44,-3480-160,44,-3480-159,44,-3480-158,44,-3480-157,44,-3480-156,44,-3480-155,44,-3480-154,44,-3480-153,44,-3480-152,44,-3480-151,44,-3480-150,44,-3480-149,44,-3480-148,44,-3480-147,44,-3480-146,44,-3480-145,44,-3480-144,44,-3480-143,44,-3480-142,44,-3480-141,44,-3480-140,44,-3480-139,44,-3480-138,44,-3480-137,44,-3480-136,44,-3480-135,44,-3480-134,44,-3480-133,44,-3480-132,44,-3480-131,44,-3480-130,44,-3480-129,44,-3480-128,44,-3480-127,44,-3480-126,44,-3480-125,44,-3480-124,44,-3480-123,44,-3480-122,44,-3480-121,44,-3480-120,44,-3480-119,44,-3480-118,44,-3480-117,44,-3480-116,44,-3480-115,44,-3480-114,44,-3480-113,44,-3480-112,44,-3480-111,44,-3480-110,44,-3480-109,44,-3480-108,44,-3480-107,44,-3480-106,44,-3480-105,44,-3480-104,44,-3480-103,44,-3480-102,44,-3480-101,44,-3480-100,44,-3480-99,44,-3480-98,44,-3480-97,44,-3480-96,44,-3480-95,44,-3480-94,44,-3480-93,44,-3480-92,44,-3480-91,44,-3480-90,44,-3480-89,44,-3480-88,44,-3480-87,44,-3480-86,44,-3480-85,44,-3480-84,44,-3480-83,44,-3480-82,44,-3480-81,44,-3480-80,44,-3480-79,44,-3480-78,44,-3480-77,44,-3480-76,44,-3480-75,44,-3480-74,44,-3480-73,44,-3480-72,44,-3480-71,44,-3480-70,44,-3480-69,44,-3480-68,44,-3480-67,44,-3480-66,44,-3480-65,44,-3480-64,44,-3480-63,44,-3480-62,44,-3480-61,44,-3480-60,44,-3480-59,44,-3480-58,44,-3480-57,44,-3480-56,44,-3480-55,44,-3480-54,44,-3480-53,44,-3480-52,44,-3480-51,44,-3480-50,44,-3480-49,44,-3480-48,44,-3480-47,44,-3480-46,44,-3480-45,44,-3480-44,44,-3480-43,44,-3480-42,44,-3480-41,44,-3480-40,44,-3480-39,44,-3480-38,44,-3480-37,44,-3480-36,44,-3480-35,44,-3480-34,44,-3440-33,44,-3240-32,44,-2720-31,44,-2320-30,44,-2280-29,44,-2480-28,44,-2680-27,44,-3000-26,44,-3320-25,44,-3400-24,44,-3480-23,44,-3480-22,44,-3480-21,44,-3480-20,44,-3480-19,44,-3480-18,44,-3480-17,44,-3480-16,44,-3360-15,44,-2880-14,44,-2320-13,44,-2160-12,44,-1480-11,44,-1040-10,44,-640-9,44,-400-8,44,-280-7,44,-240-6,44,-200-5,44,-160-4,44,-160-3,44,-120-2,44,-160-1,44,-2400,44,-2801,44,-4002,44,-5603,44,-7204,44,-8405,44,-8406,44,-7207,44,-12008,44,-10809,44,-104010,44,-96011,44,-96012,44,-96013,44,-96014,44,-92015,44,-16016,44,017,44,4018,44,4019,44,8020,44,16021,44,24022,44,48023,44,96024,44,140025,44,164026,44,128027,44,36028,44,-4029,44,-12030,44,-12031,44,-8032,44,033,44,034,44,4035,44,8036,44,16037,44,20038,44,20039,44,20040,44,20041,44,20042,44,20043,44,20044,44,20045,44,20046,44,24047,44,24048,44,24049,44,28050,44,24051,44,24052,44,20053,44,20054,44,24055,44,24056,44,24057,44,20058,44,36059,44,64060,44,88061,44,104062,44,124063,44,172064,44,164065,44,132066,44,132067,44,148068,44,144069,44,52070,44,-40071,44,-128072,44,-264073,44,-340074,44,-348075,44,-348076,44,-348077,44,-348078,44,-348079,44,-348080,44,-348081,44,-348082,44,-348083,44,-348084,44,-356085,44,-352086,44,-344087,44,-348088,44,-336089,44,-312090,44,-284091,44,-252092,44,-240093,44,-228094,44,-236095,44,-224096,44,-176097,44,-144098,44,-112099,44,-640100,44,-360101,44,-280102,44,-200103,44,0104,44,80105,44,240106,44,320107,44,240108,44,160109,44,120110,44,40111,44,-320112,44,-360113,44,0114,44,80115,44,40116,44,120117,44,120118,44,-40119,44,-160120,44,-560121,44,-1200122,44,-2400123,44,-3360124,44,-3480125,44,-3480126,44,-3480127,44,-3480128,44,-3480129,44,-3480130,44,-3480131,44,-3480132,44,-3480133,44,-3480134,44,-3480135,44,-3480136,44,-3480137,44,-3480138,44,-3480139,44,-3480140,44,-3480141,44,-3480142,44,-3480143,44,-3480144,44,-3480145,44,-3480146,44,-3480147,44,-3480148,44,-3480149,44,-3480150,44,-3480151,44,-3480152,44,-3480153,44,-3480154,44,-3480155,44,-3480156,44,-3480157,44,-3480158,44,-3480159,44,-3480160,44,-3480161,44,-3480162,44,-3480163,44,-3480164,44,-3480165,44,-3480166,44,-3480167,44,-3480168,44,-3480169,44,-3480170,44,-3480171,44,-3480172,44,-3480173,44,-3480174,44,-3480175,44,-3480176,44,-3480177,44,-3480178,44,-3480179,44,-3480-180,43,-3480-179,43,-3480-178,43,-3480-177,43,-3480-176,43,-3480-175,43,-3480-174,43,-3480-173,43,-3480-172,43,-3480-171,43,-3480-170,43,-3480-169,43,-3480-168,43,-3480-167,43,-3480-166,43,-3480-165,43,-3480-164,43,-3480-163,43,-3480-162,43,-3480-161,43,-3480-160,43,-3480-159,43,-3480-158,43,-3480-157,43,-3480-156,43,-3480-155,43,-3480-154,43,-3480-153,43,-3480-152,43,-3480-151,43,-3480-150,43,-3480-149,43,-3480-148,43,-3480-147,43,-3480-146,43,-3480-145,43,-3480-144,43,-3480-143,43,-3480-142,43,-3480-141,43,-3480-140,43,-3480-139,43,-3480-138,43,-3480-137,43,-3480-136,43,-3480-135,43,-3480-134,43,-3480-133,43,-3480-132,43,-3480-131,43,-3480-130,43,-3480-129,43,-3480-128,43,-3480-127,43,-3480-126,43,-3480-125,43,-3480-124,43,-3480-123,43,-3480-122,43,-3480-121,43,-3480-120,43,-3480-119,43,-3480-118,43,-3480-117,43,-3480-116,43,-3480-115,43,-3480-114,43,-3480-113,43,-3480-112,43,-3480-111,43,-3480-110,43,-3480-109,43,-3480-108,43,-3480-107,43,-3480-106,43,-3480-105,43,-3480-104,43,-3480-103,43,-3480-102,43,-3480-101,43,-3480-100,43,-3480-99,43,-3480-98,43,-3480-97,43,-3480-96,43,-3480-95,43,-3480-94,43,-3480-93,43,-3480-92,43,-3480-91,43,-3480-90,43,-3480-89,43,-3480-88,43,-3480-87,43,-3480-86,43,-3480-85,43,-3480-84,43,-3480-83,43,-3480-82,43,-3480-81,43,-3480-80,43,-3480-79,43,-3480-78,43,-3480-77,43,-3480-76,43,-3480-75,43,-3480-74,43,-3480-73,43,-3480-72,43,-3480-71,43,-3480-70,43,-3480-69,43,-3480-68,43,-3480-67,43,-3480-66,43,-3480-65,43,-3480-64,43,-3480-63,43,-3480-62,43,-3480-61,43,-3480-60,43,-3480-59,43,-3480-58,43,-3480-57,43,-3480-56,43,-3480-55,43,-3480-54,43,-3480-53,43,-3480-52,43,-3480-51,43,-3480-50,43,-3480-49,43,-3480-48,43,-3480-47,43,-3480-46,43,-3480-45,43,-3480-44,43,-3480-43,43,-3480-42,43,-3480-41,43,-3480-40,43,-3480-39,43,-3480-38,43,-3480-37,43,-3480-36,43,-3480-35,43,-3320-34,43,-2880-33,43,-2600-32,43,-1960-31,43,-1360-30,43,-1160-29,43,-1200-28,43,-1520-27,43,-2000-26,43,-2400-25,43,-2800-24,43,-3240-23,43,-3400-22,43,-3480-21,43,-3480-20,43,-3480-19,43,-3480-18,43,-3480-17,43,-3400-16,43,-2960-15,43,-2280-14,43,-2000-13,43,-1320-12,43,-760-11,43,-440-10,43,-280-9,43,-200-8,43,-160-7,43,-160-6,43,-120-5,43,-120-4,43,-120-3,43,-120-2,43,-80-1,43,-1200,43,-2001,43,-2802,43,-4403,43,-5604,43,-8005,43,-8406,43,-8407,43,-6408,43,-11209,43,-108010,43,-104011,43,-96012,43,-96013,43,-96014,43,-96015,43,-64016,43,-4017,43,018,43,4019,43,8020,43,8021,43,12022,43,20023,43,48024,43,84025,43,136026,43,140027,43,84028,43,16029,43,-8030,43,-16031,43,-12032,43,-12033,43,034,43,4035,43,4036,43,4037,43,4038,43,4039,43,16040,43,16041,43,20042,43,20043,43,20044,43,20045,43,20046,43,20047,43,20048,43,20049,43,20050,43,20051,43,20052,43,20053,43,20054,43,16055,43,20056,43,16057,43,20058,43,28059,43,60060,43,76061,43,100062,43,132063,43,164064,43,140065,43,120066,43,144067,43,172068,43,108069,43,28070,43,-64071,43,-164072,43,-268073,43,-324074,43,-340075,43,-348076,43,-348077,43,-348078,43,-348079,43,-348080,43,-348081,43,-304082,43,-292083,43,-292084,43,-276085,43,-256086,43,-236087,43,-204088,43,-192089,43,-176090,43,-164091,43,-156092,43,-144093,43,-100094,43,-68095,43,-56096,43,-40097,43,-24098,43,-8099,43,0100,43,40101,43,120102,43,160103,43,160104,43,280105,43,440106,43,440107,43,400108,43,480109,43,480110,43,480111,43,320112,43,280113,43,440114,43,560115,43,480116,43,560117,43,560118,43,280119,43,0120,43,-240121,43,-1320122,43,-2920123,43,-3480124,43,-3480125,43,-3480126,43,-3480127,43,-3480128,43,-3480129,43,-3480130,43,-3480131,43,-3480132,43,-3480133,43,-3480134,43,-3480135,43,-3480136,43,-3480137,43,-3480138,43,-3480139,43,-3480140,43,-3480141,43,-3480142,43,-3480143,43,-3480144,43,-3480145,43,-3480146,43,-3480147,43,-3480148,43,-3480149,43,-3480150,43,-3480151,43,-3480152,43,-3480153,43,-3480154,43,-3480155,43,-3480156,43,-3480157,43,-3480158,43,-3480159,43,-3480160,43,-3480161,43,-3480162,43,-3480163,43,-3480164,43,-3480165,43,-3480166,43,-3480167,43,-3480168,43,-3480169,43,-3480170,43,-3480171,43,-3480172,43,-3480173,43,-3480174,43,-3480175,43,-3480176,43,-3480177,43,-3480178,43,-3480179,43,-3480-180,42,-3480-179,42,-3480-178,42,-3480-177,42,-3480-176,42,-3480-175,42,-3480-174,42,-3480-173,42,-3480-172,42,-3480-171,42,-3480-170,42,-3480-169,42,-3480-168,42,-3480-167,42,-3480-166,42,-3480-165,42,-3480-164,42,-3480-163,42,-3480-162,42,-3480-161,42,-3480-160,42,-3480-159,42,-3480-158,42,-3480-157,42,-3480-156,42,-3480-155,42,-3480-154,42,-3480-153,42,-3480-152,42,-3480-151,42,-3480-150,42,-3480-149,42,-3480-148,42,-3480-147,42,-3480-146,42,-3480-145,42,-3480-144,42,-3480-143,42,-3480-142,42,-3480-141,42,-3480-140,42,-3480-139,42,-3480-138,42,-3480-137,42,-3480-136,42,-3480-135,42,-3480-134,42,-3480-133,42,-3480-132,42,-3480-131,42,-3480-130,42,-3480-129,42,-3480-128,42,-3480-127,42,-3480-126,42,-3480-125,42,-3480-124,42,-3480-123,42,-3480-122,42,-3480-121,42,-3480-120,42,-3480-119,42,-3480-118,42,-3480-117,42,-3480-116,42,-3480-115,42,-3480-114,42,-3480-113,42,-3480-112,42,-3480-111,42,-3480-110,42,-3480-109,42,-3480-108,42,-3480-107,42,-3480-106,42,-3480-105,42,-3480-104,42,-3480-103,42,-3480-102,42,-3480-101,42,-3480-100,42,-3480-99,42,-3480-98,42,-3480-97,42,-3480-96,42,-3480-95,42,-3480-94,42,-3480-93,42,-3480-92,42,-3480-91,42,-3480-90,42,-3480-89,42,-3480-88,42,-3480-87,42,-3480-86,42,-3480-85,42,-3480-84,42,-3480-83,42,-3480-82,42,-3480-81,42,-3480-80,42,-3480-79,42,-3480-78,42,-3480-77,42,-3480-76,42,-3480-75,42,-3480-74,42,-3480-73,42,-3480-72,42,-3480-71,42,-3480-70,42,-3480-69,42,-3480-68,42,-3480-67,42,-3480-66,42,-3480-65,42,-3480-64,42,-3480-63,42,-3480-62,42,-3480-61,42,-3480-60,42,-3480-59,42,-3480-58,42,-3480-57,42,-3480-56,42,-3480-55,42,-3480-54,42,-3480-53,42,-3480-52,42,-3480-51,42,-3480-50,42,-3480-49,42,-3480-48,42,-3480-47,42,-3480-46,42,-3480-45,42,-3480-44,42,-3480-43,42,-3480-42,42,-3480-41,42,-3480-40,42,-3480-39,42,-3480-38,42,-3480-37,42,-3480-36,42,-3480-35,42,-2880-34,42,-2680-33,42,-2240-32,42,-1360-31,42,-840-30,42,-760-29,42,-680-28,42,-760-27,42,-760-26,42,-920-25,42,-1280-24,42,-2360-23,42,-3120-22,42,-3400-21,42,-3480-20,42,-3480-19,42,-3480-18,42,-3280-17,42,-2680-16,42,-2280-15,42,-1880-14,42,-1240-13,42,-640-12,42,-440-11,42,-240-10,42,-200-9,42,-160-8,42,-120-7,42,-120-6,42,-120-5,42,-120-4,42,-80-3,42,-80-2,42,-80-1,42,-800,42,-1601,42,-2002,42,-3203,42,-4404,42,-6405,42,-8006,42,-9207,42,-8808,42,-8409,42,-112010,42,-108011,42,-104012,42,-100013,42,-96014,42,-92015,42,-44016,42,-8017,42,-4018,42,019,42,4020,42,4021,42,4022,42,4023,42,12024,42,28025,42,48026,42,72027,42,68028,42,36029,42,4030,42,-12031,42,-12032,42,-12033,42,-12034,42,-8035,42,-4036,42,037,42,038,42,039,42,8040,42,12041,42,12042,42,16043,42,8044,42,12045,42,12046,42,16047,42,16048,42,16049,42,20050,42,20051,42,20052,42,16053,42,16054,42,12055,42,16056,42,16057,42,24058,42,44059,42,80060,42,92061,42,104062,42,136063,42,160064,42,128065,42,128066,42,168067,42,156068,42,76069,42,4070,42,-84071,42,-168072,42,-228073,42,-284074,42,-304075,42,-304076,42,-316077,42,-280078,42,-256079,42,-228080,42,-208081,42,-208082,42,-196083,42,-188084,42,-168085,42,-140086,42,-120087,42,-100088,42,-96089,42,-88090,42,-68091,42,-52092,42,-36093,42,-20094,42,-4095,42,16096,42,32097,42,32098,42,32099,42,240100,42,200101,42,200102,42,240103,42,240104,42,360105,42,520106,42,680107,42,840108,42,1000109,42,1240110,42,1280111,42,1000112,42,720113,42,800114,42,720115,42,640116,42,560117,42,360118,42,40119,42,-80120,42,-520121,42,-2120122,42,-3320123,42,-3480124,42,-3480125,42,-3480126,42,-3480127,42,-3480128,42,-3480129,42,-3480130,42,-3480131,42,-3480132,42,-3480133,42,-3480134,42,-3480135,42,-3480136,42,-3480137,42,-3480138,42,-3480139,42,-3480140,42,-3480141,42,-3480142,42,-3480143,42,-3480144,42,-3480145,42,-3480146,42,-3480147,42,-3480148,42,-3480149,42,-3480150,42,-3480151,42,-3480152,42,-3480153,42,-3480154,42,-3480155,42,-3480156,42,-3480157,42,-3480158,42,-3480159,42,-3480160,42,-3480161,42,-3480162,42,-3480163,42,-3480164,42,-3480165,42,-3480166,42,-3480167,42,-3480168,42,-3480169,42,-3480170,42,-3480171,42,-3480172,42,-3480173,42,-3480174,42,-3480175,42,-3480176,42,-3480177,42,-3480178,42,-3480179,42,-3480-180,41,-3480-179,41,-3480-178,41,-3480-177,41,-3480-176,41,-3480-175,41,-3480-174,41,-3480-173,41,-3480-172,41,-3480-171,41,-3480-170,41,-3480-169,41,-3480-168,41,-3480-167,41,-3480-166,41,-3480-165,41,-3480-164,41,-3480-163,41,-3480-162,41,-3480-161,41,-3480-160,41,-3480-159,41,-3480-158,41,-3480-157,41,-3480-156,41,-3480-155,41,-3480-154,41,-3480-153,41,-3480-152,41,-3480-151,41,-3480-150,41,-3480-149,41,-3480-148,41,-3480-147,41,-3480-146,41,-3480-145,41,-3480-144,41,-3480-143,41,-3480-142,41,-3480-141,41,-3480-140,41,-3480-139,41,-3480-138,41,-3480-137,41,-3480-136,41,-3480-135,41,-3480-134,41,-3480-133,41,-3480-132,41,-3480-131,41,-3480-130,41,-3480-129,41,-3480-128,41,-3480-127,41,-3480-126,41,-3480-125,41,-3480-124,41,-3480-123,41,-3480-122,41,-3480-121,41,-3480-120,41,-3480-119,41,-3480-118,41,-3480-117,41,-3480-116,41,-3480-115,41,-3480-114,41,-3480-113,41,-3480-112,41,-3480-111,41,-3480-110,41,-3480-109,41,-3480-108,41,-3480-107,41,-3480-106,41,-3480-105,41,-3480-104,41,-3480-103,41,-3480-102,41,-3480-101,41,-3480-100,41,-3480-99,41,-3480-98,41,-3480-97,41,-3480-96,41,-3480-95,41,-3480-94,41,-3480-93,41,-3480-92,41,-3480-91,41,-3480-90,41,-3480-89,41,-3480-88,41,-3480-87,41,-3480-86,41,-3480-85,41,-3480-84,41,-3480-83,41,-3480-82,41,-3480-81,41,-3480-80,41,-3480-79,41,-3480-78,41,-3480-77,41,-3480-76,41,-3480-75,41,-3480-74,41,-3480-73,41,-3480-72,41,-3480-71,41,-3480-70,41,-3480-69,41,-3480-68,41,-3480-67,41,-3480-66,41,-3480-65,41,-3480-64,41,-3480-63,41,-3480-62,41,-3480-61,41,-3480-60,41,-3480-59,41,-3480-58,41,-3480-57,41,-3480-56,41,-3480-55,41,-3480-54,41,-3480-53,41,-3480-52,41,-3480-51,41,-3480-50,41,-3480-49,41,-3480-48,41,-3480-47,41,-3480-46,41,-3480-45,41,-3480-44,41,-3480-43,41,-3480-42,41,-3480-41,41,-3480-40,41,-3480-39,41,-3480-38,41,-3480-37,41,-3480-36,41,-3480-35,41,-3200-34,41,-2680-33,41,-2200-32,41,-1280-31,41,-680-30,41,-520-29,41,-480-28,41,-520-27,41,-560-26,41,-640-25,41,-760-24,41,-1040-23,41,-1720-22,41,-2760-21,41,-3360-20,41,-3480-19,41,-3320-18,41,-2600-17,41,-1920-16,41,-1760-15,41,-1360-14,41,-760-13,41,-440-12,41,-280-11,41,-200-10,41,-120-9,41,-160-8,41,-120-7,41,-120-6,41,-80-5,41,-40-4,41,-40-3,41,-40-2,41,-80-1,41,-400,41,-801,41,-1202,41,-2803,41,-3204,41,-5205,41,-6806,41,-8807,41,-10408,41,-14409,41,-152010,41,-128011,41,-112012,41,-92013,41,-64014,41,-40015,41,-24016,41,-8017,41,-8018,41,-4019,41,-12020,41,-8021,41,-8022,41,-8023,41,-8024,41,025,41,026,41,12027,41,16028,41,24029,41,8030,41,-12031,41,-16032,41,-12033,41,-12034,41,-8035,41,-8036,41,-8037,41,-4038,41,-4039,41,040,41,8041,41,4042,41,8043,41,8044,41,4045,41,4046,41,8047,41,8048,41,12049,41,16050,41,12051,41,12052,41,8053,41,12054,41,12055,41,12056,41,28057,41,40058,41,72059,41,88060,41,96061,41,128062,41,156063,41,164064,41,136065,41,148066,41,196067,41,108068,41,44069,41,-12070,41,-84071,41,-148072,41,-156073,41,-152074,41,-152075,41,-124076,41,-104077,41,-104078,41,-100079,41,-88080,41,-68081,41,-56082,41,-60083,41,-64084,41,-60085,41,-52086,41,-48087,41,-36088,41,-24089,41,-12090,41,-16091,41,-4092,41,4093,41,12094,41,32095,41,72096,41,96097,41,84098,41,64099,41,440100,41,320101,41,280102,41,240103,41,240104,41,360105,41,520106,41,800107,41,960108,41,1000109,41,1200110,41,1240111,41,1120112,41,880113,41,640114,41,480115,41,240116,41,80117,41,-40118,41,-120119,41,-200120,41,-1080121,41,-2960122,41,-3480123,41,-3480124,41,-3480125,41,-3480126,41,-3480127,41,-3480128,41,-3480129,41,-3480130,41,-3480131,41,-3480132,41,-3480133,41,-3480134,41,-3480135,41,-3480136,41,-3480137,41,-3480138,41,-3480139,41,-3480140,41,-3480141,41,-3480142,41,-3480143,41,-3480144,41,-3480145,41,-3480146,41,-3480147,41,-3480148,41,-3480149,41,-3480150,41,-3480151,41,-3480152,41,-3480153,41,-3480154,41,-3480155,41,-3480156,41,-3480157,41,-3480158,41,-3480159,41,-3480160,41,-3480161,41,-3480162,41,-3480163,41,-3480164,41,-3480165,41,-3480166,41,-3480167,41,-3480168,41,-3480169,41,-3480170,41,-3480171,41,-3480172,41,-3480173,41,-3480174,41,-3480175,41,-3480176,41,-3480177,41,-3480178,41,-3480179,41,-3480-180,40,-3480-179,40,-3480-178,40,-3480-177,40,-3480-176,40,-3480-175,40,-3480-174,40,-3480-173,40,-3480-172,40,-3480-171,40,-3480-170,40,-3480-169,40,-3480-168,40,-3480-167,40,-3480-166,40,-3480-165,40,-3480-164,40,-3480-163,40,-3480-162,40,-3480-161,40,-3480-160,40,-3480-159,40,-3480-158,40,-3480-157,40,-3480-156,40,-3480-155,40,-3480-154,40,-3480-153,40,-3480-152,40,-3480-151,40,-3480-150,40,-3480-149,40,-3480-148,40,-3480-147,40,-3480-146,40,-3480-145,40,-3480-144,40,-3480-143,40,-3480-142,40,-3480-141,40,-3480-140,40,-3480-139,40,-3480-138,40,-3480-137,40,-3480-136,40,-3480-135,40,-3480-134,40,-3480-133,40,-3480-132,40,-3480-131,40,-3480-130,40,-3480-129,40,-3480-128,40,-3480-127,40,-3480-126,40,-3480-125,40,-3480-124,40,-3480-123,40,-3480-122,40,-3480-121,40,-3480-120,40,-3480-119,40,-3480-118,40,-3480-117,40,-3480-116,40,-3480-115,40,-3480-114,40,-3480-113,40,-3480-112,40,-3480-111,40,-3480-110,40,-3480-109,40,-3480-108,40,-3480-107,40,-3480-106,40,-3480-105,40,-3480-104,40,-3480-103,40,-3480-102,40,-3480-101,40,-3480-100,40,-3480-99,40,-3480-98,40,-3480-97,40,-3480-96,40,-3480-95,40,-3480-94,40,-3480-93,40,-3480-92,40,-3480-91,40,-3480-90,40,-3480-89,40,-3480-88,40,-3480-87,40,-3480-86,40,-3480-85,40,-3480-84,40,-3480-83,40,-3480-82,40,-3480-81,40,-3480-80,40,-3480-79,40,-3480-78,40,-3480-77,40,-3480-76,40,-3480-75,40,-3480-74,40,-3480-73,40,-3480-72,40,-3480-71,40,-3480-70,40,-3480-69,40,-3480-68,40,-3480-67,40,-3480-66,40,-3480-65,40,-3480-64,40,-3480-63,40,-3480-62,40,-3480-61,40,-3480-60,40,-3480-59,40,-3480-58,40,-3480-57,40,-3480-56,40,-3480-55,40,-3480-54,40,-3480-53,40,-3480-52,40,-3480-51,40,-3480-50,40,-3480-49,40,-3480-48,40,-3480-47,40,-3480-46,40,-3480-45,40,-3480-44,40,-3480-43,40,-3480-42,40,-3480-41,40,-3480-40,40,-3480-39,40,-3480-38,40,-3480-37,40,-3480-36,40,-3480-35,40,-3440-34,40,-2640-33,40,-2200-32,40,-1320-31,40,-600-30,40,-400-29,40,-320-28,40,-320-27,40,-440-26,40,-480-25,40,-600-24,40,-760-23,40,-960-22,40,-1720-21,40,-2760-20,40,-3040-19,40,-2680-18,40,-2160-17,40,-1880-16,40,-1360-15,40,-840-14,40,-480-13,40,-320-12,40,-200-11,40,-160-10,40,-120-9,40,-80-8,40,-40-7,40,0-6,40,120-5,40,120-4,40,80-3,40,80-2,40,40-1,40,-400,40,-401,40,-1202,40,-2003,40,-2804,40,-4405,40,-5206,40,-7207,40,-12008,40,-16809,40,-172010,40,-152011,40,-124012,40,-80013,40,-48014,40,-40015,40,-24016,40,-20017,40,-12018,40,-16019,40,-16020,40,-16021,40,-16022,40,-12023,40,-12024,40,-12025,40,-8026,40,-8027,40,-8028,40,-4029,40,-4030,40,-12031,40,-12032,40,-16033,40,-12034,40,-8035,40,-8036,40,-8037,40,-8038,40,-8039,40,-8040,40,-4041,40,-4042,40,043,40,044,40,-4045,40,046,40,047,40,048,40,8049,40,12050,40,8051,40,8052,40,20053,40,24054,40,28055,40,40056,40,60057,40,68058,40,80059,40,92060,40,128061,40,164062,40,156063,40,152064,40,152065,40,184066,40,140067,40,60068,40,28069,40,070,40,-32071,40,-64072,40,-76073,40,-80074,40,-68075,40,-48076,40,-36077,40,-20078,40,-12079,40,-12080,40,-12081,40,-12082,40,-12083,40,-16084,40,-12085,40,-12086,40,-12087,40,088,40,089,40,8090,40,12091,40,16092,40,24093,40,32094,40,48095,40,92096,40,132097,40,112098,40,88099,40,600100,40,360101,40,200102,40,120103,40,160104,40,280105,40,520106,40,640107,40,480108,40,520109,40,440110,40,480111,40,640112,40,480113,40,320114,40,80115,40,-40116,40,-80117,40,-80118,40,-160119,40,-520120,40,-2160121,40,-3320122,40,-3480123,40,-3480124,40,-3480125,40,-3480126,40,-3480127,40,-3480128,40,-3480129,40,-3480130,40,-3480131,40,-3480132,40,-3480133,40,-3480134,40,-3480135,40,-3480136,40,-3480137,40,-3480138,40,-3480139,40,-3480140,40,-3480141,40,-3480142,40,-3480143,40,-3480144,40,-3480145,40,-3480146,40,-3480147,40,-3480148,40,-3480149,40,-3480150,40,-3480151,40,-3480152,40,-3480153,40,-3480154,40,-3480155,40,-3480156,40,-3480157,40,-3480158,40,-3480159,40,-3480160,40,-3480161,40,-3480162,40,-3480163,40,-3480164,40,-3480165,40,-3480166,40,-3480167,40,-3480168,40,-3480169,40,-3480170,40,-3480171,40,-3480172,40,-3480173,40,-3480174,40,-3480175,40,-3480176,40,-3480177,40,-3480178,40,-3480179,40,-3480-180,39,-3480-179,39,-3480-178,39,-3480-177,39,-3480-176,39,-3480-175,39,-3480-174,39,-3480-173,39,-3480-172,39,-3480-171,39,-3480-170,39,-3480-169,39,-3480-168,39,-3480-167,39,-3480-166,39,-3480-165,39,-3480-164,39,-3480-163,39,-3480-162,39,-3480-161,39,-3480-160,39,-3480-159,39,-3480-158,39,-3480-157,39,-3480-156,39,-3480-155,39,-3480-154,39,-3480-153,39,-3480-152,39,-3480-151,39,-3480-150,39,-3480-149,39,-3480-148,39,-3480-147,39,-3480-146,39,-3480-145,39,-3480-144,39,-3480-143,39,-3480-142,39,-3480-141,39,-3480-140,39,-3480-139,39,-3480-138,39,-3480-137,39,-3480-136,39,-3480-135,39,-3480-134,39,-3480-133,39,-3480-132,39,-3480-131,39,-3480-130,39,-3480-129,39,-3480-128,39,-3480-127,39,-3480-126,39,-3480-125,39,-3480-124,39,-3480-123,39,-3480-122,39,-3480-121,39,-3480-120,39,-3480-119,39,-3480-118,39,-3480-117,39,-3480-116,39,-3480-115,39,-3480-114,39,-3480-113,39,-3480-112,39,-3480-111,39,-3480-110,39,-3480-109,39,-3480-108,39,-3480-107,39,-3480-106,39,-3480-105,39,-3480-104,39,-3480-103,39,-3480-102,39,-3480-101,39,-3480-100,39,-3480-99,39,-3480-98,39,-3480-97,39,-3480-96,39,-3480-95,39,-3480-94,39,-3480-93,39,-3480-92,39,-3480-91,39,-3480-90,39,-3480-89,39,-3480-88,39,-3480-87,39,-3480-86,39,-3480-85,39,-3480-84,39,-3480-83,39,-3480-82,39,-3480-81,39,-3480-80,39,-3480-79,39,-3480-78,39,-3480-77,39,-3480-76,39,-3480-75,39,-3480-74,39,-3480-73,39,-3480-72,39,-3480-71,39,-3480-70,39,-3480-69,39,-3480-68,39,-3480-67,39,-3480-66,39,-3480-65,39,-3480-64,39,-3480-63,39,-3480-62,39,-3480-61,39,-3480-60,39,-3480-59,39,-3480-58,39,-3480-57,39,-3480-56,39,-3480-55,39,-3480-54,39,-3480-53,39,-3480-52,39,-3480-51,39,-3480-50,39,-3480-49,39,-3480-48,39,-3480-47,39,-3480-46,39,-3480-45,39,-3480-44,39,-3480-43,39,-3480-42,39,-3480-41,39,-3480-40,39,-3480-39,39,-3480-38,39,-3480-37,39,-3480-36,39,-3480-35,39,-3480-34,39,-2720-33,39,-2080-32,39,-1240-31,39,-600-30,39,-320-29,39,-240-28,39,-240-27,39,-280-26,39,-360-25,39,-360-24,39,-520-23,39,-680-22,39,-1200-21,39,-2080-20,39,-2200-19,39,-1960-18,39,-1800-17,39,-1360-16,39,-800-15,39,-480-14,39,-280-13,39,-160-12,39,-80-11,39,0-10,39,120-9,39,120-8,39,200-7,39,280-6,39,280-5,39,240-4,39,240-3,39,160-2,39,80-1,39,-800,39,-801,39,-402,39,-1603,39,-2004,39,-3605,39,-4406,39,-7207,39,-13208,39,-16409,39,-172010,39,-164011,39,-132012,39,-88013,39,-72014,39,-68015,39,-40016,39,-24017,39,-24018,39,-16019,39,-16020,39,-16021,39,-16022,39,-16023,39,-16024,39,-16025,39,-16026,39,-16027,39,-16028,39,-16029,39,-4030,39,-4031,39,8032,39,4033,39,4034,39,8035,39,4036,39,-8037,39,-8038,39,-4039,39,-8040,39,-4041,39,-4042,39,-4043,39,-4044,39,-4045,39,-4046,39,-4047,39,-4048,39,4049,39,12050,39,8051,39,16052,39,28053,39,40054,39,56055,39,64056,39,68057,39,76058,39,88059,39,112060,39,136061,39,132062,39,144063,39,168064,39,184065,39,172066,39,84067,39,52068,39,44069,39,36070,39,8071,39,-12072,39,-36073,39,-40074,39,-40075,39,-32076,39,-12077,39,-8078,39,-4079,39,4080,39,081,39,-4082,39,-8083,39,084,39,4085,39,4086,39,087,39,088,39,4089,39,4090,39,16091,39,16092,39,20093,39,32094,39,52095,39,92096,39,116097,39,116098,39,84099,39,520100,39,160101,39,80102,39,40103,39,40104,39,80105,39,80106,39,80107,39,120108,39,160109,39,160110,39,160111,39,160112,39,80113,39,0114,39,-40115,39,-80116,39,-80117,39,-120118,39,-400119,39,-1560120,39,-3080121,39,-3440122,39,-3480123,39,-3480124,39,-3480125,39,-3480126,39,-3480127,39,-3480128,39,-3480129,39,-3480130,39,-3480131,39,-3480132,39,-3480133,39,-3480134,39,-3480135,39,-3480136,39,-3480137,39,-3480138,39,-3480139,39,-3480140,39,-3480141,39,-3480142,39,-3480143,39,-3480144,39,-3480145,39,-3480146,39,-3480147,39,-3480148,39,-3480149,39,-3480150,39,-3480151,39,-3480152,39,-3480153,39,-3480154,39,-3480155,39,-3480156,39,-3480157,39,-3480158,39,-3480159,39,-3480160,39,-3480161,39,-3480162,39,-3480163,39,-3480164,39,-3480165,39,-3480166,39,-3480167,39,-3480168,39,-3480169,39,-3480170,39,-3480171,39,-3480172,39,-3480173,39,-3480174,39,-3480175,39,-3480176,39,-3480177,39,-3480178,39,-3480179,39,-3480-180,38,-3480-179,38,-3480-178,38,-3480-177,38,-3480-176,38,-3480-175,38,-3480-174,38,-3480-173,38,-3480-172,38,-3480-171,38,-3480-170,38,-3480-169,38,-3480-168,38,-3480-167,38,-3480-166,38,-3480-165,38,-3480-164,38,-3480-163,38,-3480-162,38,-3480-161,38,-3480-160,38,-3480-159,38,-3480-158,38,-3480-157,38,-3480-156,38,-3480-155,38,-3480-154,38,-3480-153,38,-3480-152,38,-3480-151,38,-3480-150,38,-3480-149,38,-3480-148,38,-3480-147,38,-3480-146,38,-3480-145,38,-3480-144,38,-3480-143,38,-3480-142,38,-3480-141,38,-3480-140,38,-3480-139,38,-3480-138,38,-3480-137,38,-3480-136,38,-3480-135,38,-3480-134,38,-3480-133,38,-3480-132,38,-3480-131,38,-3480-130,38,-3480-129,38,-3480-128,38,-3480-127,38,-3480-126,38,-3480-125,38,-3480-124,38,-3480-123,38,-3480-122,38,-3480-121,38,-3480-120,38,-3480-119,38,-3480-118,38,-3480-117,38,-3480-116,38,-3480-115,38,-3480-114,38,-3480-113,38,-3480-112,38,-3480-111,38,-3480-110,38,-3480-109,38,-3480-108,38,-3480-107,38,-3480-106,38,-3480-105,38,-3480-104,38,-3480-103,38,-3480-102,38,-3480-101,38,-3480-100,38,-3480-99,38,-3480-98,38,-3480-97,38,-3480-96,38,-3480-95,38,-3480-94,38,-3480-93,38,-3480-92,38,-3480-91,38,-3480-90,38,-3480-89,38,-3480-88,38,-3480-87,38,-3480-86,38,-3480-85,38,-3480-84,38,-3480-83,38,-3480-82,38,-3480-81,38,-3480-80,38,-3480-79,38,-3480-78,38,-3480-77,38,-3480-76,38,-3480-75,38,-3480-74,38,-3480-73,38,-3480-72,38,-3480-71,38,-3480-70,38,-3480-69,38,-3480-68,38,-3480-67,38,-3480-66,38,-3480-65,38,-3480-64,38,-3480-63,38,-3480-62,38,-3480-61,38,-3480-60,38,-3480-59,38,-3480-58,38,-3480-57,38,-3480-56,38,-3480-55,38,-3480-54,38,-3480-53,38,-3480-52,38,-3480-51,38,-3360-50,38,-2720-49,38,-2760-48,38,-2960-47,38,-3480-46,38,-3480-45,38,-3480-44,38,-3480-43,38,-3480-42,38,-3480-41,38,-3480-40,38,-3480-39,38,-3480-38,38,-3480-37,38,-3480-36,38,-3480-35,38,-3480-34,38,-3240-33,38,-1960-32,38,-1200-31,38,-520-30,38,-280-29,38,-200-28,38,-160-27,38,-200-26,38,-240-25,38,-320-24,38,-360-23,38,-440-22,38,-720-21,38,-1160-20,38,-1240-19,38,-1280-18,38,-1120-17,38,-640-16,38,-360-15,38,-240-14,38,-160-13,38,0-12,38,0-11,38,120-10,38,120-9,38,160-8,38,200-7,38,280-6,38,320-5,38,280-4,38,240-3,38,120-2,38,40-1,38,-800,38,-801,38,-802,38,-803,38,-1604,38,-2405,38,-4006,38,-4407,38,-10008,38,-15209,38,-152010,38,-148011,38,-132012,38,-116013,38,-108014,38,-92015,38,-72016,38,-56017,38,-48018,38,-36019,38,-24020,38,-16021,38,-16022,38,-12023,38,-16024,38,-16025,38,-12026,38,-16027,38,-4028,38,-4029,38,4030,38,12031,38,24032,38,40033,38,56034,38,48035,38,32036,38,20037,38,16038,38,8039,38,040,38,041,38,042,38,-4043,38,-4044,38,-4045,38,-4046,38,-4047,38,-4048,38,4049,38,8050,38,12051,38,20052,38,36053,38,52054,38,72055,38,76056,38,68057,38,64058,38,64059,38,84060,38,116061,38,164062,38,188063,38,184064,38,168065,38,116066,38,84067,38,80068,38,84069,38,60070,38,28071,38,4072,38,-12073,38,-28074,38,-28075,38,-24076,38,-12077,38,078,38,4079,38,4080,38,4081,38,082,38,4083,38,8084,38,4085,38,-4086,38,-12087,38,-12088,38,-12089,38,-8090,38,-4091,38,-4092,38,4093,38,12094,38,36095,38,60096,38,68097,38,60098,38,40099,38,200100,38,80101,38,0102,38,0103,38,0104,38,40105,38,0106,38,0107,38,-40108,38,0109,38,0110,38,0111,38,-40112,38,-80113,38,-80114,38,-80115,38,-120116,38,-160117,38,-480118,38,-1320119,38,-2920120,38,-3440121,38,-3480122,38,-3480123,38,-3480124,38,-3480125,38,-3480126,38,-3480127,38,-3480128,38,-3480129,38,-3480130,38,-3480131,38,-3480132,38,-3480133,38,-3480134,38,-3480135,38,-3480136,38,-3480137,38,-3480138,38,-3480139,38,-3480140,38,-3480141,38,-3480142,38,-3480143,38,-3480144,38,-3480145,38,-3480146,38,-3480147,38,-3480148,38,-3480149,38,-3480150,38,-3480151,38,-3480152,38,-3480153,38,-3480154,38,-3480155,38,-3480156,38,-3480157,38,-3480158,38,-3480159,38,-3480160,38,-3480161,38,-3480162,38,-3480163,38,-3480164,38,-3480165,38,-3480166,38,-3480167,38,-3480168,38,-3480169,38,-3480170,38,-3480171,38,-3480172,38,-3480173,38,-3480174,38,-3480175,38,-3480176,38,-3480177,38,-3480178,38,-3480179,38,-3480-180,37,-3480-179,37,-3480-178,37,-3480-177,37,-3480-176,37,-3480-175,37,-3480-174,37,-3480-173,37,-3480-172,37,-3480-171,37,-3480-170,37,-3480-169,37,-3480-168,37,-3480-167,37,-3480-166,37,-3480-165,37,-3480-164,37,-3480-163,37,-3480-162,37,-3480-161,37,-3480-160,37,-3480-159,37,-3480-158,37,-3480-157,37,-3480-156,37,-3480-155,37,-3480-154,37,-3480-153,37,-3480-152,37,-3480-151,37,-3480-150,37,-3480-149,37,-3480-148,37,-3480-147,37,-3480-146,37,-3480-145,37,-3480-144,37,-3480-143,37,-3480-142,37,-3480-141,37,-3480-140,37,-3480-139,37,-3480-138,37,-3480-137,37,-3480-136,37,-3480-135,37,-3480-134,37,-3480-133,37,-3480-132,37,-3480-131,37,-3480-130,37,-3480-129,37,-3480-128,37,-3480-127,37,-3480-126,37,-3480-125,37,-3480-124,37,-3480-123,37,-3480-122,37,-3480-121,37,-3480-120,37,-3480-119,37,-3480-118,37,-3480-117,37,-3480-116,37,-3480-115,37,-3480-114,37,-3480-113,37,-3480-112,37,-3480-111,37,-3480-110,37,-3480-109,37,-3480-108,37,-3480-107,37,-3480-106,37,-3480-105,37,-3480-104,37,-3480-103,37,-3480-102,37,-3480-101,37,-3480-100,37,-3480-99,37,-3480-98,37,-3480-97,37,-3480-96,37,-3480-95,37,-3480-94,37,-3480-93,37,-3480-92,37,-3480-91,37,-3480-90,37,-3480-89,37,-3480-88,37,-3480-87,37,-3480-86,37,-3480-85,37,-3480-84,37,-3480-83,37,-3480-82,37,-3480-81,37,-3480-80,37,-3480-79,37,-3480-78,37,-3480-77,37,-3480-76,37,-3480-75,37,-3480-74,37,-3480-73,37,-3480-72,37,-3480-71,37,-3480-70,37,-3480-69,37,-3480-68,37,-3480-67,37,-3480-66,37,-3480-65,37,-3480-64,37,-3480-63,37,-3480-62,37,-3480-61,37,-3480-60,37,-3480-59,37,-3480-58,37,-3480-57,37,-3480-56,37,-3480-55,37,-3480-54,37,-3480-53,37,-3480-52,37,-3480-51,37,-2760-50,37,-2640-49,37,-2640-48,37,-2680-47,37,-3000-46,37,-3480-45,37,-3480-44,37,-3480-43,37,-3480-42,37,-3480-41,37,-3480-40,37,-3480-39,37,-3480-38,37,-3480-37,37,-3480-36,37,-3480-35,37,-3480-34,37,-3400-33,37,-2160-32,37,-1200-31,37,-560-30,37,-280-29,37,-200-28,37,-160-27,37,-160-26,37,-160-25,37,-200-24,37,-240-23,37,-280-22,37,-280-21,37,-360-20,37,-480-19,37,-600-18,37,-360-17,37,-120-16,37,0-15,37,40-14,37,40-13,37,120-12,37,40-11,37,120-10,37,40-9,37,120-8,37,120-7,37,240-6,37,240-5,37,160-4,37,200-3,37,120-2,37,-80-1,37,-800,37,-801,37,-802,37,-803,37,-1204,37,-2005,37,-2806,37,-3207,37,-5208,37,-7209,37,-112010,37,-112011,37,-124012,37,-124013,37,-112014,37,-104015,37,-88016,37,-84017,37,-72018,37,-64019,37,-60020,37,-40021,37,-20022,37,-16023,37,-16024,37,-16025,37,-16026,37,-12027,37,028,37,8029,37,16030,37,24031,37,44032,37,68033,37,124034,37,116035,37,104036,37,76037,37,48038,37,32039,37,20040,37,16041,37,042,37,043,37,-4044,37,045,37,-4046,37,047,37,8048,37,8049,37,12050,37,24051,37,32052,37,40053,37,44054,37,52055,37,52056,37,64057,37,84058,37,108059,37,124060,37,144061,37,164062,37,164063,37,148064,37,132065,37,104066,37,88067,37,96068,37,84069,37,56070,37,32071,37,12072,37,073,37,-12074,37,-16075,37,-20076,37,-12077,37,-4078,37,-4079,37,-8080,37,-4081,37,-8082,37,-24083,37,-16084,37,-12085,37,-16086,37,-16087,37,-12088,37,-8089,37,-8090,37,-8091,37,-8092,37,093,37,4094,37,12095,37,20096,37,20097,37,20098,37,12099,37,40100,37,-40101,37,0102,37,0103,37,0104,37,0105,37,-80106,37,-80107,37,-80108,37,-120109,37,-120110,37,-120111,37,-120112,37,-160113,37,-160114,37,-160115,37,-200116,37,-480117,37,-1280118,37,-2680119,37,-3400120,37,-3480121,37,-3480122,37,-3480123,37,-3480124,37,-3480125,37,-3480126,37,-3480127,37,-3480128,37,-3480129,37,-3480130,37,-3480131,37,-3480132,37,-3480133,37,-3480134,37,-3480135,37,-3480136,37,-3480137,37,-3480138,37,-3480139,37,-3480140,37,-3480141,37,-3480142,37,-3480143,37,-3480144,37,-3480145,37,-3480146,37,-3480147,37,-3480148,37,-3480149,37,-3480150,37,-3480151,37,-3480152,37,-3480153,37,-3520154,37,-3480155,37,-3480156,37,-3480157,37,-3480158,37,-3480159,37,-3480160,37,-3480161,37,-3480162,37,-3480163,37,-3480164,37,-3480165,37,-3480166,37,-3480167,37,-3480168,37,-3480169,37,-3480170,37,-3480171,37,-3480172,37,-3480173,37,-3480174,37,-3480175,37,-3480176,37,-3480177,37,-3480178,37,-3480179,37,-3480-180,36,-3480-179,36,-3480-178,36,-3480-177,36,-3480-176,36,-3480-175,36,-3480-174,36,-3480-173,36,-3480-172,36,-3480-171,36,-3480-170,36,-3480-169,36,-3480-168,36,-3480-167,36,-3480-166,36,-3480-165,36,-3480-164,36,-3480-163,36,-3480-162,36,-3480-161,36,-3480-160,36,-3480-159,36,-3480-158,36,-3480-157,36,-3480-156,36,-3480-155,36,-3480-154,36,-3480-153,36,-3480-152,36,-3480-151,36,-3480-150,36,-3480-149,36,-3480-148,36,-3480-147,36,-3480-146,36,-3480-145,36,-3480-144,36,-3480-143,36,-3480-142,36,-3480-141,36,-3480-140,36,-3480-139,36,-3480-138,36,-3480-137,36,-3480-136,36,-3480-135,36,-3480-134,36,-3480-133,36,-3480-132,36,-3480-131,36,-3480-130,36,-3480-129,36,-3480-128,36,-3480-127,36,-3480-126,36,-3480-125,36,-3480-124,36,-3480-123,36,-3480-122,36,-3480-121,36,-3480-120,36,-3480-119,36,-3480-118,36,-3480-117,36,-3480-116,36,-3480-115,36,-3480-114,36,-3480-113,36,-3480-112,36,-3480-111,36,-3480-110,36,-3480-109,36,-3480-108,36,-3480-107,36,-3480-106,36,-3480-105,36,-3480-104,36,-3480-103,36,-3480-102,36,-3480-101,36,-3480-100,36,-3480-99,36,-3480-98,36,-3480-97,36,-3480-96,36,-3480-95,36,-3480-94,36,-3480-93,36,-3480-92,36,-3480-91,36,-3480-90,36,-3480-89,36,-3480-88,36,-3480-87,36,-3480-86,36,-3480-85,36,-3480-84,36,-3480-83,36,-3480-82,36,-3480-81,36,-3480-80,36,-3480-79,36,-3480-78,36,-3480-77,36,-3480-76,36,-3480-75,36,-3480-74,36,-3480-73,36,-3480-72,36,-3480-71,36,-3480-70,36,-3480-69,36,-3480-68,36,-3480-67,36,-3480-66,36,-3480-65,36,-3480-64,36,-3480-63,36,-3480-62,36,-3480-61,36,-3480-60,36,-3480-59,36,-3480-58,36,-3480-57,36,-3480-56,36,-3480-55,36,-3480-54,36,-3480-53,36,-3480-52,36,-3440-51,36,-2720-50,36,-2560-49,36,-2560-48,36,-2640-47,36,-2680-46,36,-3480-45,36,-3480-44,36,-3480-43,36,-3480-42,36,-3480-41,36,-3480-40,36,-3480-39,36,-3480-38,36,-3480-37,36,-3480-36,36,-3480-35,36,-3480-34,36,-3360-33,36,-2640-32,36,-1360-31,36,-600-30,36,-320-29,36,-200-28,36,-160-27,36,-160-26,36,-160-25,36,-160-24,36,-160-23,36,-120-22,36,-80-21,36,-40-20,36,-40-19,36,0-18,36,120-17,36,80-16,36,240-15,36,160-14,36,200-13,36,80-12,36,160-11,36,160-10,36,80-9,36,80-8,36,160-7,36,160-6,36,200-5,36,40-4,36,0-3,36,-40-2,36,-80-1,36,-800,36,-801,36,-802,36,-1603,36,-1604,36,-2005,36,-2006,36,-2007,36,-3208,36,-5609,36,-68010,36,-80011,36,-96012,36,-108013,36,-108014,36,-112015,36,-100016,36,-104017,36,-104018,36,-104019,36,-96020,36,-80021,36,-52022,36,-28023,36,-16024,36,-16025,36,-16026,36,-12027,36,4028,36,8029,36,12030,36,20031,36,32032,36,44033,36,88034,36,156035,36,176036,36,140037,36,100038,36,60039,36,52040,36,40041,36,16042,36,12043,36,8044,36,8045,36,8046,36,8047,36,12048,36,16049,36,20050,36,40051,36,44052,36,56053,36,60054,36,80055,36,92056,36,108057,36,132058,36,128059,36,124060,36,148061,36,152062,36,156063,36,140064,36,124065,36,120066,36,124067,36,108068,36,72069,36,40070,36,20071,36,072,36,-8073,36,-24074,36,-32075,36,-28076,36,-32077,36,-40078,36,-44079,36,-52080,36,-52081,36,-52082,36,-68083,36,-64084,36,-60085,36,-60086,36,-60087,36,-36088,36,-20089,36,-12090,36,-16091,36,-20092,36,-12093,36,-4094,36,-4095,36,-4096,36,4097,36,098,36,-4099,36,-40100,36,-80101,36,-80102,36,-80103,36,-40104,36,-80105,36,-120106,36,-120107,36,-120108,36,-120109,36,-160110,36,-120111,36,-160112,36,-240113,36,-280114,36,-280115,36,-440116,36,-1200117,36,-2560118,36,-3360119,36,-3480120,36,-3480121,36,-3480122,36,-3480123,36,-3480124,36,-3480125,36,-3480126,36,-3480127,36,-3480128,36,-3480129,36,-3480130,36,-3480131,36,-3480132,36,-3480133,36,-3480134,36,-3480135,36,-3480136,36,-3480137,36,-3480138,36,-3480139,36,-3480140,36,-3480141,36,-3480142,36,-3480143,36,-3480144,36,-3480145,36,-3480146,36,-3480147,36,-3480148,36,-3480149,36,-3480150,36,-3480151,36,-3480152,36,-3480153,36,-3480154,36,-3480155,36,-3480156,36,-3480157,36,-3480158,36,-3480159,36,-3480160,36,-3480161,36,-3480162,36,-3480163,36,-3480164,36,-3480165,36,-3480166,36,-3480167,36,-3480168,36,-3480169,36,-3480170,36,-3480171,36,-3480172,36,-3480173,36,-3480174,36,-3480175,36,-3480176,36,-3480177,36,-3480178,36,-3480179,36,-3480-180,35,-3480-179,35,-3480-178,35,-3480-177,35,-3480-176,35,-3480-175,35,-3480-174,35,-3480-173,35,-3480-172,35,-3480-171,35,-3480-170,35,-3480-169,35,-3480-168,35,-3480-167,35,-3480-166,35,-3480-165,35,-3480-164,35,-3480-163,35,-3480-162,35,-3480-161,35,-3480-160,35,-3480-159,35,-3480-158,35,-3480-157,35,-3480-156,35,-3480-155,35,-3480-154,35,-3480-153,35,-3480-152,35,-3480-151,35,-3480-150,35,-3480-149,35,-3480-148,35,-3480-147,35,-3480-146,35,-3480-145,35,-3480-144,35,-3480-143,35,-3480-142,35,-3480-141,35,-3480-140,35,-3480-139,35,-3480-138,35,-3480-137,35,-3480-136,35,-3480-135,35,-3480-134,35,-3480-133,35,-3480-132,35,-3480-131,35,-3480-130,35,-3480-129,35,-3480-128,35,-3480-127,35,-3480-126,35,-3480-125,35,-3480-124,35,-3480-123,35,-3480-122,35,-3480-121,35,-3480-120,35,-3480-119,35,-3480-118,35,-3480-117,35,-3480-116,35,-3480-115,35,-3480-114,35,-3480-113,35,-3480-112,35,-3480-111,35,-3480-110,35,-3480-109,35,-3480-108,35,-3480-107,35,-3480-106,35,-3480-105,35,-3480-104,35,-3480-103,35,-3480-102,35,-3480-101,35,-3480-100,35,-3480-99,35,-3480-98,35,-3480-97,35,-3480-96,35,-3480-95,35,-3480-94,35,-3480-93,35,-3480-92,35,-3480-91,35,-3480-90,35,-3480-89,35,-3480-88,35,-3480-87,35,-3480-86,35,-3480-85,35,-3480-84,35,-3480-83,35,-3480-82,35,-3480-81,35,-3480-80,35,-3480-79,35,-3480-78,35,-3480-77,35,-3480-76,35,-3480-75,35,-3480-74,35,-3480-73,35,-3480-72,35,-3480-71,35,-3480-70,35,-3480-69,35,-3480-68,35,-3480-67,35,-3480-66,35,-3480-65,35,-3480-64,35,-3480-63,35,-3480-62,35,-3480-61,35,-3480-60,35,-3480-59,35,-3480-58,35,-3480-57,35,-3480-56,35,-3480-55,35,-3480-54,35,-3480-53,35,-3480-52,35,-3480-51,35,-2800-50,35,-2400-49,35,-2440-48,35,-2560-47,35,-2680-46,35,-3360-45,35,-3480-44,35,-3480-43,35,-3480-42,35,-3480-41,35,-3480-40,35,-3480-39,35,-3480-38,35,-3480-37,35,-3480-36,35,-3480-35,35,-3480-34,35,-3360-33,35,-2720-32,35,-1680-31,35,-600-30,35,-400-29,35,-160-28,35,-160-27,35,-160-26,35,-160-25,35,-120-24,35,-80-23,35,0-22,35,40-21,35,40-20,35,80-19,35,40-18,35,160-17,35,120-16,35,160-15,35,120-14,35,200-13,35,160-12,35,200-11,35,40-10,35,80-9,35,80-8,35,80-7,35,40-6,35,0-5,35,-40-4,35,-80-3,35,-120-2,35,-120-1,35,-800,35,-1201,35,-2002,35,-2003,35,-1604,35,-1605,35,-1606,35,-2007,35,-1608,35,-2409,35,-40010,35,-52011,35,-68012,35,-88013,35,-88014,35,-96015,35,-100016,35,-108017,35,-108018,35,-112019,35,-116020,35,-104021,35,-96022,35,-28023,35,-16024,35,-16025,35,-16026,35,-12027,35,-4028,35,-4029,35,-4030,35,8031,35,4032,35,20033,35,32034,35,76035,35,132036,35,160037,35,140038,35,120039,35,108040,35,92041,35,56042,35,36043,35,24044,35,16045,35,12046,35,12047,35,12048,35,20049,35,20050,35,32051,35,56052,35,64053,35,76054,35,96055,35,100056,35,104057,35,96058,35,104059,35,128060,35,152061,35,148062,35,144063,35,136064,35,136065,35,136066,35,140067,35,88068,35,56069,35,24070,35,-4071,35,-20072,35,-56073,35,-120074,35,-160075,35,-156076,35,-164077,35,-184078,35,-200079,35,-208080,35,-196081,35,-192082,35,-204083,35,-204084,35,-180085,35,-160086,35,-148087,35,-140088,35,-108089,35,-84090,35,-64091,35,-72092,35,-56093,35,-36094,35,-28095,35,-20096,35,-16097,35,-20098,35,-32099,35,-320100,35,-320101,35,-280102,35,-160103,35,-120104,35,-120105,35,-160106,35,-160107,35,-160108,35,-160109,35,-200110,35,-200111,35,-200112,35,-280113,35,-400114,35,-560115,35,-1160116,35,-2520117,35,-3160118,35,-3480119,35,-3480120,35,-3480121,35,-3480122,35,-3480123,35,-3480124,35,-3480125,35,-3480126,35,-3480127,35,-3480128,35,-3480129,35,-3480130,35,-3480131,35,-3480132,35,-3480133,35,-3480134,35,-3480135,35,-3480136,35,-3480137,35,-3480138,35,-3480139,35,-3480140,35,-3480141,35,-3480142,35,-3480143,35,-3480144,35,-3480145,35,-3480146,35,-3480147,35,-3480148,35,-3480149,35,-3480150,35,-3480151,35,-3480152,35,-3480153,35,-3480154,35,-3480155,35,-3480156,35,-3480157,35,-3480158,35,-3480159,35,-3480160,35,-3480161,35,-3480162,35,-3480163,35,-3480164,35,-3480165,35,-3480166,35,-3480167,35,-3480168,35,-3480169,35,-3480170,35,-3480171,35,-3480172,35,-3480173,35,-3480174,35,-3480175,35,-3480176,35,-3480177,35,-3480178,35,-3480179,35,-3480-180,34,-3480-179,34,-3480-178,34,-3480-177,34,-3480-176,34,-3480-175,34,-3480-174,34,-3480-173,34,-3480-172,34,-3480-171,34,-3480-170,34,-3480-169,34,-3480-168,34,-3480-167,34,-3480-166,34,-3480-165,34,-3480-164,34,-3480-163,34,-3480-162,34,-3480-161,34,-3480-160,34,-3480-159,34,-3480-158,34,-3480-157,34,-3480-156,34,-3480-155,34,-3480-154,34,-3480-153,34,-3480-152,34,-3480-151,34,-3480-150,34,-3480-149,34,-3480-148,34,-3480-147,34,-3480-146,34,-3480-145,34,-3480-144,34,-3480-143,34,-3480-142,34,-3480-141,34,-3480-140,34,-3480-139,34,-3480-138,34,-3480-137,34,-3480-136,34,-3480-135,34,-3480-134,34,-3480-133,34,-3480-132,34,-3480-131,34,-3480-130,34,-3480-129,34,-3480-128,34,-3480-127,34,-3480-126,34,-3480-125,34,-3480-124,34,-3480-123,34,-3480-122,34,-3480-121,34,-3480-120,34,-3480-119,34,-3480-118,34,-3480-117,34,-3480-116,34,-3480-115,34,-3480-114,34,-3480-113,34,-3480-112,34,-3480-111,34,-3480-110,34,-3480-109,34,-3480-108,34,-3480-107,34,-3480-106,34,-3480-105,34,-3480-104,34,-3480-103,34,-3480-102,34,-3480-101,34,-3480-100,34,-3480-99,34,-3480-98,34,-3480-97,34,-3480-96,34,-3480-95,34,-3480-94,34,-3480-93,34,-3480-92,34,-3480-91,34,-3480-90,34,-3480-89,34,-3480-88,34,-3480-87,34,-3480-86,34,-3480-85,34,-3480-84,34,-3480-83,34,-3480-82,34,-3480-81,34,-3480-80,34,-3480-79,34,-3480-78,34,-3480-77,34,-3480-76,34,-3480-75,34,-3480-74,34,-3480-73,34,-3480-72,34,-3480-71,34,-3480-70,34,-3480-69,34,-3480-68,34,-3480-67,34,-3480-66,34,-3480-65,34,-3480-64,34,-3480-63,34,-3480-62,34,-3480-61,34,-3480-60,34,-3480-59,34,-3480-58,34,-3480-57,34,-3480-56,34,-3480-55,34,-3480-54,34,-3480-53,34,-3480-52,34,-3480-51,34,-2880-50,34,-2600-49,34,-2480-48,34,-2520-47,34,-2680-46,34,-2840-45,34,-3480-44,34,-3480-43,34,-3480-42,34,-3480-41,34,-3480-40,34,-3480-39,34,-3480-38,34,-3480-37,34,-3480-36,34,-3480-35,34,-3480-34,34,-3400-33,34,-2760-32,34,-1520-31,34,-640-30,34,-360-29,34,-200-28,34,-160-27,34,-160-26,34,-120-25,34,-80-24,34,40-23,34,80-22,34,120-21,34,120-20,34,160-19,34,40-18,34,40-17,34,120-16,34,200-15,34,160-14,34,120-13,34,160-12,34,120-11,34,80-10,34,120-9,34,120-8,34,80-7,34,0-6,34,-80-5,34,-80-4,34,-120-3,34,-120-2,34,-120-1,34,-1200,34,-2001,34,-1602,34,-1603,34,-1604,34,-1605,34,-1206,34,-1607,34,-1608,34,-2009,34,-24010,34,-24011,34,-40012,34,-60013,34,-68014,34,-88015,34,-84016,34,-88017,34,-92018,34,-100019,34,-108020,34,-116021,34,-100022,34,-36023,34,-16024,34,-16025,34,-16026,34,-8027,34,-8028,34,-4029,34,-8030,34,-8031,34,-12032,34,-4033,34,8034,34,20035,34,52036,34,100037,34,112038,34,144039,34,164040,34,160041,34,136042,34,88043,34,68044,34,40045,34,28046,34,16047,34,16048,34,16049,34,16050,34,24051,34,28052,34,40053,34,60054,34,60055,34,60056,34,68057,34,80058,34,104059,34,132060,34,148061,34,148062,34,136063,34,132064,34,128065,34,112066,34,116067,34,64068,34,32069,34,8070,34,-12071,34,-44072,34,-136073,34,-216074,34,-256075,34,-264076,34,-264077,34,-264078,34,-268079,34,-272080,34,-268081,34,-268082,34,-296083,34,-340084,34,-308085,34,-276086,34,-260087,34,-252088,34,-244089,34,-236090,34,-212091,34,-160092,34,-140093,34,-108094,34,-116095,34,-96096,34,-80097,34,-84098,34,-88099,34,-840100,34,-880101,34,-840102,34,-760103,34,-560104,34,-360105,34,-240106,34,-160107,34,-160108,34,-160109,34,-280110,34,-240111,34,-240112,34,-400113,34,-680114,34,-1240115,34,-2240116,34,-3040117,34,-3320118,34,-3480119,34,-3480120,34,-3480121,34,-3480122,34,-3480123,34,-3480124,34,-3480125,34,-3480126,34,-3480127,34,-3480128,34,-3480129,34,-3480130,34,-3480131,34,-3480132,34,-3480133,34,-3480134,34,-3480135,34,-3480136,34,-3480137,34,-3480138,34,-3480139,34,-3480140,34,-3480141,34,-3480142,34,-3480143,34,-3480144,34,-3480145,34,-3480146,34,-3480147,34,-3480148,34,-3480149,34,-3480150,34,-3480151,34,-3480152,34,-3480153,34,-3480154,34,-3480155,34,-3480156,34,-3480157,34,-3480158,34,-3480159,34,-3480160,34,-3480161,34,-3480162,34,-3480163,34,-3480164,34,-3480165,34,-3480166,34,-3480167,34,-3480168,34,-3480169,34,-3480170,34,-3480171,34,-3480172,34,-3480173,34,-3480174,34,-3480175,34,-3480176,34,-3480177,34,-3480178,34,-3480179,34,-3480-180,33,-3480-179,33,-3480-178,33,-3480-177,33,-3480-176,33,-3480-175,33,-3480-174,33,-3480-173,33,-3480-172,33,-3480-171,33,-3480-170,33,-3480-169,33,-3480-168,33,-3480-167,33,-3480-166,33,-3480-165,33,-3480-164,33,-3480-163,33,-3480-162,33,-3480-161,33,-3480-160,33,-3480-159,33,-3480-158,33,-3480-157,33,-3480-156,33,-3480-155,33,-3480-154,33,-3480-153,33,-3480-152,33,-3480-151,33,-3480-150,33,-3480-149,33,-3480-148,33,-3480-147,33,-3480-146,33,-3480-145,33,-3480-144,33,-3480-143,33,-3480-142,33,-3480-141,33,-3480-140,33,-3480-139,33,-3480-138,33,-3480-137,33,-3480-136,33,-3480-135,33,-3480-134,33,-3480-133,33,-3480-132,33,-3480-131,33,-3480-130,33,-3480-129,33,-3480-128,33,-3480-127,33,-3480-126,33,-3480-125,33,-3480-124,33,-3480-123,33,-3480-122,33,-3480-121,33,-3480-120,33,-3480-119,33,-3480-118,33,-3480-117,33,-3480-116,33,-3480-115,33,-3480-114,33,-3480-113,33,-3480-112,33,-3480-111,33,-3480-110,33,-3480-109,33,-3480-108,33,-3480-107,33,-3480-106,33,-3480-105,33,-3480-104,33,-3480-103,33,-3480-102,33,-3480-101,33,-3480-100,33,-3480-99,33,-3480-98,33,-3480-97,33,-3480-96,33,-3480-95,33,-3480-94,33,-3480-93,33,-3480-92,33,-3480-91,33,-3480-90,33,-3480-89,33,-3480-88,33,-3480-87,33,-3480-86,33,-3480-85,33,-3480-84,33,-3480-83,33,-3480-82,33,-3480-81,33,-3480-80,33,-3480-79,33,-3480-78,33,-3480-77,33,-3480-76,33,-3480-75,33,-3480-74,33,-3480-73,33,-3480-72,33,-3480-71,33,-3480-70,33,-3480-69,33,-3480-68,33,-3480-67,33,-3480-66,33,-3480-65,33,-3480-64,33,-3480-63,33,-3480-62,33,-3480-61,33,-3480-60,33,-3480-59,33,-3480-58,33,-3480-57,33,-3480-56,33,-3480-55,33,-3480-54,33,-3480-53,33,-3480-52,33,-3480-51,33,-3320-50,33,-2680-49,33,-2480-48,33,-2440-47,33,-2640-46,33,-2680-45,33,-3480-44,33,-3480-43,33,-3480-42,33,-3480-41,33,-3480-40,33,-3480-39,33,-3480-38,33,-3480-37,33,-3480-36,33,-3480-35,33,-3480-34,33,-3400-33,33,-2760-32,33,-1200-31,33,-600-30,33,-360-29,33,-240-28,33,-160-27,33,-120-26,33,-120-25,33,-120-24,33,40-23,33,120-22,33,120-21,33,120-20,33,120-19,33,200-18,33,200-17,33,160-16,33,160-15,33,160-14,33,120-13,33,160-12,33,120-11,33,120-10,33,280-9,33,160-8,33,200-7,33,40-6,33,-40-5,33,-120-4,33,-120-3,33,-120-2,33,-120-1,33,-1200,33,-1601,33,-1602,33,-1203,33,-1204,33,-1205,33,-1206,33,-1207,33,-1608,33,-1609,33,-24010,33,-20011,33,-24012,33,-36013,33,-40014,33,-52015,33,-64016,33,-68017,33,-76018,33,-88019,33,-104020,33,-100021,33,-72022,33,-32023,33,-16024,33,-16025,33,-12026,33,-12027,33,-8028,33,-8029,33,-8030,33,-12031,33,-12032,33,-12033,33,-12034,33,035,33,8036,33,44037,33,60038,33,100039,33,144040,33,196041,33,204042,33,176043,33,140044,33,100045,33,68046,33,44047,33,32048,33,24049,33,12050,33,16051,33,20052,33,28053,33,32054,33,40055,33,44056,33,64057,33,80058,33,108059,33,124060,33,144061,33,144062,33,136063,33,120064,33,108065,33,92066,33,76067,33,44068,33,16069,33,070,33,-8071,33,-32072,33,-88073,33,-148074,33,-204075,33,-244076,33,-256077,33,-264078,33,-264079,33,-268080,33,-268081,33,-280082,33,-308083,33,-348084,33,-348085,33,-312086,33,-296087,33,-276088,33,-272089,33,-268090,33,-268091,33,-268092,33,-272093,33,-272094,33,-268095,33,-244096,33,-216097,33,-204098,33,-168099,33,-1280100,33,-1120101,33,-1080102,33,-1000103,33,-960104,33,-840105,33,-760106,33,-480107,33,-240108,33,-280109,33,-280110,33,-320111,33,-520112,33,-840113,33,-1320114,33,-2200115,33,-2800116,33,-3160117,33,-3400118,33,-3480119,33,-3480120,33,-3480121,33,-3480122,33,-3480123,33,-3480124,33,-3480125,33,-3480126,33,-3480127,33,-3480128,33,-3480129,33,-3480130,33,-3480131,33,-3480132,33,-3480133,33,-3480134,33,-3480135,33,-3480136,33,-3480137,33,-3480138,33,-3480139,33,-3480140,33,-3480141,33,-3480142,33,-3480143,33,-3480144,33,-3480145,33,-3480146,33,-3480147,33,-3480148,33,-3480149,33,-3480150,33,-3480151,33,-3480152,33,-3480153,33,-3480154,33,-3480155,33,-3480156,33,-3480157,33,-3480158,33,-3480159,33,-3480160,33,-3480161,33,-3480162,33,-3480163,33,-3480164,33,-3480165,33,-3480166,33,-3480167,33,-3480168,33,-3480169,33,-3480170,33,-3480171,33,-3480172,33,-3480173,33,-3480174,33,-3480175,33,-3480176,33,-3480177,33,-3480178,33,-3480179,33,-3480-180,32,-3480-179,32,-3480-178,32,-3480-177,32,-3480-176,32,-3480-175,32,-3480-174,32,-3480-173,32,-3480-172,32,-3480-171,32,-3480-170,32,-3480-169,32,-3480-168,32,-3480-167,32,-3480-166,32,-3480-165,32,-3480-164,32,-3480-163,32,-3480-162,32,-3480-161,32,-3480-160,32,-3480-159,32,-3480-158,32,-3480-157,32,-3480-156,32,-3480-155,32,-3480-154,32,-3480-153,32,-3480-152,32,-3480-151,32,-3480-150,32,-3480-149,32,-3480-148,32,-3480-147,32,-3480-146,32,-3480-145,32,-3480-144,32,-3480-143,32,-3480-142,32,-3480-141,32,-3480-140,32,-3480-139,32,-3480-138,32,-3480-137,32,-3480-136,32,-3480-135,32,-3480-134,32,-3480-133,32,-3480-132,32,-3480-131,32,-3480-130,32,-3480-129,32,-3480-128,32,-3480-127,32,-3480-126,32,-3480-125,32,-3480-124,32,-3480-123,32,-3480-122,32,-3480-121,32,-3480-120,32,-3480-119,32,-3480-118,32,-3480-117,32,-3480-116,32,-3480-115,32,-3480-114,32,-3480-113,32,-3480-112,32,-3480-111,32,-3480-110,32,-3480-109,32,-3480-108,32,-3480-107,32,-3480-106,32,-3480-105,32,-3480-104,32,-3480-103,32,-3480-102,32,-3480-101,32,-3480-100,32,-3480-99,32,-3480-98,32,-3480-97,32,-3480-96,32,-3480-95,32,-3480-94,32,-3480-93,32,-3480-92,32,-3480-91,32,-3480-90,32,-3480-89,32,-3480-88,32,-3480-87,32,-3480-86,32,-3480-85,32,-3480-84,32,-3480-83,32,-3480-82,32,-3480-81,32,-3480-80,32,-3480-79,32,-3480-78,32,-3480-77,32,-3480-76,32,-3480-75,32,-3480-74,32,-3480-73,32,-3480-72,32,-3480-71,32,-3480-70,32,-3480-69,32,-3480-68,32,-3480-67,32,-3480-66,32,-3480-65,32,-3480-64,32,-3480-63,32,-3480-62,32,-3480-61,32,-3480-60,32,-3480-59,32,-3480-58,32,-3480-57,32,-3480-56,32,-3480-55,32,-3480-54,32,-3480-53,32,-3480-52,32,-3480-51,32,-3480-50,32,-2760-49,32,-2560-48,32,-2440-47,32,-2600-46,32,-2640-45,32,-3440-44,32,-3480-43,32,-3480-42,32,-3480-41,32,-3480-40,32,-3480-39,32,-3480-38,32,-3480-37,32,-3480-36,32,-3480-35,32,-3480-34,32,-3360-33,32,-2640-32,32,-1000-31,32,-560-30,32,-360-29,32,-160-28,32,-160-27,32,-120-26,32,-120-25,32,-40-24,32,40-23,32,40-22,32,80-21,32,120-20,32,120-19,32,160-18,32,160-17,32,160-16,32,280-15,32,320-14,32,320-13,32,360-12,32,320-11,32,320-10,32,280-9,32,320-8,32,320-7,32,80-6,32,40-5,32,-40-4,32,-120-3,32,-120-2,32,-120-1,32,-1600,32,-1201,32,-1202,32,-1203,32,-1204,32,-1205,32,-1206,32,-1207,32,-1208,32,-1209,32,-12010,32,-16011,32,-16012,32,-16013,32,-24014,32,-36015,32,-44016,32,-52017,32,-64018,32,-64019,32,-72020,32,-68021,32,-44022,32,-20023,32,-16024,32,-16025,32,-16026,32,-12027,32,-16028,32,-12029,32,-16030,32,-16031,32,-16032,32,-16033,32,-12034,32,-12035,32,-4036,32,8037,32,40038,32,52039,32,92040,32,128041,32,164042,32,192043,32,188044,32,160045,32,120046,32,80047,32,52048,32,40049,32,28050,32,24051,32,20052,32,20053,32,24054,32,28055,32,36056,32,48057,32,68058,32,92059,32,116060,32,128061,32,128062,32,112063,32,88064,32,68065,32,48066,32,44067,32,12068,32,4069,32,070,32,-12071,32,-20072,32,-40073,32,-80074,32,-120075,32,-140076,32,-156077,32,-172078,32,-220079,32,-252080,32,-268081,32,-272082,32,-300083,32,-348084,32,-348085,32,-348086,32,-332087,32,-308088,32,-292089,32,-280090,32,-280091,32,-288092,32,-308093,32,-328094,32,-336095,32,-336096,32,-332097,32,-320098,32,-288099,32,-2400100,32,-2000101,32,-1840102,32,-1800103,32,-1800104,32,-1640105,32,-1440106,32,-1240107,32,-1040108,32,-760109,32,-600110,32,-560111,32,-880112,32,-1600113,32,-2320114,32,-3000115,32,-3000116,32,-3440117,32,-3480118,32,-3480119,32,-3480120,32,-3480121,32,-3480122,32,-3480123,32,-3480124,32,-3480125,32,-3480126,32,-3480127,32,-3480128,32,-3480129,32,-3480130,32,-3480131,32,-3480132,32,-3480133,32,-3480134,32,-3480135,32,-3480136,32,-3480137,32,-3480138,32,-3480139,32,-3480140,32,-3480141,32,-3480142,32,-3480143,32,-3480144,32,-3480145,32,-3480146,32,-3480147,32,-3480148,32,-3480149,32,-3480150,32,-3480151,32,-3480152,32,-3480153,32,-3480154,32,-3480155,32,-3480156,32,-3480157,32,-3480158,32,-3480159,32,-3480160,32,-3480161,32,-3480162,32,-3480163,32,-3480164,32,-3480165,32,-3480166,32,-3480167,32,-3480168,32,-3480169,32,-3480170,32,-3480171,32,-3480172,32,-3480173,32,-3480174,32,-3480175,32,-3480176,32,-3480177,32,-3480178,32,-3480179,32,-3480-180,31,-3480-179,31,-3480-178,31,-3480-177,31,-3480-176,31,-3480-175,31,-3480-174,31,-3480-173,31,-3480-172,31,-3480-171,31,-3480-170,31,-3480-169,31,-3480-168,31,-3480-167,31,-3480-166,31,-3480-165,31,-3480-164,31,-3480-163,31,-3480-162,31,-3480-161,31,-3480-160,31,-3480-159,31,-3480-158,31,-3480-157,31,-3480-156,31,-3480-155,31,-3480-154,31,-3480-153,31,-3480-152,31,-3480-151,31,-3480-150,31,-3480-149,31,-3480-148,31,-3480-147,31,-3480-146,31,-3480-145,31,-3480-144,31,-3480-143,31,-3480-142,31,-3480-141,31,-3480-140,31,-3480-139,31,-3480-138,31,-3480-137,31,-3480-136,31,-3480-135,31,-3480-134,31,-3480-133,31,-3480-132,31,-3480-131,31,-3480-130,31,-3480-129,31,-3480-128,31,-3480-127,31,-3480-126,31,-3480-125,31,-3480-124,31,-3480-123,31,-3480-122,31,-3480-121,31,-3480-120,31,-3480-119,31,-3480-118,31,-3480-117,31,-3480-116,31,-3480-115,31,-3480-114,31,-3480-113,31,-3480-112,31,-3480-111,31,-3480-110,31,-3480-109,31,-3480-108,31,-3480-107,31,-3480-106,31,-3480-105,31,-3480-104,31,-3480-103,31,-3480-102,31,-3480-101,31,-3480-100,31,-3480-99,31,-3480-98,31,-3480-97,31,-3480-96,31,-3480-95,31,-3480-94,31,-3480-93,31,-3480-92,31,-3480-91,31,-3480-90,31,-3480-89,31,-3480-88,31,-3480-87,31,-3480-86,31,-3480-85,31,-3480-84,31,-3480-83,31,-3480-82,31,-3480-81,31,-3480-80,31,-3480-79,31,-3480-78,31,-3480-77,31,-3480-76,31,-3480-75,31,-3480-74,31,-3480-73,31,-3480-72,31,-3480-71,31,-3480-70,31,-3480-69,31,-3480-68,31,-3480-67,31,-3480-66,31,-3480-65,31,-3480-64,31,-3480-63,31,-3480-62,31,-3480-61,31,-3480-60,31,-3480-59,31,-3480-58,31,-3480-57,31,-3480-56,31,-3480-55,31,-3480-54,31,-3480-53,31,-3480-52,31,-3480-51,31,-3480-50,31,-3280-49,31,-2600-48,31,-2520-47,31,-2480-46,31,-2600-45,31,-2760-44,31,-3480-43,31,-3480-42,31,-3480-41,31,-3480-40,31,-3480-39,31,-3480-38,31,-3480-37,31,-3480-36,31,-3480-35,31,-3480-34,31,-3240-33,31,-2240-32,31,-880-31,31,-520-30,31,-320-29,31,-200-28,31,-120-27,31,-120-26,31,-80-25,31,0-24,31,40-23,31,40-22,31,80-21,31,160-20,31,160-19,31,200-18,31,160-17,31,160-16,31,240-15,31,320-14,31,440-13,31,520-12,31,520-11,31,480-10,31,440-9,31,400-8,31,360-7,31,280-6,31,160-5,31,120-4,31,0-3,31,0-2,31,-80-1,31,-1200,31,-1201,31,-1202,31,-803,31,-804,31,-805,31,-806,31,-807,31,-408,31,409,31,010,31,011,31,-4012,31,-16013,31,-12014,31,-20015,31,-24016,31,-32017,31,-40018,31,-44019,31,-52020,31,-40021,31,-28022,31,-16023,31,-16024,31,-16025,31,-16026,31,-16027,31,-16028,31,-16029,31,-16030,31,-16031,31,-16032,31,-16033,31,-12034,31,-12035,31,-8036,31,-4037,31,16038,31,36039,31,60040,31,84041,31,112042,31,144043,31,164044,31,172045,31,156046,31,112047,31,84048,31,60049,31,40050,31,36051,31,32052,31,24053,31,20054,31,24055,31,28056,31,36057,31,48058,31,64059,31,76060,31,92061,31,92062,31,76063,31,56064,31,44065,31,32066,31,36067,31,8068,31,8069,31,070,31,-4071,31,-16072,31,-20073,31,-36074,31,-60075,31,-88076,31,-104077,31,-108078,31,-124079,31,-164080,31,-224081,31,-264082,31,-292083,31,-324084,31,-348085,31,-348086,31,-348087,31,-348088,31,-348089,31,-308090,31,-300091,31,-304092,31,-320093,31,-332094,31,-344095,31,-348096,31,-348097,31,-348098,31,-344099,31,-3360100,31,-3160101,31,-3000102,31,-2960103,31,-2920104,31,-2880105,31,-2840106,31,-2640107,31,-2200108,31,-1840109,31,-1640110,31,-1720111,31,-2080112,31,-2680113,31,-2960114,31,-3000115,31,-3320116,31,-3440117,31,-3480118,31,-3480119,31,-3480120,31,-3480121,31,-3480122,31,-3480123,31,-3480124,31,-3480125,31,-3480126,31,-3480127,31,-3480128,31,-3480129,31,-3480130,31,-3480131,31,-3480132,31,-3480133,31,-3480134,31,-3480135,31,-3480136,31,-3480137,31,-3480138,31,-3480139,31,-3480140,31,-3480141,31,-3480142,31,-3480143,31,-3480144,31,-3480145,31,-3480146,31,-3480147,31,-3480148,31,-3480149,31,-3480150,31,-3480151,31,-3480152,31,-3480153,31,-3480154,31,-3480155,31,-3480156,31,-3480157,31,-3480158,31,-3480159,31,-3480160,31,-3480161,31,-3480162,31,-3480163,31,-3480164,31,-3480165,31,-3480166,31,-3480167,31,-3480168,31,-3480169,31,-3480170,31,-3480171,31,-3480172,31,-3480173,31,-3480174,31,-3480175,31,-3480176,31,-3480177,31,-3480178,31,-3480179,31,-3480-180,30,-3480-179,30,-3480-178,30,-3480-177,30,-3480-176,30,-3480-175,30,-3480-174,30,-3480-173,30,-3480-172,30,-3480-171,30,-3480-170,30,-3480-169,30,-3480-168,30,-3480-167,30,-3480-166,30,-3480-165,30,-3480-164,30,-3480-163,30,-3480-162,30,-3480-161,30,-3480-160,30,-3480-159,30,-3480-158,30,-3480-157,30,-3480-156,30,-3480-155,30,-3480-154,30,-3480-153,30,-3480-152,30,-3480-151,30,-3480-150,30,-3480-149,30,-3480-148,30,-3480-147,30,-3480-146,30,-3480-145,30,-3480-144,30,-3480-143,30,-3480-142,30,-3480-141,30,-3480-140,30,-3480-139,30,-3480-138,30,-3480-137,30,-3480-136,30,-3480-135,30,-3480-134,30,-3480-133,30,-3480-132,30,-3480-131,30,-3480-130,30,-3480-129,30,-3480-128,30,-3480-127,30,-3480-126,30,-3480-125,30,-3480-124,30,-3480-123,30,-3480-122,30,-3480-121,30,-3480-120,30,-3480-119,30,-3480-118,30,-3480-117,30,-3480-116,30,-3480-115,30,-3480-114,30,-3480-113,30,-3480-112,30,-3480-111,30,-3480-110,30,-3480-109,30,-3480-108,30,-3480-107,30,-3480-106,30,-3480-105,30,-3480-104,30,-3480-103,30,-3480-102,30,-3480-101,30,-3480-100,30,-3480-99,30,-3480-98,30,-3480-97,30,-3480-96,30,-3480-95,30,-3480-94,30,-3480-93,30,-3480-92,30,-3480-91,30,-3480-90,30,-3480-89,30,-3480-88,30,-3480-87,30,-3480-86,30,-3480-85,30,-3480-84,30,-3480-83,30,-3480-82,30,-3480-81,30,-3480-80,30,-3480-79,30,-3480-78,30,-3480-77,30,-3480-76,30,-3480-75,30,-3480-74,30,-3480-73,30,-3480-72,30,-3480-71,30,-3480-70,30,-3480-69,30,-3480-68,30,-3480-67,30,-3480-66,30,-3480-65,30,-3480-64,30,-3480-63,30,-3480-62,30,-3480-61,30,-3480-60,30,-3480-59,30,-3480-58,30,-3480-57,30,-3480-56,30,-3480-55,30,-3480-54,30,-3480-53,30,-3480-52,30,-3480-51,30,-3480-50,30,-3480-49,30,-2720-48,30,-2600-47,30,-2440-46,30,-2520-45,30,-2680-44,30,-3400-43,30,-3480-42,30,-3480-41,30,-3480-40,30,-3480-39,30,-3480-38,30,-3480-37,30,-3480-36,30,-3480-35,30,-3480-34,30,-3040-33,30,-1520-32,30,-760-31,30,-440-30,30,-280-29,30,-160-28,30,-120-27,30,-120-26,30,0-25,30,40-24,30,0-23,30,80-22,30,80-21,30,200-20,30,160-19,30,200-18,30,200-17,30,160-16,30,240-15,30,440-14,30,680-13,30,560-12,30,560-11,30,600-10,30,600-9,30,520-8,30,480-7,30,400-6,30,320-5,30,280-4,30,160-3,30,40-2,30,0-1,30,-800,30,-1201,30,-802,30,-803,30,-404,30,05,30,06,30,407,30,1208,30,1209,30,16010,30,16011,30,12012,30,4013,30,-8014,30,-8015,30,-12016,30,-28017,30,-28018,30,-32019,30,-32020,30,-20021,30,-20022,30,-16023,30,-16024,30,-16025,30,-12026,30,-16027,30,-16028,30,-16029,30,-16030,30,-16031,30,-16032,30,-16033,30,-12034,30,-12035,30,-12036,30,-8037,30,-4038,30,8039,30,44040,30,60041,30,76042,30,88043,30,104044,30,140045,30,152046,30,140047,30,128048,30,100049,30,68050,30,48051,30,36052,30,32053,30,24054,30,16055,30,20056,30,24057,30,32058,30,36059,30,48060,30,52061,30,56062,30,56063,30,60064,30,52065,30,56066,30,64067,30,32068,30,28069,30,12070,30,071,30,-12072,30,-12073,30,-20074,30,-24075,30,-36076,30,-44077,30,-48078,30,-72079,30,-92080,30,-120081,30,-180082,30,-228083,30,-276084,30,-340085,30,-348086,30,-348087,30,-348088,30,-348089,30,-348090,30,-348091,30,-336092,30,-344093,30,-344094,30,-348095,30,-348096,30,-348097,30,-348098,30,-348099,30,-3480100,30,-3480101,30,-3480102,30,-3480103,30,-3480104,30,-3440105,30,-3400106,30,-3360107,30,-3280108,30,-3040109,30,-3040110,30,-3160111,30,-3360112,30,-3240113,30,-3000114,30,-3120115,30,-3320116,30,-3480117,30,-3480118,30,-3480119,30,-3480120,30,-3480121,30,-3480122,30,-3480123,30,-3480124,30,-3480125,30,-3480126,30,-3480127,30,-3480128,30,-3480129,30,-3480130,30,-3480131,30,-3480132,30,-3480133,30,-3480134,30,-3480135,30,-3480136,30,-3480137,30,-3480138,30,-3480139,30,-3480140,30,-3480141,30,-3480142,30,-3480143,30,-3480144,30,-3480145,30,-3480146,30,-3480147,30,-3480148,30,-3480149,30,-3480150,30,-3480151,30,-3480152,30,-3480153,30,-3480154,30,-3480155,30,-3480156,30,-3480157,30,-3480158,30,-3480159,30,-3480160,30,-3480161,30,-3480162,30,-3480163,30,-3480164,30,-3480165,30,-3480166,30,-3480167,30,-3480168,30,-3480169,30,-3480170,30,-3480171,30,-3480172,30,-3480173,30,-3480174,30,-3480175,30,-3480176,30,-3480177,30,-3480178,30,-3480179,30,-3480-180,29,-3480-179,29,-3480-178,29,-3480-177,29,-3480-176,29,-3480-175,29,-3480-174,29,-3480-173,29,-3480-172,29,-3480-171,29,-3480-170,29,-3480-169,29,-3480-168,29,-3480-167,29,-3480-166,29,-3480-165,29,-3480-164,29,-3480-163,29,-3480-162,29,-3480-161,29,-3480-160,29,-3480-159,29,-3480-158,29,-3480-157,29,-3480-156,29,-3480-155,29,-3480-154,29,-3480-153,29,-3480-152,29,-3480-151,29,-3480-150,29,-3480-149,29,-3480-148,29,-3480-147,29,-3480-146,29,-3480-145,29,-3480-144,29,-3480-143,29,-3480-142,29,-3480-141,29,-3480-140,29,-3480-139,29,-3480-138,29,-3480-137,29,-3480-136,29,-3480-135,29,-3480-134,29,-3480-133,29,-3480-132,29,-3480-131,29,-3480-130,29,-3480-129,29,-3480-128,29,-3480-127,29,-3480-126,29,-3480-125,29,-3480-124,29,-3480-123,29,-3480-122,29,-3480-121,29,-3480-120,29,-3480-119,29,-3480-118,29,-3480-117,29,-3480-116,29,-3480-115,29,-3480-114,29,-3480-113,29,-3480-112,29,-3480-111,29,-3480-110,29,-3480-109,29,-3480-108,29,-3480-107,29,-3480-106,29,-3480-105,29,-3480-104,29,-3480-103,29,-3480-102,29,-3480-101,29,-3480-100,29,-3480-99,29,-3480-98,29,-3480-97,29,-3480-96,29,-3480-95,29,-3480-94,29,-3480-93,29,-3480-92,29,-3480-91,29,-3480-90,29,-3480-89,29,-3480-88,29,-3480-87,29,-3480-86,29,-3480-85,29,-3480-84,29,-3480-83,29,-3480-82,29,-3480-81,29,-3480-80,29,-3480-79,29,-3480-78,29,-3480-77,29,-3480-76,29,-3480-75,29,-3480-74,29,-3480-73,29,-3480-72,29,-3480-71,29,-3480-70,29,-3480-69,29,-3480-68,29,-3480-67,29,-3480-66,29,-3480-65,29,-3480-64,29,-3480-63,29,-3480-62,29,-3480-61,29,-3480-60,29,-3480-59,29,-3480-58,29,-3480-57,29,-3480-56,29,-3480-55,29,-3480-54,29,-3480-53,29,-3480-52,29,-3480-51,29,-3480-50,29,-3480-49,29,-3120-48,29,-2640-47,29,-2360-46,29,-2440-45,29,-2640-44,29,-2720-43,29,-3480-42,29,-3480-41,29,-3480-40,29,-3480-39,29,-3480-38,29,-3480-37,29,-3480-36,29,-3480-35,29,-3400-34,29,-2480-33,29,-1120-32,29,-680-31,29,-400-30,29,-240-29,29,-160-28,29,-120-27,29,-80-26,29,0-25,29,40-24,29,80-23,29,160-22,29,200-21,29,200-20,29,280-19,29,200-18,29,240-17,29,200-16,29,320-15,29,480-14,29,800-13,29,760-12,29,680-11,29,760-10,29,840-9,29,920-8,29,800-7,29,560-6,29,400-5,29,320-4,29,200-3,29,160-2,29,120-1,29,800,29,01,29,02,29,403,29,1604,29,1605,29,1606,29,1607,29,2008,29,2009,29,24010,29,24011,29,20012,29,16013,29,8014,29,-8015,29,-12016,29,-20017,29,-20018,29,-16019,29,-16020,29,-12021,29,-12022,29,-12023,29,-12024,29,-12025,29,-12026,29,-16027,29,-12028,29,-12029,29,-16030,29,-16031,29,-16032,29,-16033,29,-12034,29,-12035,29,-12036,29,-12037,29,-8038,29,-4039,29,4040,29,20041,29,32042,29,48043,29,64044,29,88045,29,104046,29,136047,29,164048,29,164049,29,120050,29,76051,29,52052,29,44053,29,32054,29,28055,29,28056,29,32057,29,32058,29,36059,29,40060,29,44061,29,52062,29,68063,29,84064,29,84065,29,76066,29,76067,29,44068,29,32069,29,8070,29,-12071,29,-12072,29,-12073,29,-16074,29,-20075,29,-24076,29,-28077,29,-20078,29,-8079,29,-8080,29,-16081,29,-44082,29,-76083,29,-128084,29,-216085,29,-304086,29,-332087,29,-348088,29,-348089,29,-348090,29,-348091,29,-348092,29,-348093,29,-348094,29,-348095,29,-348096,29,-348097,29,-348098,29,-348099,29,-3480100,29,-3480101,29,-3480102,29,-3480103,29,-3480104,29,-3480105,29,-3480106,29,-3480107,29,-3480108,29,-3480109,29,-3480110,29,-3480111,29,-3480112,29,-3440113,29,-3120114,29,-3160115,29,-3440116,29,-3480117,29,-3480118,29,-3480119,29,-3480120,29,-3480121,29,-3480122,29,-3480123,29,-3480124,29,-3480125,29,-3480126,29,-3480127,29,-3480128,29,-3480129,29,-3480130,29,-3480131,29,-3480132,29,-3480133,29,-3480134,29,-3480135,29,-3480136,29,-3480137,29,-3480138,29,-3480139,29,-3480140,29,-3480141,29,-3480142,29,-3480143,29,-3480144,29,-3480145,29,-3480146,29,-3480147,29,-3480148,29,-3480149,29,-3480150,29,-3480151,29,-3480152,29,-3480153,29,-3480154,29,-3480155,29,-3480156,29,-3480157,29,-3480158,29,-3480159,29,-3480160,29,-3480161,29,-3480162,29,-3480163,29,-3480164,29,-3480165,29,-3480166,29,-3480167,29,-3480168,29,-3480169,29,-3480170,29,-3480171,29,-3480172,29,-3480173,29,-3480174,29,-3480175,29,-3480176,29,-3480177,29,-3480178,29,-3480179,29,-3480-180,28,-3480-179,28,-3480-178,28,-3480-177,28,-3480-176,28,-3480-175,28,-3480-174,28,-3480-173,28,-3480-172,28,-3480-171,28,-3480-170,28,-3480-169,28,-3480-168,28,-3480-167,28,-3480-166,28,-3480-165,28,-3480-164,28,-3480-163,28,-3480-162,28,-3480-161,28,-3480-160,28,-3480-159,28,-3480-158,28,-3480-157,28,-3480-156,28,-3480-155,28,-3480-154,28,-3480-153,28,-3480-152,28,-3480-151,28,-3480-150,28,-3480-149,28,-3480-148,28,-3480-147,28,-3480-146,28,-3480-145,28,-3480-144,28,-3480-143,28,-3480-142,28,-3480-141,28,-3480-140,28,-3480-139,28,-3480-138,28,-3480-137,28,-3480-136,28,-3480-135,28,-3480-134,28,-3480-133,28,-3480-132,28,-3480-131,28,-3480-130,28,-3480-129,28,-3480-128,28,-3480-127,28,-3480-126,28,-3480-125,28,-3480-124,28,-3480-123,28,-3480-122,28,-3480-121,28,-3480-120,28,-3480-119,28,-3480-118,28,-3480-117,28,-3480-116,28,-3480-115,28,-3480-114,28,-3480-113,28,-3480-112,28,-3480-111,28,-3480-110,28,-3480-109,28,-3480-108,28,-3480-107,28,-3480-106,28,-3480-105,28,-3480-104,28,-3480-103,28,-3480-102,28,-3480-101,28,-3480-100,28,-3480-99,28,-3480-98,28,-3480-97,28,-3480-96,28,-3480-95,28,-3480-94,28,-3480-93,28,-3480-92,28,-3480-91,28,-3480-90,28,-3480-89,28,-3480-88,28,-3480-87,28,-3480-86,28,-3480-85,28,-3480-84,28,-3480-83,28,-3480-82,28,-3480-81,28,-3480-80,28,-3480-79,28,-3480-78,28,-3480-77,28,-3480-76,28,-3480-75,28,-3480-74,28,-3480-73,28,-3480-72,28,-3480-71,28,-3480-70,28,-3480-69,28,-3480-68,28,-3480-67,28,-3480-66,28,-3480-65,28,-3480-64,28,-3480-63,28,-3480-62,28,-3480-61,28,-3480-60,28,-3480-59,28,-3480-58,28,-3480-57,28,-3480-56,28,-3480-55,28,-3480-54,28,-3480-53,28,-3480-52,28,-3480-51,28,-3480-50,28,-3480-49,28,-3480-48,28,-2680-47,28,-2480-46,28,-2440-45,28,-2600-44,28,-2640-43,28,-3360-42,28,-3480-41,28,-3480-40,28,-3480-39,28,-3480-38,28,-3480-37,28,-3480-36,28,-3400-35,28,-3040-34,28,-1440-33,28,-880-32,28,-560-31,28,-320-30,28,-240-29,28,-120-28,28,-120-27,28,0-26,28,40-25,28,80-24,28,120-23,28,200-22,28,280-21,28,240-20,28,240-19,28,280-18,28,240-17,28,240-16,28,320-15,28,440-14,28,560-13,28,720-12,28,800-11,28,1040-10,28,1080-9,28,920-8,28,760-7,28,600-6,28,400-5,28,320-4,28,320-3,28,160-2,28,120-1,28,1600,28,801,28,402,28,1603,28,1604,28,2005,28,2006,28,2007,28,2408,28,2409,28,24010,28,28011,28,40012,28,32013,28,16014,28,4015,28,-12016,28,-16017,28,-16018,28,-8019,28,020,28,4021,28,4022,28,4023,28,4024,28,4025,28,-8026,28,-8027,28,-12028,28,-12029,28,-16030,28,-16031,28,-16032,28,-16033,28,-16034,28,-16035,28,-12036,28,-12037,28,-12038,28,-8039,28,040,28,4041,28,12042,28,24043,28,52044,28,88045,28,100046,28,104047,28,140048,28,176049,28,172050,28,140051,28,80052,28,56053,28,44054,28,36055,28,36056,28,36057,28,40058,28,48059,28,48060,28,60061,28,68062,28,88063,28,100064,28,100065,28,84066,28,56067,28,44068,28,24069,28,070,28,-12071,28,-12072,28,-16073,28,-12074,28,-12075,28,-8076,28,-4077,28,078,28,32079,28,52080,28,68081,28,64082,28,28083,28,-12084,28,-56085,28,-132086,28,-200087,28,-280088,28,-332089,28,-348090,28,-348091,28,-348092,28,-348093,28,-348094,28,-348095,28,-348096,28,-348097,28,-348098,28,-348099,28,-3480100,28,-3480101,28,-3480102,28,-3480103,28,-3480104,28,-3480105,28,-3480106,28,-3480107,28,-3480108,28,-3480109,28,-3480110,28,-3480111,28,-3480112,28,-3480113,28,-3360114,28,-3360115,28,-3480116,28,-3480117,28,-3480118,28,-3480119,28,-3480120,28,-3480121,28,-3480122,28,-3480123,28,-3480124,28,-3480125,28,-3480126,28,-3480127,28,-3480128,28,-3480129,28,-3480130,28,-3480131,28,-3480132,28,-3480133,28,-3480134,28,-3480135,28,-3480136,28,-3480137,28,-3480138,28,-3480139,28,-3480140,28,-3480141,28,-3480142,28,-3480143,28,-3480144,28,-3480145,28,-3480146,28,-3480147,28,-3480148,28,-3480149,28,-3480150,28,-3480151,28,-3480152,28,-3480153,28,-3480154,28,-3480155,28,-3480156,28,-3480157,28,-3480158,28,-3480159,28,-3480160,28,-3480161,28,-3480162,28,-3480163,28,-3480164,28,-3480165,28,-3480166,28,-3480167,28,-3480168,28,-3480169,28,-3480170,28,-3480171,28,-3480172,28,-3480173,28,-3480174,28,-3480175,28,-3480176,28,-3480177,28,-3480178,28,-3480179,28,-3480-180,27,-3320-179,27,-3480-178,27,-3480-177,27,-3480-176,27,-3480-175,27,-3480-174,27,-3480-173,27,-3480-172,27,-3480-171,27,-3480-170,27,-3480-169,27,-3480-168,27,-3480-167,27,-3480-166,27,-3480-165,27,-3480-164,27,-3480-163,27,-3480-162,27,-3480-161,27,-3480-160,27,-3480-159,27,-3480-158,27,-3480-157,27,-3480-156,27,-3480-155,27,-3480-154,27,-3480-153,27,-3480-152,27,-3480-151,27,-3480-150,27,-3480-149,27,-3480-148,27,-3480-147,27,-3480-146,27,-3480-145,27,-3480-144,27,-3480-143,27,-3480-142,27,-3480-141,27,-3480-140,27,-3480-139,27,-3480-138,27,-3480-137,27,-3480-136,27,-3480-135,27,-3480-134,27,-3480-133,27,-3480-132,27,-3480-131,27,-3480-130,27,-3480-129,27,-3480-128,27,-3480-127,27,-3480-126,27,-3480-125,27,-3480-124,27,-3480-123,27,-3480-122,27,-3480-121,27,-3480-120,27,-3480-119,27,-3480-118,27,-3480-117,27,-3480-116,27,-3480-115,27,-3480-114,27,-3480-113,27,-3480-112,27,-3480-111,27,-3480-110,27,-3480-109,27,-3480-108,27,-3480-107,27,-3480-106,27,-3480-105,27,-3480-104,27,-3480-103,27,-3480-102,27,-3480-101,27,-3480-100,27,-3480-99,27,-3480-98,27,-3480-97,27,-3480-96,27,-3480-95,27,-3480-94,27,-3480-93,27,-3480-92,27,-3480-91,27,-3480-90,27,-3480-89,27,-3480-88,27,-3480-87,27,-3480-86,27,-3480-85,27,-3480-84,27,-3480-83,27,-3480-82,27,-3480-81,27,-3480-80,27,-3480-79,27,-3480-78,27,-3480-77,27,-3480-76,27,-3480-75,27,-3480-74,27,-3480-73,27,-3480-72,27,-3480-71,27,-3480-70,27,-3480-69,27,-3480-68,27,-3480-67,27,-3480-66,27,-3480-65,27,-3480-64,27,-3480-63,27,-3480-62,27,-3480-61,27,-3480-60,27,-3480-59,27,-3480-58,27,-3480-57,27,-3480-56,27,-3480-55,27,-3480-54,27,-3480-53,27,-3480-52,27,-3480-51,27,-3480-50,27,-3480-49,27,-3480-48,27,-3120-47,27,-2600-46,27,-2440-45,27,-2400-44,27,-2600-43,27,-2800-42,27,-3480-41,27,-3480-40,27,-3480-39,27,-3480-38,27,-3480-37,27,-3440-36,27,-3200-35,27,-2280-34,27,-1040-33,27,-680-32,27,-440-31,27,-280-30,27,-160-29,27,-120-28,27,-80-27,27,0-26,27,40-25,27,80-24,27,200-23,27,280-22,27,240-21,27,240-20,27,240-19,27,240-18,27,280-17,27,240-16,27,360-15,27,400-14,27,480-13,27,600-12,27,800-11,27,920-10,27,960-9,27,840-8,27,680-7,27,440-6,27,320-5,27,360-4,27,360-3,27,200-2,27,160-1,27,1600,27,1601,27,1202,27,1603,27,1604,27,1605,27,1606,27,2007,27,2408,27,2409,27,24010,27,48011,27,80012,27,72013,27,32014,27,8015,27,-12016,27,-12017,27,-4018,27,8019,27,20020,27,32021,27,20022,27,20023,27,16024,27,16025,27,12026,27,4027,27,-12028,27,-12029,27,-12030,27,-16031,27,-16032,27,-16033,27,-16034,27,-16035,27,-16036,27,-12037,27,-12038,27,-12039,27,-8040,27,041,27,8042,27,12043,27,24044,27,56045,27,116046,27,96047,27,108048,27,140049,27,176050,27,176051,27,144052,27,96053,27,64054,27,56055,27,52056,27,44057,27,48058,27,52059,27,60060,27,72061,27,76062,27,92063,27,108064,27,92065,27,64066,27,52067,27,28068,27,8069,27,-8070,27,-12071,27,-12072,27,-4073,27,074,27,075,27,-8076,27,-4077,27,078,27,20079,27,52080,27,100081,27,124082,27,112083,27,88084,27,52085,27,086,27,-52087,27,-108088,27,-184089,27,-244090,27,-276091,27,-284092,27,-288093,27,-296094,27,-320095,27,-348096,27,-348097,27,-348098,27,-348099,27,-3480100,27,-3480101,27,-3480102,27,-3480103,27,-3480104,27,-3480105,27,-3480106,27,-3480107,27,-3480108,27,-3480109,27,-3480110,27,-3480111,27,-3480112,27,-3480113,27,-3480114,27,-3480115,27,-3480116,27,-3480117,27,-3480118,27,-3480119,27,-3480120,27,-3480121,27,-3480122,27,-3480123,27,-3480124,27,-3480125,27,-3480126,27,-3480127,27,-3480128,27,-3480129,27,-3480130,27,-3480131,27,-3480132,27,-3480133,27,-3480134,27,-3480135,27,-3480136,27,-3480137,27,-3480138,27,-3480139,27,-3480140,27,-3480141,27,-3480142,27,-3480143,27,-3480144,27,-3480145,27,-3480146,27,-3480147,27,-3480148,27,-3480149,27,-3480150,27,-3480151,27,-3480152,27,-3480153,27,-3480154,27,-3480155,27,-3480156,27,-3480157,27,-3480158,27,-3480159,27,-3480160,27,-3480161,27,-3480162,27,-3480163,27,-3480164,27,-3480165,27,-3480166,27,-3480167,27,-3480168,27,-3480169,27,-3480170,27,-3480171,27,-3480172,27,-3480173,27,-3480174,27,-3480175,27,-3480176,27,-3480177,27,-3480178,27,-3480179,27,-3480-180,26,-2960-179,26,-3440-178,26,-3480-177,26,-3480-176,26,-3480-175,26,-3480-174,26,-3480-173,26,-3480-172,26,-3480-171,26,-3480-170,26,-3480-169,26,-3480-168,26,-3480-167,26,-3480-166,26,-3480-165,26,-3480-164,26,-3480-163,26,-3480-162,26,-3480-161,26,-3480-160,26,-3480-159,26,-3480-158,26,-3480-157,26,-3480-156,26,-3480-155,26,-3480-154,26,-3480-153,26,-3480-152,26,-3480-151,26,-3480-150,26,-3480-149,26,-3480-148,26,-3480-147,26,-3480-146,26,-3480-145,26,-3480-144,26,-3480-143,26,-3480-142,26,-3480-141,26,-3480-140,26,-3480-139,26,-3480-138,26,-3480-137,26,-3480-136,26,-3480-135,26,-3480-134,26,-3480-133,26,-3480-132,26,-3480-131,26,-3480-130,26,-3480-129,26,-3480-128,26,-3480-127,26,-3480-126,26,-3480-125,26,-3480-124,26,-3480-123,26,-3480-122,26,-3480-121,26,-3480-120,26,-3480-119,26,-3480-118,26,-3480-117,26,-3480-116,26,-3480-115,26,-3480-114,26,-3480-113,26,-3480-112,26,-3480-111,26,-3480-110,26,-3480-109,26,-3480-108,26,-3480-107,26,-3480-106,26,-3480-105,26,-3480-104,26,-3480-103,26,-3480-102,26,-3480-101,26,-3480-100,26,-3480-99,26,-3480-98,26,-3480-97,26,-3480-96,26,-3480-95,26,-3480-94,26,-3480-93,26,-3480-92,26,-3480-91,26,-3480-90,26,-3480-89,26,-3480-88,26,-3480-87,26,-3480-86,26,-3480-85,26,-3480-84,26,-3480-83,26,-3480-82,26,-3480-81,26,-3480-80,26,-3480-79,26,-3480-78,26,-3480-77,26,-3480-76,26,-3480-75,26,-3480-74,26,-3480-73,26,-3480-72,26,-3480-71,26,-3480-70,26,-3480-69,26,-3480-68,26,-3480-67,26,-3480-66,26,-3480-65,26,-3480-64,26,-3480-63,26,-3480-62,26,-3480-61,26,-3480-60,26,-3480-59,26,-3480-58,26,-3480-57,26,-3480-56,26,-3480-55,26,-3480-54,26,-3480-53,26,-3480-52,26,-3480-51,26,-3480-50,26,-3480-49,26,-3480-48,26,-3480-47,26,-2840-46,26,-2560-45,26,-2480-44,26,-2480-43,26,-2640-42,26,-3480-41,26,-3480-40,26,-3480-39,26,-3480-38,26,-3480-37,26,-3280-36,26,-2600-35,26,-1320-34,26,-840-33,26,-560-32,26,-360-31,26,-240-30,26,-120-29,26,-80-28,26,-80-27,26,0-26,26,40-25,26,120-24,26,240-23,26,280-22,26,240-21,26,240-20,26,240-19,26,240-18,26,240-17,26,280-16,26,320-15,26,360-14,26,400-13,26,440-12,26,600-11,26,800-10,26,760-9,26,640-8,26,560-7,26,440-6,26,400-5,26,360-4,26,280-3,26,280-2,26,160-1,26,1200,26,1201,26,1202,26,1603,26,1604,26,1605,26,1606,26,1607,26,2008,26,2409,26,24010,26,52011,26,124012,26,132013,26,56014,26,24015,26,016,26,-4017,26,4018,26,28019,26,60020,26,68021,26,52022,26,28023,26,24024,26,20025,26,16026,26,12027,26,-4028,26,-8029,26,-12030,26,-12031,26,-16032,26,-16033,26,-16034,26,-16035,26,-16036,26,-16037,26,-12038,26,-12039,26,-12040,26,-8041,26,042,26,8043,26,12044,26,28045,26,52046,26,56047,26,68048,26,96049,26,144050,26,176051,26,188052,26,156053,26,120054,26,104055,26,80056,26,72057,26,64058,26,64059,26,68060,26,72061,26,76062,26,80063,26,84064,26,84065,26,52066,26,32067,26,4068,26,-12069,26,-12070,26,-16071,26,-8072,26,4073,26,4074,26,4075,26,-24076,26,-8077,26,078,26,8079,26,28080,26,76081,26,108082,26,116083,26,100084,26,104085,26,116086,26,56087,26,088,26,-44089,26,-92090,26,-156091,26,-216092,26,-252093,26,-260094,26,-264095,26,-264096,26,-272097,26,-348098,26,-348099,26,-3480100,26,-3480101,26,-3480102,26,-3480103,26,-3480104,26,-3480105,26,-3480106,26,-3480107,26,-3480108,26,-3480109,26,-3480110,26,-3480111,26,-3480112,26,-3480113,26,-3480114,26,-3480115,26,-3480116,26,-3480117,26,-3480118,26,-3480119,26,-3480120,26,-3480121,26,-3480122,26,-3480123,26,-3480124,26,-3480125,26,-3480126,26,-3480127,26,-3480128,26,-3480129,26,-3480130,26,-3480131,26,-3480132,26,-3480133,26,-3480134,26,-3480135,26,-3480136,26,-3480137,26,-3480138,26,-3480139,26,-3480140,26,-3480141,26,-3480142,26,-3480143,26,-3480144,26,-3480145,26,-3480146,26,-3480147,26,-3480148,26,-3480149,26,-3480150,26,-3480151,26,-3480152,26,-3480153,26,-3480154,26,-3480155,26,-3480156,26,-3480157,26,-3480158,26,-3480159,26,-3480160,26,-3480161,26,-3480162,26,-3480163,26,-3480164,26,-3480165,26,-3480166,26,-3480167,26,-3480168,26,-3480169,26,-3480170,26,-3480171,26,-3480172,26,-3480173,26,-3480174,26,-3480175,26,-3480176,26,-3480177,26,-3480178,26,-3480179,26,-3480-180,25,-3280-179,25,-3400-178,25,-3480-177,25,-3480-176,25,-3480-175,25,-3480-174,25,-3480-173,25,-3480-172,25,-3480-171,25,-3480-170,25,-3480-169,25,-3480-168,25,-3480-167,25,-3480-166,25,-3480-165,25,-3480-164,25,-3480-163,25,-3480-162,25,-3480-161,25,-3480-160,25,-3480-159,25,-3480-158,25,-3480-157,25,-3480-156,25,-3480-155,25,-3480-154,25,-3480-153,25,-3480-152,25,-3480-151,25,-3480-150,25,-3480-149,25,-3480-148,25,-3480-147,25,-3480-146,25,-3480-145,25,-3480-144,25,-3480-143,25,-3480-142,25,-3480-141,25,-3480-140,25,-3480-139,25,-3480-138,25,-3480-137,25,-3480-136,25,-3480-135,25,-3480-134,25,-3480-133,25,-3480-132,25,-3480-131,25,-3480-130,25,-3480-129,25,-3480-128,25,-3480-127,25,-3480-126,25,-3480-125,25,-3480-124,25,-3480-123,25,-3480-122,25,-3480-121,25,-3480-120,25,-3480-119,25,-3480-118,25,-3480-117,25,-3480-116,25,-3480-115,25,-3480-114,25,-3480-113,25,-3480-112,25,-3480-111,25,-3480-110,25,-3480-109,25,-3480-108,25,-3480-107,25,-3480-106,25,-3480-105,25,-3480-104,25,-3480-103,25,-3480-102,25,-3480-101,25,-3480-100,25,-3480-99,25,-3480-98,25,-3480-97,25,-3480-96,25,-3480-95,25,-3480-94,25,-3480-93,25,-3480-92,25,-3480-91,25,-3480-90,25,-3480-89,25,-3480-88,25,-3480-87,25,-3480-86,25,-3480-85,25,-3480-84,25,-3480-83,25,-3480-82,25,-3480-81,25,-3480-80,25,-3480-79,25,-3480-78,25,-3480-77,25,-3480-76,25,-3480-75,25,-3480-74,25,-3480-73,25,-3480-72,25,-3480-71,25,-3480-70,25,-3480-69,25,-3480-68,25,-3480-67,25,-3480-66,25,-3480-65,25,-3480-64,25,-3480-63,25,-3480-62,25,-3480-61,25,-3480-60,25,-3480-59,25,-3480-58,25,-3480-57,25,-3480-56,25,-3480-55,25,-3480-54,25,-3480-53,25,-3480-52,25,-3480-51,25,-3480-50,25,-3480-49,25,-3480-48,25,-3480-47,25,-3360-46,25,-2680-45,25,-2600-44,25,-2440-43,25,-2560-42,25,-3440-41,25,-3480-40,25,-3480-39,25,-3480-38,25,-3320-37,25,-2640-36,25,-1520-35,25,-920-34,25,-640-33,25,-400-32,25,-280-31,25,-160-30,25,-120-29,25,-80-28,25,-40-27,25,0-26,25,80-25,25,160-24,25,280-23,25,280-22,25,280-21,25,280-20,25,240-19,25,280-18,25,280-17,25,320-16,25,280-15,25,320-14,25,320-13,25,400-12,25,440-11,25,520-10,25,680-9,25,600-8,25,560-7,25,680-6,25,520-5,25,480-4,25,280-3,25,160-2,25,80-1,25,400,25,801,25,402,25,803,25,1204,25,1205,25,1206,25,1607,25,1608,25,2809,25,36010,25,68011,25,132012,25,192013,25,116014,25,56015,25,12016,25,017,25,24018,25,76019,25,116020,25,140021,25,96022,25,44023,25,28024,25,24025,25,16026,25,8027,25,028,25,-8029,25,-8030,25,-12031,25,-16032,25,-16033,25,-16034,25,-16035,25,-16036,25,-16037,25,-16038,25,-16039,25,-12040,25,-12041,25,-8042,25,043,25,4044,25,8045,25,16046,25,28047,25,40048,25,68049,25,100050,25,140051,25,176052,25,172053,25,172054,25,156055,25,160056,25,116057,25,88058,25,84059,25,76060,25,80061,25,80062,25,76063,25,96064,25,96065,25,48066,25,12067,25,-32068,25,-48069,25,-32070,25,-16071,25,-4072,25,8073,25,12074,25,4075,25,-60076,25,-36077,25,078,25,4079,25,8080,25,28081,25,68082,25,104083,25,96084,25,84085,25,108086,25,96087,25,44088,25,4089,25,-20090,25,-40091,25,-84092,25,-148093,25,-208094,25,-248095,25,-256096,25,-260097,25,-272098,25,-348099,25,-3480100,25,-3480101,25,-3480102,25,-3480103,25,-3480104,25,-3480105,25,-3480106,25,-3480107,25,-3480108,25,-3480109,25,-3480110,25,-3480111,25,-3480112,25,-3480113,25,-3480114,25,-3480115,25,-3480116,25,-3480117,25,-3480118,25,-3480119,25,-3480120,25,-3480121,25,-3480122,25,-3480123,25,-3480124,25,-3480125,25,-3480126,25,-3480127,25,-3480128,25,-3480129,25,-3480130,25,-3480131,25,-3480132,25,-3480133,25,-3480134,25,-3480135,25,-3480136,25,-3480137,25,-3480138,25,-3480139,25,-3480140,25,-3480141,25,-3480142,25,-3480143,25,-3480144,25,-3480145,25,-3480146,25,-3480147,25,-3480148,25,-3480149,25,-3480150,25,-3480151,25,-3480152,25,-3480153,25,-3480154,25,-3480155,25,-3480156,25,-3480157,25,-3480158,25,-3480159,25,-3480160,25,-3480161,25,-3480162,25,-3480163,25,-3480164,25,-3480165,25,-3480166,25,-3480167,25,-3480168,25,-3480169,25,-3480170,25,-3480171,25,-3480172,25,-3480173,25,-3480174,25,-3480175,25,-3480176,25,-3480177,25,-3480178,25,-3480179,25,-3480-180,24,-3480-179,24,-3480-178,24,-3480-177,24,-3480-176,24,-3480-175,24,-3480-174,24,-3480-173,24,-3480-172,24,-3480-171,24,-3480-170,24,-3480-169,24,-3480-168,24,-3480-167,24,-3480-166,24,-3480-165,24,-3480-164,24,-3480-163,24,-3480-162,24,-3480-161,24,-3480-160,24,-3480-159,24,-3480-158,24,-3480-157,24,-3480-156,24,-3480-155,24,-3480-154,24,-3480-153,24,-3480-152,24,-3480-151,24,-3480-150,24,-3480-149,24,-3480-148,24,-3480-147,24,-3480-146,24,-3480-145,24,-3480-144,24,-3480-143,24,-3480-142,24,-3480-141,24,-3480-140,24,-3480-139,24,-3480-138,24,-3480-137,24,-3480-136,24,-3480-135,24,-3480-134,24,-3480-133,24,-3480-132,24,-3480-131,24,-3480-130,24,-3480-129,24,-3480-128,24,-3480-127,24,-3480-126,24,-3480-125,24,-3480-124,24,-3480-123,24,-3480-122,24,-3480-121,24,-3480-120,24,-3480-119,24,-3480-118,24,-3480-117,24,-3480-116,24,-3480-115,24,-3480-114,24,-3480-113,24,-3480-112,24,-3480-111,24,-3480-110,24,-3480-109,24,-3480-108,24,-3480-107,24,-3480-106,24,-3480-105,24,-3480-104,24,-3480-103,24,-3480-102,24,-3480-101,24,-3480-100,24,-3480-99,24,-3480-98,24,-3480-97,24,-3480-96,24,-3480-95,24,-3480-94,24,-3480-93,24,-3480-92,24,-3480-91,24,-3480-90,24,-3480-89,24,-3480-88,24,-3480-87,24,-3480-86,24,-3480-85,24,-3480-84,24,-3480-83,24,-3480-82,24,-3480-81,24,-3480-80,24,-3480-79,24,-3480-78,24,-3480-77,24,-3480-76,24,-3480-75,24,-3480-74,24,-3480-73,24,-3480-72,24,-3480-71,24,-3480-70,24,-3480-69,24,-3480-68,24,-3480-67,24,-3480-66,24,-3480-65,24,-3480-64,24,-3480-63,24,-3480-62,24,-3480-61,24,-3480-60,24,-3480-59,24,-3480-58,24,-3480-57,24,-3480-56,24,-3480-55,24,-3480-54,24,-3480-53,24,-3480-52,24,-3480-51,24,-3480-50,24,-3480-49,24,-3480-48,24,-3480-47,24,-3480-46,24,-2960-45,24,-2680-44,24,-2640-43,24,-2600-42,24,-3160-41,24,-3480-40,24,-3480-39,24,-3320-38,24,-2800-37,24,-1520-36,24,-960-35,24,-640-34,24,-440-33,24,-280-32,24,-200-31,24,-120-30,24,-40-29,24,-40-28,24,0-27,24,40-26,24,80-25,24,200-24,24,240-23,24,280-22,24,280-21,24,240-20,24,240-19,24,240-18,24,280-17,24,320-16,24,280-15,24,320-14,24,360-13,24,320-12,24,280-11,24,400-10,24,480-9,24,440-8,24,400-7,24,480-6,24,360-5,24,320-4,24,160-3,24,120-2,24,80-1,24,800,24,401,24,402,24,803,24,804,24,805,24,1206,24,1607,24,2008,24,3209,24,40010,24,80011,24,136012,24,176013,24,148014,24,84015,24,28016,24,16017,24,48018,24,108019,24,144020,24,128021,24,80022,24,40023,24,32024,24,28025,24,20026,24,8027,24,8028,24,-8029,24,-8030,24,-8031,24,-12032,24,-16033,24,-16034,24,-16035,24,-16036,24,-16037,24,-16038,24,-16039,24,-12040,24,-12041,24,-12042,24,-8043,24,-4044,24,-4045,24,046,24,12047,24,28048,24,64049,24,68050,24,88051,24,116052,24,148053,24,172054,24,168055,24,180056,24,160057,24,120058,24,116059,24,104060,24,96061,24,104062,24,108063,24,116064,24,72065,24,8066,24,-40067,24,-88068,24,-80069,24,-44070,24,-12071,24,072,24,20073,24,24074,24,4075,24,-72076,24,-76077,24,4078,24,079,24,8080,24,4081,24,16082,24,52083,24,84084,24,80085,24,72086,24,72087,24,40088,24,12089,24,4090,24,4091,24,092,24,-24093,24,-64094,24,-156095,24,-224096,24,-248097,24,-256098,24,-292099,24,-3480100,24,-3480101,24,-3480102,24,-3480103,24,-3480104,24,-3480105,24,-3480106,24,-3480107,24,-3480108,24,-3480109,24,-3520110,24,-3480111,24,-3480112,24,-3480113,24,-3480114,24,-3480115,24,-3480116,24,-3480117,24,-3480118,24,-3480119,24,-3480120,24,-3480121,24,-3480122,24,-3480123,24,-3480124,24,-3480125,24,-3480126,24,-3480127,24,-3480128,24,-3480129,24,-3480130,24,-3480131,24,-3480132,24,-3480133,24,-3480134,24,-3480135,24,-3480136,24,-3480137,24,-3480138,24,-3480139,24,-3480140,24,-3480141,24,-3480142,24,-3480143,24,-3480144,24,-3480145,24,-3480146,24,-3480147,24,-3480148,24,-3480149,24,-3480150,24,-3480151,24,-3480152,24,-3480153,24,-3480154,24,-3480155,24,-3480156,24,-3480157,24,-3480158,24,-3480159,24,-3480160,24,-3480161,24,-3480162,24,-3480163,24,-3480164,24,-3480165,24,-3480166,24,-3480167,24,-3480168,24,-3480169,24,-3480170,24,-3480171,24,-3480172,24,-3480173,24,-3480174,24,-3480175,24,-3480176,24,-3480177,24,-3480178,24,-3480179,24,-3480-180,23,-3480-179,23,-3480-178,23,-3480-177,23,-3480-176,23,-3480-175,23,-3480-174,23,-3480-173,23,-3480-172,23,-3480-171,23,-3480-170,23,-3480-169,23,-3480-168,23,-3480-167,23,-3480-166,23,-3480-165,23,-3480-164,23,-3480-163,23,-3480-162,23,-3480-161,23,-3480-160,23,-3480-159,23,-3480-158,23,-3480-157,23,-3480-156,23,-3480-155,23,-3480-154,23,-3480-153,23,-3480-152,23,-3480-151,23,-3480-150,23,-3480-149,23,-3480-148,23,-3480-147,23,-3480-146,23,-3480-145,23,-3480-144,23,-3480-143,23,-3480-142,23,-3480-141,23,-3480-140,23,-3480-139,23,-3480-138,23,-3480-137,23,-3480-136,23,-3480-135,23,-3480-134,23,-3480-133,23,-3480-132,23,-3480-131,23,-3480-130,23,-3480-129,23,-3480-128,23,-3480-127,23,-3480-126,23,-3480-125,23,-3480-124,23,-3480-123,23,-3480-122,23,-3480-121,23,-3480-120,23,-3480-119,23,-3480-118,23,-3480-117,23,-3480-116,23,-3480-115,23,-3480-114,23,-3480-113,23,-3480-112,23,-3480-111,23,-3480-110,23,-3480-109,23,-3480-108,23,-3480-107,23,-3480-106,23,-3480-105,23,-3480-104,23,-3480-103,23,-3480-102,23,-3480-101,23,-3480-100,23,-3480-99,23,-3480-98,23,-3480-97,23,-3480-96,23,-3480-95,23,-3480-94,23,-3480-93,23,-3480-92,23,-3480-91,23,-3480-90,23,-3480-89,23,-3480-88,23,-3480-87,23,-3480-86,23,-3480-85,23,-3480-84,23,-3480-83,23,-3480-82,23,-3480-81,23,-3480-80,23,-3480-79,23,-3480-78,23,-3480-77,23,-3480-76,23,-3480-75,23,-3480-74,23,-3480-73,23,-3480-72,23,-3480-71,23,-3480-70,23,-3480-69,23,-3480-68,23,-3480-67,23,-3480-66,23,-3480-65,23,-3480-64,23,-3480-63,23,-3480-62,23,-3480-61,23,-3480-60,23,-3480-59,23,-3480-58,23,-3480-57,23,-3480-56,23,-3480-55,23,-3480-54,23,-3480-53,23,-3480-52,23,-3480-51,23,-3480-50,23,-3480-49,23,-3480-48,23,-3480-47,23,-3480-46,23,-3480-45,23,-3400-44,23,-2720-43,23,-2640-42,23,-3280-41,23,-3480-40,23,-3240-39,23,-2720-38,23,-1720-37,23,-880-36,23,-640-35,23,-400-34,23,-280-33,23,-240-32,23,-160-31,23,-120-30,23,-40-29,23,0-28,23,40-27,23,120-26,23,120-25,23,200-24,23,240-23,23,240-22,23,280-21,23,280-20,23,320-19,23,320-18,23,320-17,23,280-16,23,280-15,23,280-14,23,240-13,23,320-12,23,280-11,23,240-10,23,320-9,23,280-8,23,240-7,23,280-6,23,160-5,23,200-4,23,200-3,23,80-2,23,80-1,23,400,23,401,23,1202,23,803,23,804,23,805,23,806,23,1607,23,2008,23,3209,23,48010,23,84011,23,172012,23,188013,23,148014,23,104015,23,32016,23,16017,23,64018,23,124019,23,152020,23,112021,23,60022,23,40023,23,36024,23,28025,23,20026,23,12027,23,8028,23,-4029,23,-8030,23,-8031,23,-12032,23,-12033,23,-16034,23,-16035,23,-16036,23,-16037,23,-16038,23,-16039,23,-16040,23,-16041,23,-12042,23,-12043,23,-8044,23,-12045,23,-12046,23,-4047,23,8048,23,40049,23,68050,23,64051,23,76052,23,100053,23,132054,23,156055,23,164056,23,160057,23,168058,23,156059,23,144060,23,144061,23,140062,23,120063,23,68064,23,4065,23,-52066,23,-100067,23,-112068,23,-104069,23,-60070,23,-24071,23,072,23,12073,23,20074,23,-60075,23,-68076,23,-72077,23,-20078,23,8079,23,4080,23,081,23,082,23,4083,23,40084,23,60085,23,48086,23,44087,23,32088,23,28089,23,28090,23,40091,23,84092,23,72093,23,52094,23,-4095,23,-120096,23,-192097,23,-232098,23,-252099,23,-2920100,23,-3480101,23,-3480102,23,-3480103,23,-3480104,23,-3480105,23,-3480106,23,-3480107,23,-3480108,23,-3480109,23,-3480110,23,-3480111,23,-3480112,23,-3480113,23,-3480114,23,-3480115,23,-3480116,23,-3480117,23,-3400118,23,-3480119,23,-3480120,23,-3480121,23,-3480122,23,-3480123,23,-3480124,23,-3480125,23,-3480126,23,-3480127,23,-3480128,23,-3480129,23,-3480130,23,-3480131,23,-3480132,23,-3480133,23,-3480134,23,-3480135,23,-3480136,23,-3480137,23,-3480138,23,-3480139,23,-3480140,23,-3480141,23,-3480142,23,-3480143,23,-3480144,23,-3480145,23,-3480146,23,-3480147,23,-3480148,23,-3480149,23,-3480150,23,-3480151,23,-3480152,23,-3480153,23,-3480154,23,-3480155,23,-3480156,23,-3480157,23,-3480158,23,-3480159,23,-3480160,23,-3480161,23,-3480162,23,-3480163,23,-3480164,23,-3480165,23,-3480166,23,-3480167,23,-3480168,23,-3480169,23,-3480170,23,-3480171,23,-3480172,23,-3480173,23,-3480174,23,-3480175,23,-3480176,23,-3480177,23,-3480178,23,-3480179,23,-3480-180,22,-3480-179,22,-3480-178,22,-3480-177,22,-3480-176,22,-3480-175,22,-3480-174,22,-3480-173,22,-3480-172,22,-3480-171,22,-3480-170,22,-3480-169,22,-3480-168,22,-3480-167,22,-3480-166,22,-3480-165,22,-3480-164,22,-3480-163,22,-3480-162,22,-3480-161,22,-3480-160,22,-3480-159,22,-3480-158,22,-3480-157,22,-3480-156,22,-3480-155,22,-3480-154,22,-3480-153,22,-3480-152,22,-3480-151,22,-3480-150,22,-3480-149,22,-3480-148,22,-3480-147,22,-3480-146,22,-3480-145,22,-3480-144,22,-3480-143,22,-3480-142,22,-3480-141,22,-3480-140,22,-3480-139,22,-3480-138,22,-3480-137,22,-3480-136,22,-3480-135,22,-3480-134,22,-3480-133,22,-3480-132,22,-3480-131,22,-3480-130,22,-3480-129,22,-3480-128,22,-3480-127,22,-3480-126,22,-3480-125,22,-3480-124,22,-3480-123,22,-3480-122,22,-3480-121,22,-3480-120,22,-3480-119,22,-3480-118,22,-3480-117,22,-3480-116,22,-3480-115,22,-3480-114,22,-3480-113,22,-3480-112,22,-3480-111,22,-3480-110,22,-3480-109,22,-3480-108,22,-3480-107,22,-3480-106,22,-3480-105,22,-3480-104,22,-3480-103,22,-3480-102,22,-3480-101,22,-3480-100,22,-3480-99,22,-3480-98,22,-3480-97,22,-3480-96,22,-3480-95,22,-3480-94,22,-3480-93,22,-3480-92,22,-3480-91,22,-3480-90,22,-3480-89,22,-3480-88,22,-3480-87,22,-3480-86,22,-3480-85,22,-3480-84,22,-3480-83,22,-3480-82,22,-3480-81,22,-3480-80,22,-3480-79,22,-3480-78,22,-3480-77,22,-3480-76,22,-3480-75,22,-3480-74,22,-3480-73,22,-3480-72,22,-3480-71,22,-3480-70,22,-3480-69,22,-3480-68,22,-3480-67,22,-3480-66,22,-3480-65,22,-3480-64,22,-3480-63,22,-3480-62,22,-3480-61,22,-3480-60,22,-3480-59,22,-3480-58,22,-3480-57,22,-3480-56,22,-3480-55,22,-3480-54,22,-3480-53,22,-3480-52,22,-3480-51,22,-3480-50,22,-3480-49,22,-3480-48,22,-3480-47,22,-3480-46,22,-3480-45,22,-3480-44,22,-3480-43,22,-3480-42,22,-3480-41,22,-3240-40,22,-2520-39,22,-1720-38,22,-840-37,22,-520-36,22,-400-35,22,-280-34,22,-240-33,22,-160-32,22,-120-31,22,-120-30,22,-40-29,22,0-28,22,80-27,22,120-26,22,160-25,22,200-24,22,240-23,22,240-22,22,240-21,22,280-20,22,320-19,22,280-18,22,280-17,22,280-16,22,280-15,22,200-14,22,280-13,22,280-12,22,240-11,22,200-10,22,240-9,22,200-8,22,160-7,22,240-6,22,120-5,22,80-4,22,80-3,22,80-2,22,120-1,22,400,22,401,22,1202,22,803,22,804,22,1205,22,806,22,2007,22,2408,22,3609,22,44010,22,80011,22,120012,22,200013,22,160014,22,104015,22,44016,22,20017,22,72018,22,148019,22,140020,22,88021,22,52022,22,36023,22,36024,22,32025,22,24026,22,12027,22,8028,22,029,22,-4030,22,-8031,22,-8032,22,-12033,22,-12034,22,-12035,22,-16036,22,-16037,22,-16038,22,-16039,22,-16040,22,-16041,22,-16042,22,-12043,22,-12044,22,-12045,22,-16046,22,-12047,22,048,22,12049,22,28050,22,52051,22,64052,22,72053,22,100054,22,108055,22,120056,22,140057,22,172058,22,180059,22,156060,22,144061,22,128062,22,84063,22,44064,22,4065,22,-72066,22,-116067,22,-108068,22,-100069,22,-76070,22,-44071,22,-24072,22,-4073,22,-40074,22,-72075,22,-72076,22,-72077,22,-64078,22,4079,22,8080,22,4081,22,4082,22,083,22,12084,22,40085,22,48086,22,40087,22,40088,22,40089,22,48090,22,80091,22,156092,22,156093,22,108094,22,76095,22,16096,22,-60097,22,-132098,22,-180099,22,-2240100,22,-2840101,22,-3440102,22,-3480103,22,-3480104,22,-3480105,22,-3480106,22,-3480107,22,-3480108,22,-3480109,22,-3480110,22,-3480111,22,-3480112,22,-3480113,22,-3480114,22,-3480115,22,-3440116,22,-3360117,22,-3480118,22,-3480119,22,-3480120,22,-3480121,22,-3480122,22,-3480123,22,-3480124,22,-3480125,22,-3480126,22,-3480127,22,-3480128,22,-3480129,22,-3480130,22,-3480131,22,-3480132,22,-3480133,22,-3480134,22,-3520135,22,-3480136,22,-3480137,22,-3480138,22,-3480139,22,-3480140,22,-3480141,22,-3480142,22,-3480143,22,-3480144,22,-3480145,22,-3480146,22,-3480147,22,-3480148,22,-3480149,22,-3480150,22,-3480151,22,-3480152,22,-3480153,22,-3480154,22,-3480155,22,-3480156,22,-3480157,22,-3480158,22,-3480159,22,-3480160,22,-3480161,22,-3480162,22,-3480163,22,-3480164,22,-3480165,22,-3480166,22,-3480167,22,-3480168,22,-3480169,22,-3480170,22,-3480171,22,-3480172,22,-3480173,22,-3480174,22,-3480175,22,-3480176,22,-3480177,22,-3480178,22,-3480179,22,-3480-180,21,-3480-179,21,-3480-178,21,-3480-177,21,-3480-176,21,-3480-175,21,-3480-174,21,-3480-173,21,-3480-172,21,-3480-171,21,-3480-170,21,-3480-169,21,-3480-168,21,-3480-167,21,-3480-166,21,-3480-165,21,-3480-164,21,-3480-163,21,-3480-162,21,-3480-161,21,-3480-160,21,-3480-159,21,-3480-158,21,-3480-157,21,-3480-156,21,-3480-155,21,-3480-154,21,-3480-153,21,-3480-152,21,-3480-151,21,-3480-150,21,-3480-149,21,-3480-148,21,-3480-147,21,-3480-146,21,-3480-145,21,-3480-144,21,-3480-143,21,-3480-142,21,-3480-141,21,-3480-140,21,-3480-139,21,-3480-138,21,-3480-137,21,-3480-136,21,-3480-135,21,-3480-134,21,-3480-133,21,-3480-132,21,-3480-131,21,-3480-130,21,-3480-129,21,-3480-128,21,-3480-127,21,-3480-126,21,-3480-125,21,-3480-124,21,-3480-123,21,-3480-122,21,-3480-121,21,-3480-120,21,-3480-119,21,-3480-118,21,-3480-117,21,-3480-116,21,-3480-115,21,-3480-114,21,-3480-113,21,-3480-112,21,-3480-111,21,-3480-110,21,-3480-109,21,-3480-108,21,-3480-107,21,-3480-106,21,-3480-105,21,-3480-104,21,-3480-103,21,-3480-102,21,-3480-101,21,-3480-100,21,-3480-99,21,-3480-98,21,-3480-97,21,-3480-96,21,-3480-95,21,-3480-94,21,-3480-93,21,-3480-92,21,-3480-91,21,-3480-90,21,-3480-89,21,-3480-88,21,-3480-87,21,-3480-86,21,-3480-85,21,-3480-84,21,-3480-83,21,-3480-82,21,-3480-81,21,-3480-80,21,-3480-79,21,-3480-78,21,-3480-77,21,-3480-76,21,-3480-75,21,-3480-74,21,-3480-73,21,-3480-72,21,-3480-71,21,-3480-70,21,-3480-69,21,-3480-68,21,-3480-67,21,-3480-66,21,-3480-65,21,-3480-64,21,-3480-63,21,-3480-62,21,-3480-61,21,-3480-60,21,-3480-59,21,-3480-58,21,-3480-57,21,-3480-56,21,-3480-55,21,-3480-54,21,-3480-53,21,-3480-52,21,-3480-51,21,-3480-50,21,-3480-49,21,-3480-48,21,-3480-47,21,-3480-46,21,-3480-45,21,-3480-44,21,-3480-43,21,-3480-42,21,-3360-41,21,-2600-40,21,-1440-39,21,-600-38,21,-400-37,21,-320-36,21,-280-35,21,-200-34,21,-160-33,21,-160-32,21,-120-31,21,-120-30,21,-40-29,21,0-28,21,80-27,21,120-26,21,160-25,21,240-24,21,200-23,21,200-22,21,280-21,21,280-20,21,280-19,21,280-18,21,280-17,21,280-16,21,280-15,21,240-14,21,240-13,21,200-12,21,160-11,21,160-10,21,120-9,21,160-8,21,160-7,21,160-6,21,160-5,21,160-4,21,120-3,21,80-2,21,40-1,21,800,21,801,21,402,21,803,21,804,21,1205,21,1206,21,2007,21,2408,21,3209,21,48010,21,72011,21,128012,21,208013,21,196014,21,120015,21,44016,21,32017,21,92018,21,148019,21,152020,21,88021,21,56022,21,44023,21,36024,21,28025,21,28026,21,16027,21,8028,21,029,21,-4030,21,-4031,21,-8032,21,-12033,21,-16034,21,-12035,21,-16036,21,-16037,21,-16038,21,-16039,21,-16040,21,-16041,21,-16042,21,-16043,21,-16044,21,-16045,21,-16046,21,-16047,21,-12048,21,8049,21,8050,21,12051,21,40052,21,68053,21,76054,21,80055,21,76056,21,88057,21,108058,21,128059,21,120060,21,92061,21,72062,21,28063,21,-4064,21,-32065,21,-84066,21,-132067,21,-132068,21,-144069,21,-128070,21,-72071,21,-44072,21,-56073,21,-84074,21,-80075,21,-76076,21,-76077,21,-76078,21,4079,21,4080,21,4081,21,4082,21,12083,21,084,21,20085,21,40086,21,44087,21,48088,21,44089,21,48090,21,68091,21,116092,21,128093,21,112094,21,96095,21,68096,21,40097,21,-12098,21,-72099,21,-1200100,21,-1840101,21,-2840102,21,-3400103,21,-3480104,21,-3480105,21,-3480106,21,-3480107,21,-3480108,21,-3480109,21,-3480110,21,-3480111,21,-3480112,21,-3480113,21,-3440114,21,-3240115,21,-3360116,21,-3480117,21,-3480118,21,-3480119,21,-3480120,21,-3480121,21,-3480122,21,-3480123,21,-3480124,21,-3480125,21,-3480126,21,-3480127,21,-3480128,21,-3480129,21,-3480130,21,-3480131,21,-3480132,21,-3480133,21,-3480134,21,-3480135,21,-3480136,21,-3480137,21,-3480138,21,-3480139,21,-3480140,21,-3480141,21,-3480142,21,-3480143,21,-3480144,21,-3480145,21,-3480146,21,-3480147,21,-3480148,21,-3480149,21,-3480150,21,-3480151,21,-3480152,21,-3480153,21,-3480154,21,-3480155,21,-3480156,21,-3480157,21,-3480158,21,-3480159,21,-3480160,21,-3480161,21,-3480162,21,-3480163,21,-3480164,21,-3480165,21,-3480166,21,-3480167,21,-3480168,21,-3480169,21,-3480170,21,-3480171,21,-3480172,21,-3480173,21,-3480174,21,-3480175,21,-3480176,21,-3480177,21,-3480178,21,-3480179,21,-3600-180,20,-3480-179,20,-3480-178,20,-3480-177,20,-3480-176,20,-3480-175,20,-3480-174,20,-3480-173,20,-3480-172,20,-3480-171,20,-3480-170,20,-3480-169,20,-3480-168,20,-3480-167,20,-3480-166,20,-3480-165,20,-3480-164,20,-3480-163,20,-3480-162,20,-3480-161,20,-3480-160,20,-3480-159,20,-3480-158,20,-3480-157,20,-3480-156,20,-3480-155,20,-3480-154,20,-3480-153,20,-3480-152,20,-3480-151,20,-3480-150,20,-3480-149,20,-3480-148,20,-3480-147,20,-3480-146,20,-3480-145,20,-3480-144,20,-3480-143,20,-3480-142,20,-3480-141,20,-3480-140,20,-3480-139,20,-3480-138,20,-3480-137,20,-3480-136,20,-3480-135,20,-3480-134,20,-3480-133,20,-3480-132,20,-3480-131,20,-3480-130,20,-3480-129,20,-3480-128,20,-3480-127,20,-3480-126,20,-3480-125,20,-3480-124,20,-3480-123,20,-3480-122,20,-3480-121,20,-3480-120,20,-3480-119,20,-3480-118,20,-3480-117,20,-3480-116,20,-3480-115,20,-3480-114,20,-3480-113,20,-3480-112,20,-3480-111,20,-3480-110,20,-3480-109,20,-3480-108,20,-3480-107,20,-3480-106,20,-3480-105,20,-3480-104,20,-3480-103,20,-3480-102,20,-3480-101,20,-3480-100,20,-3480-99,20,-3480-98,20,-3480-97,20,-3480-96,20,-3480-95,20,-3480-94,20,-3480-93,20,-3480-92,20,-3480-91,20,-3480-90,20,-3480-89,20,-3480-88,20,-3480-87,20,-3480-86,20,-3480-85,20,-3480-84,20,-3480-83,20,-3480-82,20,-3480-81,20,-3480-80,20,-3480-79,20,-3480-78,20,-3480-77,20,-3480-76,20,-3480-75,20,-3480-74,20,-3480-73,20,-3480-72,20,-3480-71,20,-3480-70,20,-3480-69,20,-3480-68,20,-3480-67,20,-3480-66,20,-3480-65,20,-3480-64,20,-3480-63,20,-3480-62,20,-3480-61,20,-3480-60,20,-3480-59,20,-3480-58,20,-3480-57,20,-3480-56,20,-3480-55,20,-3480-54,20,-3480-53,20,-3480-52,20,-3480-51,20,-3480-50,20,-3480-49,20,-3480-48,20,-3480-47,20,-3480-46,20,-3480-45,20,-3480-44,20,-3480-43,20,-3400-42,20,-2880-41,20,-1480-40,20,-520-39,20,-400-38,20,-280-37,20,-240-36,20,-200-35,20,-160-34,20,-160-33,20,-160-32,20,-200-31,20,-40-30,20,0-29,20,0-28,20,80-27,20,200-26,20,240-25,20,200-24,20,200-23,20,160-22,20,240-21,20,280-20,20,280-19,20,280-18,20,280-17,20,280-16,20,240-15,20,200-14,20,200-13,20,200-12,20,200-11,20,160-10,20,200-9,20,160-8,20,160-7,20,160-6,20,200-5,20,200-4,20,160-3,20,120-2,20,40-1,20,800,20,801,20,802,20,1203,20,804,20,1205,20,2406,20,2007,20,2408,20,2809,20,52010,20,80011,20,124012,20,240013,20,196014,20,108015,20,40016,20,48017,20,108018,20,160019,20,132020,20,80021,20,60022,20,48023,20,36024,20,32025,20,28026,20,24027,20,12028,20,8029,20,030,20,-4031,20,-8032,20,-8033,20,-12034,20,-16035,20,-16036,20,-16037,20,-16038,20,-16039,20,-16040,20,-16041,20,-16042,20,-16043,20,-16044,20,-16045,20,-16046,20,-12047,20,-12048,20,-12049,20,-4050,20,12051,20,52052,20,88053,20,64054,20,52055,20,52056,20,60057,20,52058,20,52059,20,24060,20,12061,20,062,20,-16063,20,-52064,20,-88065,20,-124066,20,-164067,20,-188068,20,-208069,20,-232070,20,-232071,20,-228072,20,-168073,20,-120074,20,-100075,20,-92076,20,-84077,20,-84078,20,-16079,20,-4080,20,-4081,20,082,20,36083,20,084,20,085,20,20086,20,44087,20,44088,20,40089,20,32090,20,32091,20,64092,20,84093,20,76094,20,84095,20,84096,20,72097,20,52098,20,24099,20,-320100,20,-920101,20,-1800102,20,-2680103,20,-3200104,20,-3440105,20,-3480106,20,-3480107,20,-3480108,20,-3480109,20,-3360110,20,-3480111,20,-3480112,20,-3200113,20,-3000114,20,-3280115,20,-3480116,20,-3480117,20,-3480118,20,-3480119,20,-3480120,20,-3480121,20,-3480122,20,-3480123,20,-3480124,20,-3480125,20,-3480126,20,-3480127,20,-3480128,20,-3480129,20,-3480130,20,-3480131,20,-3480132,20,-3480133,20,-3480134,20,-3480135,20,-3480136,20,-3480137,20,-3480138,20,-3480139,20,-3480140,20,-3480141,20,-3480142,20,-3480143,20,-3480144,20,-3480145,20,-3480146,20,-3480147,20,-3480148,20,-3480149,20,-3480150,20,-3480151,20,-3480152,20,-3480153,20,-3480154,20,-3480155,20,-3480156,20,-3480157,20,-3480158,20,-3480159,20,-3480160,20,-3480161,20,-3480162,20,-3480163,20,-3480164,20,-3480165,20,-3480166,20,-3480167,20,-3480168,20,-3480169,20,-3480170,20,-3480171,20,-3480172,20,-3480173,20,-3480174,20,-3480175,20,-3480176,20,-3480177,20,-3600178,20,-3600179,20,-3600-180,19,-3480-179,19,-3480-178,19,-3480-177,19,-3480-176,19,-3480-175,19,-3480-174,19,-3480-173,19,-3480-172,19,-3480-171,19,-3480-170,19,-3480-169,19,-3480-168,19,-3480-167,19,-3480-166,19,-3480-165,19,-3480-164,19,-3480-163,19,-3480-162,19,-3480-161,19,-3480-160,19,-3480-159,19,-3480-158,19,-3480-157,19,-3480-156,19,-3480-155,19,-3480-154,19,-3480-153,19,-3480-152,19,-3480-151,19,-3480-150,19,-3480-149,19,-3480-148,19,-3480-147,19,-3480-146,19,-3480-145,19,-3480-144,19,-3480-143,19,-3480-142,19,-3480-141,19,-3480-140,19,-3480-139,19,-3480-138,19,-3480-137,19,-3480-136,19,-3480-135,19,-3480-134,19,-3480-133,19,-3480-132,19,-3480-131,19,-3480-130,19,-3480-129,19,-3480-128,19,-3480-127,19,-3480-126,19,-3480-125,19,-3480-124,19,-3480-123,19,-3480-122,19,-3480-121,19,-3480-120,19,-3480-119,19,-3480-118,19,-3480-117,19,-3480-116,19,-3480-115,19,-3480-114,19,-3480-113,19,-3480-112,19,-3480-111,19,-3480-110,19,-3480-109,19,-3480-108,19,-3480-107,19,-3480-106,19,-3480-105,19,-3480-104,19,-3480-103,19,-3480-102,19,-3480-101,19,-3480-100,19,-3480-99,19,-3480-98,19,-3480-97,19,-3480-96,19,-3480-95,19,-3480-94,19,-3480-93,19,-3480-92,19,-3480-91,19,-3480-90,19,-3480-89,19,-3480-88,19,-3480-87,19,-3480-86,19,-3480-85,19,-3480-84,19,-3480-83,19,-3480-82,19,-3480-81,19,-3480-80,19,-3480-79,19,-3480-78,19,-3480-77,19,-3480-76,19,-3480-75,19,-3480-74,19,-3480-73,19,-3480-72,19,-3480-71,19,-3480-70,19,-3480-69,19,-3480-68,19,-3480-67,19,-3480-66,19,-3480-65,19,-3480-64,19,-3480-63,19,-3480-62,19,-3480-61,19,-3480-60,19,-3480-59,19,-3480-58,19,-3480-57,19,-3480-56,19,-3480-55,19,-3480-54,19,-3480-53,19,-3480-52,19,-3480-51,19,-3480-50,19,-3480-49,19,-3480-48,19,-3480-47,19,-3480-46,19,-3480-45,19,-3480-44,19,-3480-43,19,-3240-42,19,-1600-41,19,-640-40,19,-400-39,19,-280-38,19,-240-37,19,-160-36,19,-160-35,19,-160-34,19,-160-33,19,-160-32,19,-160-31,19,-80-30,19,0-29,19,40-28,19,80-27,19,240-26,19,280-25,19,200-24,19,200-23,19,240-22,19,160-21,19,280-20,19,280-19,19,240-18,19,280-17,19,280-16,19,240-15,19,160-14,19,120-13,19,160-12,19,200-11,19,160-10,19,160-9,19,40-8,19,120-7,19,160-6,19,160-5,19,200-4,19,200-3,19,160-2,19,280-1,19,2000,19,1601,19,802,19,1203,19,1604,19,1605,19,2006,19,2007,19,2408,19,2809,19,52010,19,80011,19,112012,19,208013,19,188014,19,96015,19,40016,19,56017,19,136018,19,188019,19,160020,19,92021,19,64022,19,44023,19,36024,19,36025,19,32026,19,24027,19,20028,19,8029,19,030,19,-4031,19,-4032,19,-8033,19,-12034,19,-12035,19,-16036,19,-16037,19,-12038,19,-16039,19,-12040,19,-16041,19,-16042,19,-16043,19,-16044,19,-16045,19,-16046,19,-16047,19,-12048,19,-8049,19,4050,19,28051,19,108052,19,116053,19,76054,19,32055,19,20056,19,12057,19,4058,19,-4059,19,-12060,19,-12061,19,-16062,19,-40063,19,-80064,19,-96065,19,-160066,19,-248067,19,-328068,19,-340069,19,-340070,19,-340071,19,-320072,19,-292073,19,-240074,19,-168075,19,-132076,19,-108077,19,-72078,19,-16079,19,-16080,19,-12081,19,4082,19,44083,19,-8084,19,-8085,19,-4086,19,8087,19,24088,19,12089,19,12090,19,8091,19,20092,19,48093,19,60094,19,52095,19,52096,19,52097,19,68098,19,56099,19,440100,19,80101,19,-400102,19,-840103,19,-1480104,19,-2200105,19,-2720106,19,-3000107,19,-3120108,19,-3080109,19,-2720110,19,-2760111,19,-2480112,19,-2480113,19,-3080114,19,-3480115,19,-3480116,19,-3480117,19,-3480118,19,-3480119,19,-3480120,19,-3480121,19,-3480122,19,-3480123,19,-3480124,19,-3480125,19,-3480126,19,-3480127,19,-3480128,19,-3480129,19,-3480130,19,-3480131,19,-3480132,19,-3480133,19,-3480134,19,-3480135,19,-3480136,19,-3480137,19,-3480138,19,-3480139,19,-3480140,19,-3480141,19,-3480142,19,-3480143,19,-3480144,19,-3480145,19,-3480146,19,-3480147,19,-3480148,19,-3480149,19,-3480150,19,-3480151,19,-3480152,19,-3480153,19,-3480154,19,-3480155,19,-3480156,19,-3480157,19,-3480158,19,-3480159,19,-3480160,19,-3480161,19,-3480162,19,-3480163,19,-3480164,19,-3480165,19,-3480166,19,-3480167,19,-3480168,19,-3480169,19,-3480170,19,-3480171,19,-3480172,19,-3480173,19,-3480174,19,-3480175,19,-3480176,19,-3600177,19,-3600178,19,-3600179,19,-3600-180,18,-3480-179,18,-3480-178,18,-3480-177,18,-3480-176,18,-3480-175,18,-3480-174,18,-3480-173,18,-3480-172,18,-3480-171,18,-3480-170,18,-3480-169,18,-3480-168,18,-3480-167,18,-3480-166,18,-3480-165,18,-3480-164,18,-3480-163,18,-3480-162,18,-3480-161,18,-3480-160,18,-3480-159,18,-3480-158,18,-3480-157,18,-3480-156,18,-3480-155,18,-3480-154,18,-3480-153,18,-3480-152,18,-3480-151,18,-3480-150,18,-3480-149,18,-3480-148,18,-3480-147,18,-3480-146,18,-3480-145,18,-3480-144,18,-3480-143,18,-3480-142,18,-3480-141,18,-3480-140,18,-3480-139,18,-3480-138,18,-3480-137,18,-3480-136,18,-3480-135,18,-3480-134,18,-3480-133,18,-3480-132,18,-3480-131,18,-3480-130,18,-3480-129,18,-3480-128,18,-3480-127,18,-3480-126,18,-3480-125,18,-3480-124,18,-3480-123,18,-3480-122,18,-3480-121,18,-3480-120,18,-3480-119,18,-3480-118,18,-3480-117,18,-3480-116,18,-3480-115,18,-3480-114,18,-3480-113,18,-3480-112,18,-3480-111,18,-3480-110,18,-3480-109,18,-3480-108,18,-3480-107,18,-3480-106,18,-3480-105,18,-3480-104,18,-3480-103,18,-3480-102,18,-3480-101,18,-3480-100,18,-3480-99,18,-3480-98,18,-3480-97,18,-3480-96,18,-3480-95,18,-3480-94,18,-3480-93,18,-3480-92,18,-3480-91,18,-3480-90,18,-3480-89,18,-3480-88,18,-3480-87,18,-3480-86,18,-3480-85,18,-3480-84,18,-3480-83,18,-3480-82,18,-3480-81,18,-3480-80,18,-3480-79,18,-3480-78,18,-3480-77,18,-3480-76,18,-3480-75,18,-3480-74,18,-3480-73,18,-3480-72,18,-3480-71,18,-3480-70,18,-3480-69,18,-3480-68,18,-3480-67,18,-3480-66,18,-3480-65,18,-3480-64,18,-3480-63,18,-3480-62,18,-3480-61,18,-3480-60,18,-3480-59,18,-3480-58,18,-3480-57,18,-3480-56,18,-3480-55,18,-3480-54,18,-3480-53,18,-3480-52,18,-3480-51,18,-3480-50,18,-3480-49,18,-3480-48,18,-3480-47,18,-3480-46,18,-3480-45,18,-3480-44,18,-3240-43,18,-2320-42,18,-880-41,18,-440-40,18,-320-39,18,-240-38,18,-160-37,18,-160-36,18,-160-35,18,-160-34,18,-160-33,18,-160-32,18,-120-31,18,-120-30,18,-40-29,18,40-28,18,80-27,18,160-26,18,200-25,18,200-24,18,240-23,18,200-22,18,200-21,18,200-20,18,240-19,18,240-18,18,240-17,18,240-16,18,200-15,18,120-14,18,120-13,18,120-12,18,40-11,18,80-10,18,160-9,18,160-8,18,160-7,18,160-6,18,160-5,18,240-4,18,200-3,18,200-2,18,280-1,18,3200,18,3201,18,2402,18,2003,18,1204,18,1205,18,1606,18,1207,18,1608,18,2409,18,44010,18,76011,18,116012,18,220013,18,188014,18,88015,18,44016,18,76017,18,148018,18,176019,18,128020,18,92021,18,60022,18,40023,18,36024,18,36025,18,32026,18,28027,18,20028,18,12029,18,4030,18,031,18,-4032,18,-8033,18,-12034,18,-12035,18,-12036,18,-12037,18,-12038,18,-12039,18,-12040,18,-12041,18,-16042,18,-16043,18,-16044,18,-16045,18,-16046,18,-16047,18,-16048,18,-4049,18,12050,18,68051,18,172052,18,124053,18,60054,18,16055,18,4056,18,-4057,18,-12058,18,-12059,18,-16060,18,-16061,18,-16062,18,-32063,18,-64064,18,-112065,18,-244066,18,-336067,18,-348068,18,-348069,18,-348070,18,-348071,18,-348072,18,-344073,18,-328074,18,-284075,18,-232076,18,-188077,18,-68078,18,-28079,18,-16080,18,-12081,18,4082,18,40083,18,28084,18,-4085,18,086,18,-4087,18,-4088,18,-8089,18,-4090,18,-4091,18,092,18,20093,18,36094,18,32095,18,24096,18,16097,18,24098,18,48099,18,640100,18,640101,18,520102,18,240103,18,0104,18,-440105,18,-800106,18,-1280107,18,-1560108,18,-1440109,18,-1240110,18,-880111,18,-1080112,18,-1760113,18,-2880114,18,-3400115,18,-3480116,18,-3480117,18,-3480118,18,-3480119,18,-3480120,18,-3480121,18,-3480122,18,-3480123,18,-3480124,18,-3480125,18,-3480126,18,-3480127,18,-3480128,18,-3480129,18,-3480130,18,-3480131,18,-3480132,18,-3480133,18,-3480134,18,-3480135,18,-3480136,18,-3480137,18,-3480138,18,-3480139,18,-3480140,18,-3480141,18,-3480142,18,-3480143,18,-3480144,18,-3480145,18,-3480146,18,-3480147,18,-3480148,18,-3480149,18,-3480150,18,-3480151,18,-3480152,18,-3480153,18,-3480154,18,-3480155,18,-3480156,18,-3480157,18,-3480158,18,-3480159,18,-3480160,18,-3480161,18,-3480162,18,-3480163,18,-3480164,18,-3480165,18,-3480166,18,-3480167,18,-3480168,18,-3480169,18,-3480170,18,-3480171,18,-3480172,18,-3480173,18,-3480174,18,-3480175,18,-3600176,18,-3600177,18,-3600178,18,-3600179,18,-3600-180,17,-3480-179,17,-3480-178,17,-3480-177,17,-3480-176,17,-3480-175,17,-3480-174,17,-3480-173,17,-3480-172,17,-3480-171,17,-3480-170,17,-3480-169,17,-3480-168,17,-3480-167,17,-3480-166,17,-3480-165,17,-3480-164,17,-3480-163,17,-3480-162,17,-3480-161,17,-3480-160,17,-3480-159,17,-3480-158,17,-3480-157,17,-3480-156,17,-3480-155,17,-3480-154,17,-3480-153,17,-3480-152,17,-3480-151,17,-3480-150,17,-3480-149,17,-3480-148,17,-3480-147,17,-3480-146,17,-3480-145,17,-3480-144,17,-3480-143,17,-3480-142,17,-3480-141,17,-3480-140,17,-3480-139,17,-3480-138,17,-3480-137,17,-3480-136,17,-3480-135,17,-3480-134,17,-3480-133,17,-3480-132,17,-3480-131,17,-3480-130,17,-3480-129,17,-3480-128,17,-3480-127,17,-3480-126,17,-3480-125,17,-3480-124,17,-3480-123,17,-3480-122,17,-3480-121,17,-3480-120,17,-3480-119,17,-3480-118,17,-3480-117,17,-3480-116,17,-3480-115,17,-3480-114,17,-3480-113,17,-3480-112,17,-3480-111,17,-3480-110,17,-3480-109,17,-3480-108,17,-3480-107,17,-3480-106,17,-3480-105,17,-3480-104,17,-3480-103,17,-3480-102,17,-3480-101,17,-3480-100,17,-3480-99,17,-3480-98,17,-3480-97,17,-3480-96,17,-3480-95,17,-3480-94,17,-3480-93,17,-3480-92,17,-3480-91,17,-3480-90,17,-3480-89,17,-3480-88,17,-3480-87,17,-3480-86,17,-3480-85,17,-3480-84,17,-3480-83,17,-3480-82,17,-3480-81,17,-3480-80,17,-3480-79,17,-3480-78,17,-3480-77,17,-3480-76,17,-3480-75,17,-3480-74,17,-3480-73,17,-3480-72,17,-3480-71,17,-3480-70,17,-3480-69,17,-3480-68,17,-3480-67,17,-3480-66,17,-3480-65,17,-3480-64,17,-3480-63,17,-3480-62,17,-3480-61,17,-3480-60,17,-3480-59,17,-3480-58,17,-3480-57,17,-3480-56,17,-3480-55,17,-3480-54,17,-3480-53,17,-3480-52,17,-3480-51,17,-3480-50,17,-3480-49,17,-3480-48,17,-3480-47,17,-3480-46,17,-3480-45,17,-3400-44,17,-2840-43,17,-1200-42,17,-560-41,17,-320-40,17,-240-39,17,-160-38,17,-160-37,17,-160-36,17,-160-35,17,-160-34,17,-160-33,17,-160-32,17,-160-31,17,-120-30,17,-120-29,17,-40-28,17,80-27,17,160-26,17,200-25,17,200-24,17,200-23,17,320-22,17,280-21,17,240-20,17,240-19,17,240-18,17,240-17,17,200-16,17,120-15,17,160-14,17,120-13,17,120-12,17,80-11,17,80-10,17,120-9,17,160-8,17,160-7,17,200-6,17,200-5,17,200-4,17,160-3,17,160-2,17,320-1,17,4000,17,3601,17,3202,17,2403,17,2004,17,2005,17,1606,17,2007,17,2008,17,3209,17,48010,17,84011,17,128012,17,236013,17,184014,17,88015,17,60016,17,100017,17,156018,17,168019,17,100020,17,88021,17,60022,17,40023,17,36024,17,36025,17,36026,17,28027,17,20028,17,16029,17,8030,17,031,17,032,17,033,17,-4034,17,-8035,17,-4036,17,037,17,4038,17,-4039,17,-8040,17,-12041,17,-16042,17,-16043,17,-16044,17,-16045,17,-16046,17,-16047,17,-16048,17,-8049,17,12050,17,72051,17,184052,17,104053,17,28054,17,12055,17,056,17,-8057,17,-12058,17,-12059,17,-16060,17,-16061,17,-16062,17,-20063,17,-60064,17,-196065,17,-316066,17,-348067,17,-348068,17,-348069,17,-348070,17,-348071,17,-348072,17,-348073,17,-348074,17,-336075,17,-312076,17,-284077,17,-164078,17,-60079,17,-28080,17,-12081,17,-12082,17,4083,17,40084,17,8085,17,086,17,-4087,17,-4088,17,-4089,17,-4090,17,-4091,17,-4092,17,-4093,17,4094,17,8095,17,4096,17,-4097,17,098,17,12099,17,320100,17,640101,17,640102,17,600103,17,400104,17,120105,17,0106,17,-240107,17,-200108,17,-80109,17,-80110,17,-80111,17,-560112,17,-1480113,17,-2400114,17,-3320115,17,-3480116,17,-3480117,17,-3480118,17,-3480119,17,-3480120,17,-3480121,17,-3480122,17,-3480123,17,-3480124,17,-3480125,17,-3480126,17,-3480127,17,-3480128,17,-3480129,17,-3480130,17,-3480131,17,-3480132,17,-3480133,17,-3480134,17,-3480135,17,-3480136,17,-3480137,17,-3480138,17,-3480139,17,-3480140,17,-3480141,17,-3480142,17,-3480143,17,-3480144,17,-3480145,17,-3480146,17,-3480147,17,-3480148,17,-3480149,17,-3480150,17,-3480151,17,-3480152,17,-3480153,17,-3480154,17,-3480155,17,-3480156,17,-3480157,17,-3480158,17,-3480159,17,-3480160,17,-3480161,17,-3480162,17,-3480163,17,-3480164,17,-3480165,17,-3480166,17,-3480167,17,-3480168,17,-3480169,17,-3480170,17,-3480171,17,-3480172,17,-3480173,17,-3480174,17,-3480175,17,-3600176,17,-3600177,17,-3600178,17,-3600179,17,-3600-180,16,-3480-179,16,-3480-178,16,-3480-177,16,-3480-176,16,-3480-175,16,-3480-174,16,-3480-173,16,-3480-172,16,-3480-171,16,-3480-170,16,-3480-169,16,-3480-168,16,-3480-167,16,-3480-166,16,-3480-165,16,-3480-164,16,-3480-163,16,-3480-162,16,-3480-161,16,-3480-160,16,-3480-159,16,-3480-158,16,-3480-157,16,-3480-156,16,-3480-155,16,-3480-154,16,-3480-153,16,-3480-152,16,-3480-151,16,-3480-150,16,-3480-149,16,-3480-148,16,-3480-147,16,-3480-146,16,-3480-145,16,-3480-144,16,-3480-143,16,-3480-142,16,-3480-141,16,-3480-140,16,-3480-139,16,-3480-138,16,-3480-137,16,-3480-136,16,-3480-135,16,-3480-134,16,-3480-133,16,-3480-132,16,-3480-131,16,-3480-130,16,-3480-129,16,-3480-128,16,-3480-127,16,-3480-126,16,-3480-125,16,-3480-124,16,-3480-123,16,-3480-122,16,-3480-121,16,-3480-120,16,-3480-119,16,-3480-118,16,-3480-117,16,-3480-116,16,-3480-115,16,-3480-114,16,-3480-113,16,-3480-112,16,-3480-111,16,-3480-110,16,-3480-109,16,-3480-108,16,-3480-107,16,-3480-106,16,-3480-105,16,-3480-104,16,-3480-103,16,-3480-102,16,-3480-101,16,-3480-100,16,-3480-99,16,-3480-98,16,-3480-97,16,-3480-96,16,-3480-95,16,-3480-94,16,-3480-93,16,-3480-92,16,-3480-91,16,-3480-90,16,-3480-89,16,-3480-88,16,-3480-87,16,-3480-86,16,-3480-85,16,-3480-84,16,-3480-83,16,-3480-82,16,-3480-81,16,-3480-80,16,-3480-79,16,-3480-78,16,-3480-77,16,-3480-76,16,-3480-75,16,-3480-74,16,-3480-73,16,-3480-72,16,-3480-71,16,-3480-70,16,-3480-69,16,-3480-68,16,-3480-67,16,-3480-66,16,-3480-65,16,-3480-64,16,-3480-63,16,-3480-62,16,-3480-61,16,-3480-60,16,-3480-59,16,-3480-58,16,-3480-57,16,-3480-56,16,-3480-55,16,-3480-54,16,-3480-53,16,-3480-52,16,-3480-51,16,-3480-50,16,-3480-49,16,-3480-48,16,-3480-47,16,-3480-46,16,-3480-45,16,-3240-44,16,-2360-43,16,-760-42,16,-400-41,16,-280-40,16,-200-39,16,-160-38,16,-160-37,16,-160-36,16,-160-35,16,-160-34,16,-160-33,16,-160-32,16,-160-31,16,-120-30,16,-120-29,16,-80-28,16,40-27,16,160-26,16,200-25,16,160-24,16,200-23,16,240-22,16,240-21,16,320-20,16,280-19,16,240-18,16,240-17,16,120-16,16,120-15,16,80-14,16,120-13,16,80-12,16,120-11,16,80-10,16,120-9,16,160-8,16,120-7,16,200-6,16,160-5,16,120-4,16,200-3,16,240-2,16,280-1,16,4000,16,4401,16,3602,16,2803,16,2404,16,1605,16,2006,16,2007,16,2408,16,2409,16,48010,16,80011,16,128012,16,188013,16,128014,16,64015,16,76016,16,108017,16,152018,16,172019,16,100020,16,80021,16,60022,16,36023,16,36024,16,40025,16,36026,16,28027,16,24028,16,20029,16,12030,16,12031,16,12032,16,8033,16,12034,16,16035,16,16036,16,20037,16,20038,16,8039,16,-8040,16,-12041,16,-16042,16,-16043,16,-16044,16,-16045,16,-16046,16,-16047,16,-16048,16,-12049,16,4050,16,48051,16,116052,16,56053,16,16054,16,055,16,-4056,16,-16057,16,-12058,16,-8059,16,-8060,16,-16061,16,-12062,16,-36063,16,-136064,16,-268065,16,-340066,16,-348067,16,-348068,16,-348069,16,-348070,16,-348071,16,-348072,16,-348073,16,-348074,16,-348075,16,-344076,16,-340077,16,-308078,16,-192079,16,-76080,16,-28081,16,-16082,16,-12083,16,084,16,8085,16,-4086,16,-4087,16,-4088,16,-4089,16,-4090,16,-4091,16,-4092,16,-4093,16,-4094,16,-4095,16,-4096,16,-8097,16,-4098,16,099,16,80100,16,240101,16,560102,16,560103,16,360104,16,200105,16,80106,16,40107,16,80108,16,80109,16,80110,16,-240111,16,-960112,16,-1440113,16,-2400114,16,-3320115,16,-3480116,16,-3480117,16,-3480118,16,-3480119,16,-3480120,16,-3480121,16,-3480122,16,-3480123,16,-3480124,16,-3480125,16,-3480126,16,-3480127,16,-3480128,16,-3480129,16,-3480130,16,-3480131,16,-3480132,16,-3480133,16,-3480134,16,-3480135,16,-3480136,16,-3480137,16,-3480138,16,-3480139,16,-3480140,16,-3480141,16,-3480142,16,-3480143,16,-3480144,16,-3480145,16,-3480146,16,-3480147,16,-3480148,16,-3480149,16,-3480150,16,-3480151,16,-3480152,16,-3480153,16,-3480154,16,-3480155,16,-3480156,16,-3480157,16,-3480158,16,-3480159,16,-3480160,16,-3480161,16,-3480162,16,-3480163,16,-3480164,16,-3480165,16,-3480166,16,-3480167,16,-3480168,16,-3480169,16,-3480170,16,-3480171,16,-3480172,16,-3480173,16,-3480174,16,-3480175,16,-3600176,16,-3600177,16,-3600178,16,-3600179,16,-3600-180,15,-3480-179,15,-3480-178,15,-3480-177,15,-3480-176,15,-3480-175,15,-3480-174,15,-3480-173,15,-3480-172,15,-3480-171,15,-3480-170,15,-3480-169,15,-3480-168,15,-3480-167,15,-3480-166,15,-3480-165,15,-3480-164,15,-3480-163,15,-3480-162,15,-3480-161,15,-3480-160,15,-3480-159,15,-3480-158,15,-3480-157,15,-3480-156,15,-3480-155,15,-3480-154,15,-3480-153,15,-3480-152,15,-3480-151,15,-3480-150,15,-3480-149,15,-3480-148,15,-3480-147,15,-3480-146,15,-3480-145,15,-3480-144,15,-3480-143,15,-3480-142,15,-3480-141,15,-3480-140,15,-3480-139,15,-3480-138,15,-3480-137,15,-3480-136,15,-3480-135,15,-3480-134,15,-3480-133,15,-3480-132,15,-3480-131,15,-3480-130,15,-3480-129,15,-3480-128,15,-3480-127,15,-3480-126,15,-3480-125,15,-3480-124,15,-3480-123,15,-3480-122,15,-3480-121,15,-3480-120,15,-3480-119,15,-3480-118,15,-3480-117,15,-3480-116,15,-3480-115,15,-3480-114,15,-3480-113,15,-3480-112,15,-3480-111,15,-3480-110,15,-3480-109,15,-3480-108,15,-3480-107,15,-3480-106,15,-3480-105,15,-3480-104,15,-3480-103,15,-3480-102,15,-3480-101,15,-3480-100,15,-3480-99,15,-3480-98,15,-3480-97,15,-3480-96,15,-3480-95,15,-3480-94,15,-3480-93,15,-3480-92,15,-3480-91,15,-3480-90,15,-3480-89,15,-3480-88,15,-3480-87,15,-3480-86,15,-3480-85,15,-3480-84,15,-3480-83,15,-3480-82,15,-3480-81,15,-3480-80,15,-3480-79,15,-3480-78,15,-3480-77,15,-3480-76,15,-3480-75,15,-3480-74,15,-3480-73,15,-3480-72,15,-3480-71,15,-3480-70,15,-3480-69,15,-3480-68,15,-3480-67,15,-3480-66,15,-3480-65,15,-3480-64,15,-3480-63,15,-3480-62,15,-3480-61,15,-3480-60,15,-3480-59,15,-3480-58,15,-3480-57,15,-3480-56,15,-3480-55,15,-3480-54,15,-3480-53,15,-3480-52,15,-3480-51,15,-3480-50,15,-3480-49,15,-3480-48,15,-3480-47,15,-3480-46,15,-3400-45,15,-2920-44,15,-1640-43,15,-520-42,15,-320-41,15,-240-40,15,-160-39,15,-160-38,15,-160-37,15,-160-36,15,-160-35,15,-160-34,15,-160-33,15,-120-32,15,-160-31,15,-120-30,15,-80-29,15,-40-28,15,0-27,15,160-26,15,200-25,15,200-24,15,280-23,15,240-22,15,280-21,15,280-20,15,280-19,15,320-18,15,240-17,15,200-16,15,80-15,15,80-14,15,120-13,15,80-12,15,80-11,15,80-10,15,120-9,15,120-8,15,120-7,15,160-6,15,160-5,15,160-4,15,200-3,15,200-2,15,280-1,15,3600,15,3601,15,4002,15,3203,15,2804,15,3205,15,2406,15,2007,15,2408,15,3609,15,44010,15,88011,15,128012,15,136013,15,84014,15,44015,15,76016,15,108017,15,172018,15,188019,15,132020,15,80021,15,56022,15,44023,15,40024,15,40025,15,36026,15,36027,15,28028,15,20029,15,16030,15,16031,15,20032,15,24033,15,24034,15,24035,15,24036,15,24037,15,20038,15,12039,15,-4040,15,-12041,15,-16042,15,-12043,15,-16044,15,-16045,15,-16046,15,-16047,15,-12048,15,-8049,15,4050,15,44051,15,56052,15,12053,15,054,15,-8055,15,-16056,15,-12057,15,058,15,-4059,15,-12060,15,-12061,15,-24062,15,-92063,15,-232064,15,-324065,15,-348066,15,-348067,15,-348068,15,-348069,15,-348070,15,-348071,15,-348072,15,-348073,15,-348074,15,-348075,15,-348076,15,-348077,15,-344078,15,-316079,15,-204080,15,-56081,15,-24082,15,-20083,15,-16084,15,-12085,15,-12086,15,-12087,15,-8088,15,-4089,15,-4090,15,-8091,15,-4092,15,-4093,15,-4094,15,-4095,15,-4096,15,-4097,15,-8098,15,-8099,15,-40100,15,0101,15,360102,15,560103,15,400104,15,160105,15,40106,15,160107,15,160108,15,120109,15,-80110,15,-720111,15,-1360112,15,-1920113,15,-2960114,15,-3400115,15,-3480116,15,-3480117,15,-3480118,15,-3480119,15,-3480120,15,-3480121,15,-3480122,15,-3480123,15,-3480124,15,-3480125,15,-3480126,15,-3480127,15,-3480128,15,-3480129,15,-3480130,15,-3480131,15,-3480132,15,-3480133,15,-3480134,15,-3480135,15,-3480136,15,-3480137,15,-3480138,15,-3480139,15,-3480140,15,-3480141,15,-3480142,15,-3480143,15,-3480144,15,-3480145,15,-3480146,15,-3480147,15,-3480148,15,-3480149,15,-3480150,15,-3480151,15,-3480152,15,-3480153,15,-3480154,15,-3480155,15,-3480156,15,-3480157,15,-3480158,15,-3480159,15,-3480160,15,-3480161,15,-3480162,15,-3480163,15,-3480164,15,-3480165,15,-3480166,15,-3480167,15,-3480168,15,-3480169,15,-3480170,15,-3480171,15,-3480172,15,-3480173,15,-3480174,15,-3480175,15,-3600176,15,-3600177,15,-3600178,15,-3600179,15,-3600-180,14,-3480-179,14,-3480-178,14,-3480-177,14,-3480-176,14,-3480-175,14,-3480-174,14,-3480-173,14,-3480-172,14,-3480-171,14,-3480-170,14,-3480-169,14,-3480-168,14,-3480-167,14,-3480-166,14,-3480-165,14,-3480-164,14,-3480-163,14,-3480-162,14,-3480-161,14,-3480-160,14,-3480-159,14,-3480-158,14,-3480-157,14,-3480-156,14,-3480-155,14,-3480-154,14,-3480-153,14,-3480-152,14,-3480-151,14,-3480-150,14,-3480-149,14,-3480-148,14,-3480-147,14,-3480-146,14,-3480-145,14,-3480-144,14,-3480-143,14,-3480-142,14,-3480-141,14,-3480-140,14,-3480-139,14,-3480-138,14,-3480-137,14,-3480-136,14,-3480-135,14,-3480-134,14,-3480-133,14,-3480-132,14,-3480-131,14,-3480-130,14,-3480-129,14,-3480-128,14,-3480-127,14,-3480-126,14,-3480-125,14,-3480-124,14,-3480-123,14,-3480-122,14,-3480-121,14,-3480-120,14,-3480-119,14,-3480-118,14,-3480-117,14,-3480-116,14,-3480-115,14,-3480-114,14,-3480-113,14,-3480-112,14,-3480-111,14,-3480-110,14,-3480-109,14,-3480-108,14,-3480-107,14,-3480-106,14,-3480-105,14,-3480-104,14,-3480-103,14,-3480-102,14,-3480-101,14,-3480-100,14,-3480-99,14,-3480-98,14,-3480-97,14,-3480-96,14,-3480-95,14,-3480-94,14,-3480-93,14,-3480-92,14,-3480-91,14,-3480-90,14,-3480-89,14,-3480-88,14,-3480-87,14,-3480-86,14,-3480-85,14,-3480-84,14,-3480-83,14,-3480-82,14,-3480-81,14,-3480-80,14,-3480-79,14,-3480-78,14,-3480-77,14,-3480-76,14,-3480-75,14,-3480-74,14,-3480-73,14,-3480-72,14,-3480-71,14,-3480-70,14,-3480-69,14,-3480-68,14,-3480-67,14,-3480-66,14,-3480-65,14,-3480-64,14,-3480-63,14,-3480-62,14,-3480-61,14,-3480-60,14,-3480-59,14,-3480-58,14,-3480-57,14,-3480-56,14,-3480-55,14,-3480-54,14,-3480-53,14,-3480-52,14,-3480-51,14,-3480-50,14,-3480-49,14,-3480-48,14,-3480-47,14,-3480-46,14,-3240-45,14,-2400-44,14,-760-43,14,-400-42,14,-280-41,14,-200-40,14,-160-39,14,-160-38,14,-160-37,14,-160-36,14,-160-35,14,-160-34,14,-160-33,14,-120-32,14,-120-31,14,-120-30,14,-80-29,14,0-28,14,0-27,14,160-26,14,200-25,14,280-24,14,240-23,14,240-22,14,240-21,14,200-20,14,240-19,14,280-18,14,160-17,14,160-16,14,200-15,14,160-14,14,80-13,14,160-12,14,80-11,14,80-10,14,80-9,14,120-8,14,40-7,14,80-6,14,120-5,14,160-4,14,200-3,14,240-2,14,240-1,14,2800,14,3201,14,3602,14,2803,14,2404,14,3605,14,3206,14,3207,14,4408,14,4009,14,60010,14,104011,14,132012,14,104013,14,56014,14,40015,14,76016,14,104017,14,152018,14,188019,14,128020,14,68021,14,48022,14,36023,14,36024,14,36025,14,36026,14,32027,14,32028,14,24029,14,24030,14,24031,14,20032,14,24033,14,24034,14,24035,14,20036,14,16037,14,12038,14,4039,14,-4040,14,-8041,14,-16042,14,-16043,14,-12044,14,-16045,14,-16046,14,-12047,14,-12048,14,-8049,14,050,14,36051,14,24052,14,-8053,14,-16054,14,-8055,14,4056,14,24057,14,16058,14,4059,14,-8060,14,-32061,14,-104062,14,-236063,14,-332064,14,-348065,14,-348066,14,-348067,14,-348068,14,-348069,14,-348070,14,-348071,14,-348072,14,-348073,14,-348074,14,-348075,14,-348076,14,-348077,14,-348078,14,-340079,14,-296080,14,-180081,14,-52082,14,-28083,14,-20084,14,-16085,14,-16086,14,-16087,14,-12088,14,-12089,14,-12090,14,-12091,14,-12092,14,-12093,14,-8094,14,-4095,14,-4096,14,-4097,14,-4098,14,-8099,14,-80100,14,-80101,14,0102,14,280103,14,440104,14,240105,14,40106,14,0107,14,0108,14,-80109,14,-400110,14,-1240111,14,-1920112,14,-2800113,14,-3400114,14,-3480115,14,-3480116,14,-3480117,14,-3480118,14,-3480119,14,-3480120,14,-3480121,14,-3480122,14,-3480123,14,-3480124,14,-3480125,14,-3480126,14,-3480127,14,-3480128,14,-3480129,14,-3480130,14,-3480131,14,-3480132,14,-3480133,14,-3480134,14,-3480135,14,-3480136,14,-3480137,14,-3480138,14,-3480139,14,-3480140,14,-3480141,14,-3480142,14,-3480143,14,-3480144,14,-3480145,14,-3480146,14,-3480147,14,-3480148,14,-3480149,14,-3480150,14,-3480151,14,-3480152,14,-3480153,14,-3480154,14,-3480155,14,-3480156,14,-3480157,14,-3480158,14,-3480159,14,-3480160,14,-3480161,14,-3480162,14,-3480163,14,-3480164,14,-3480165,14,-3480166,14,-3480167,14,-3480168,14,-3480169,14,-3480170,14,-3480171,14,-3480172,14,-3480173,14,-3480174,14,-3480175,14,-3600176,14,-3600177,14,-3600178,14,-3600179,14,-3600-180,13,-3480-179,13,-3480-178,13,-3480-177,13,-3480-176,13,-3480-175,13,-3480-174,13,-3480-173,13,-3480-172,13,-3480-171,13,-3480-170,13,-3480-169,13,-3480-168,13,-3480-167,13,-3480-166,13,-3480-165,13,-3480-164,13,-3480-163,13,-3480-162,13,-3480-161,13,-3480-160,13,-3480-159,13,-3480-158,13,-3480-157,13,-3480-156,13,-3480-155,13,-3480-154,13,-3480-153,13,-3480-152,13,-3480-151,13,-3480-150,13,-3480-149,13,-3480-148,13,-3480-147,13,-3480-146,13,-3480-145,13,-3480-144,13,-3480-143,13,-3480-142,13,-3480-141,13,-3480-140,13,-3480-139,13,-3480-138,13,-3480-137,13,-3480-136,13,-3480-135,13,-3480-134,13,-3480-133,13,-3480-132,13,-3480-131,13,-3480-130,13,-3480-129,13,-3480-128,13,-3480-127,13,-3480-126,13,-3480-125,13,-3480-124,13,-3480-123,13,-3480-122,13,-3480-121,13,-3480-120,13,-3480-119,13,-3480-118,13,-3480-117,13,-3480-116,13,-3480-115,13,-3480-114,13,-3480-113,13,-3480-112,13,-3480-111,13,-3480-110,13,-3480-109,13,-3480-108,13,-3480-107,13,-3480-106,13,-3480-105,13,-3480-104,13,-3480-103,13,-3480-102,13,-3480-101,13,-3480-100,13,-3480-99,13,-3480-98,13,-3480-97,13,-3480-96,13,-3480-95,13,-3480-94,13,-3480-93,13,-3480-92,13,-3480-91,13,-3480-90,13,-3480-89,13,-3480-88,13,-3480-87,13,-3480-86,13,-3480-85,13,-3480-84,13,-3480-83,13,-3480-82,13,-3480-81,13,-3480-80,13,-3480-79,13,-3480-78,13,-3480-77,13,-3480-76,13,-3480-75,13,-3480-74,13,-3480-73,13,-3480-72,13,-3480-71,13,-3480-70,13,-3480-69,13,-3480-68,13,-3480-67,13,-3480-66,13,-3480-65,13,-3480-64,13,-3480-63,13,-3480-62,13,-3480-61,13,-3480-60,13,-3480-59,13,-3480-58,13,-3480-57,13,-3480-56,13,-3480-55,13,-3480-54,13,-3480-53,13,-3480-52,13,-3480-51,13,-3480-50,13,-3480-49,13,-3480-48,13,-3480-47,13,-3360-46,13,-2760-45,13,-1840-44,13,-520-43,13,-320-42,13,-240-41,13,-160-40,13,-160-39,13,-160-38,13,-160-37,13,-160-36,13,-160-35,13,-160-34,13,-160-33,13,-160-32,13,-120-31,13,-120-30,13,-80-29,13,0-28,13,0-27,13,160-26,13,200-25,13,240-24,13,240-23,13,200-22,13,240-21,13,200-20,13,200-19,13,240-18,13,200-17,13,120-16,13,200-15,13,120-14,13,160-13,13,200-12,13,160-11,13,120-10,13,120-9,13,80-8,13,80-7,13,120-6,13,160-5,13,200-4,13,160-3,13,160-2,13,240-1,13,2400,13,3201,13,3202,13,3603,13,3604,13,3205,13,4006,13,4407,13,4408,13,4809,13,84010,13,124011,13,136012,13,84013,13,48014,13,36015,13,72016,13,100017,13,152018,13,212019,13,108020,13,68021,13,40022,13,32023,13,32024,13,32025,13,32026,13,32027,13,32028,13,24029,13,20030,13,16031,13,20032,13,16033,13,16034,13,12035,13,12036,13,4037,13,038,13,039,13,-4040,13,-8041,13,-8042,13,043,13,-12044,13,-12045,13,-12046,13,-12047,13,-16048,13,-8049,13,050,13,4051,13,-12052,13,-12053,13,-4054,13,36055,13,72056,13,68057,13,32058,13,-12059,13,-64060,13,-176061,13,-300062,13,-340063,13,-348064,13,-348065,13,-348066,13,-348067,13,-348068,13,-348069,13,-348070,13,-348071,13,-348072,13,-348073,13,-348074,13,-348075,13,-348076,13,-348077,13,-348078,13,-348079,13,-328080,13,-272081,13,-148082,13,-60083,13,-28084,13,-24085,13,-16086,13,-16087,13,-16088,13,-16089,13,-16090,13,-16091,13,-16092,13,-12093,13,-12094,13,-8095,13,-8096,13,-4097,13,-4098,13,-12099,13,-80100,13,-80101,13,-80102,13,-40103,13,40104,13,0105,13,-40106,13,-80107,13,-160108,13,-360109,13,-840110,13,-2160111,13,-2880112,13,-3360113,13,-3480114,13,-3480115,13,-3480116,13,-3480117,13,-3480118,13,-3480119,13,-3480120,13,-3480121,13,-3480122,13,-3480123,13,-3480124,13,-3480125,13,-3480126,13,-3480127,13,-3480128,13,-3480129,13,-3480130,13,-3480131,13,-3480132,13,-3480133,13,-3480134,13,-3480135,13,-3480136,13,-3480137,13,-3480138,13,-3480139,13,-3480140,13,-3480141,13,-3480142,13,-3480143,13,-3480144,13,-3480145,13,-3480146,13,-3480147,13,-3480148,13,-3480149,13,-3480150,13,-3480151,13,-3480152,13,-3480153,13,-3480154,13,-3480155,13,-3480156,13,-3480157,13,-3480158,13,-3480159,13,-3480160,13,-3480161,13,-3480162,13,-3480163,13,-3480164,13,-3480165,13,-3480166,13,-3480167,13,-3480168,13,-3480169,13,-3480170,13,-3480171,13,-3480172,13,-3480173,13,-3480174,13,-3480175,13,-3480176,13,-3600177,13,-3600178,13,-3600179,13,-3600-180,12,-3480-179,12,-3480-178,12,-3480-177,12,-3480-176,12,-3480-175,12,-3480-174,12,-3480-173,12,-3480-172,12,-3480-171,12,-3480-170,12,-3480-169,12,-3480-168,12,-3480-167,12,-3480-166,12,-3480-165,12,-3480-164,12,-3480-163,12,-3480-162,12,-3480-161,12,-3480-160,12,-3480-159,12,-3480-158,12,-3480-157,12,-3480-156,12,-3480-155,12,-3480-154,12,-3480-153,12,-3480-152,12,-3480-151,12,-3480-150,12,-3480-149,12,-3480-148,12,-3480-147,12,-3480-146,12,-3480-145,12,-3480-144,12,-3480-143,12,-3480-142,12,-3480-141,12,-3480-140,12,-3480-139,12,-3480-138,12,-3480-137,12,-3480-136,12,-3480-135,12,-3480-134,12,-3480-133,12,-3480-132,12,-3480-131,12,-3480-130,12,-3480-129,12,-3480-128,12,-3480-127,12,-3480-126,12,-3480-125,12,-3480-124,12,-3480-123,12,-3480-122,12,-3480-121,12,-3480-120,12,-3480-119,12,-3480-118,12,-3480-117,12,-3480-116,12,-3480-115,12,-3480-114,12,-3480-113,12,-3480-112,12,-3480-111,12,-3480-110,12,-3480-109,12,-3480-108,12,-3480-107,12,-3480-106,12,-3480-105,12,-3480-104,12,-3480-103,12,-3480-102,12,-3480-101,12,-3480-100,12,-3480-99,12,-3480-98,12,-3480-97,12,-3480-96,12,-3480-95,12,-3480-94,12,-3480-93,12,-3480-92,12,-3480-91,12,-3480-90,12,-3480-89,12,-3480-88,12,-3480-87,12,-3480-86,12,-3480-85,12,-3480-84,12,-3480-83,12,-3480-82,12,-3480-81,12,-3480-80,12,-3480-79,12,-3480-78,12,-3480-77,12,-3480-76,12,-3480-75,12,-3480-74,12,-3480-73,12,-3480-72,12,-3480-71,12,-3480-70,12,-3480-69,12,-3480-68,12,-3480-67,12,-3480-66,12,-3480-65,12,-3480-64,12,-3480-63,12,-3480-62,12,-3480-61,12,-3480-60,12,-3480-59,12,-3480-58,12,-3480-57,12,-3480-56,12,-3480-55,12,-3480-54,12,-3480-53,12,-3480-52,12,-3480-51,12,-3480-50,12,-3480-49,12,-3480-48,12,-3480-47,12,-3160-46,12,-2320-45,12,-1080-44,12,-400-43,12,-280-42,12,-200-41,12,-160-40,12,-160-39,12,-160-38,12,-160-37,12,-160-36,12,-160-35,12,-160-34,12,-160-33,12,-120-32,12,-120-31,12,-120-30,12,-80-29,12,0-28,12,40-27,12,160-26,12,200-25,12,200-24,12,280-23,12,280-22,12,240-21,12,200-20,12,200-19,12,200-18,12,160-17,12,120-16,12,160-15,12,200-14,12,240-13,12,240-12,12,200-11,12,160-10,12,160-9,12,120-8,12,80-7,12,120-6,12,120-5,12,200-4,12,200-3,12,160-2,12,280-1,12,2800,12,3201,12,3602,12,4003,12,3604,12,3605,12,4806,12,4807,12,4808,12,6009,12,92010,12,116011,12,116012,12,72013,12,44014,12,32015,12,68016,12,112017,12,128018,12,148019,12,88020,12,56021,12,32022,12,28023,12,24024,12,24025,12,24026,12,28027,12,24028,12,24029,12,16030,12,16031,12,12032,12,8033,12,8034,12,4035,12,036,12,037,12,4038,12,4039,12,8040,12,12041,12,12042,12,12043,12,8044,12,045,12,-8046,12,-8047,12,-12048,12,-16049,12,-12050,12,-12051,12,-16052,12,053,12,36054,12,80055,12,76056,12,20057,12,-68058,12,-180059,12,-272060,12,-324061,12,-344062,12,-348063,12,-348064,12,-348065,12,-348066,12,-348067,12,-348068,12,-348069,12,-348070,12,-348071,12,-348072,12,-348073,12,-348074,12,-348075,12,-348076,12,-348077,12,-348078,12,-348079,12,-344080,12,-316081,12,-264082,12,-152083,12,-60084,12,-28085,12,-24086,12,-20087,12,-16088,12,-16089,12,-16090,12,-16091,12,-16092,12,-16093,12,-16094,12,-12095,12,-8096,12,-4097,12,-4098,12,-8099,12,-120100,12,-80101,12,-80102,12,-80103,12,-80104,12,-80105,12,-120106,12,-200107,12,-280108,12,-1120109,12,-2320110,12,-3160111,12,-3400112,12,-3480113,12,-3480114,12,-3480115,12,-3480116,12,-3480117,12,-3480118,12,-3480119,12,-3480120,12,-3480121,12,-3480122,12,-3480123,12,-3480124,12,-3480125,12,-3480126,12,-3480127,12,-3480128,12,-3480129,12,-3480130,12,-3480131,12,-3480132,12,-3480133,12,-3480134,12,-3480135,12,-3480136,12,-3480137,12,-3480138,12,-3480139,12,-3480140,12,-3480141,12,-3480142,12,-3480143,12,-3480144,12,-3480145,12,-3480146,12,-3480147,12,-3480148,12,-3480149,12,-3480150,12,-3480151,12,-3480152,12,-3480153,12,-3480154,12,-3480155,12,-3480156,12,-3480157,12,-3480158,12,-3480159,12,-3480160,12,-3480161,12,-3480162,12,-3480163,12,-3480164,12,-3480165,12,-3480166,12,-3480167,12,-3480168,12,-3480169,12,-3480170,12,-3480171,12,-3480172,12,-3480173,12,-3480174,12,-3480175,12,-3480176,12,-3480177,12,-3600178,12,-3600179,12,-3600-180,11,-3480-179,11,-3480-178,11,-3480-177,11,-3480-176,11,-3480-175,11,-3480-174,11,-3480-173,11,-3480-172,11,-3480-171,11,-3480-170,11,-3480-169,11,-3480-168,11,-3480-167,11,-3480-166,11,-3480-165,11,-3480-164,11,-3480-163,11,-3480-162,11,-3480-161,11,-3480-160,11,-3480-159,11,-3480-158,11,-3480-157,11,-3480-156,11,-3480-155,11,-3480-154,11,-3480-153,11,-3480-152,11,-3480-151,11,-3480-150,11,-3480-149,11,-3480-148,11,-3480-147,11,-3480-146,11,-3480-145,11,-3480-144,11,-3480-143,11,-3480-142,11,-3480-141,11,-3480-140,11,-3480-139,11,-3480-138,11,-3480-137,11,-3480-136,11,-3480-135,11,-3480-134,11,-3480-133,11,-3480-132,11,-3480-131,11,-3480-130,11,-3480-129,11,-3480-128,11,-3480-127,11,-3480-126,11,-3480-125,11,-3480-124,11,-3480-123,11,-3480-122,11,-3480-121,11,-3480-120,11,-3480-119,11,-3480-118,11,-3480-117,11,-3480-116,11,-3480-115,11,-3480-114,11,-3480-113,11,-3480-112,11,-3480-111,11,-3480-110,11,-3480-109,11,-3480-108,11,-3480-107,11,-3480-106,11,-3480-105,11,-3480-104,11,-3480-103,11,-3480-102,11,-3480-101,11,-3480-100,11,-3480-99,11,-3480-98,11,-3480-97,11,-3480-96,11,-3480-95,11,-3480-94,11,-3480-93,11,-3480-92,11,-3480-91,11,-3480-90,11,-3480-89,11,-3480-88,11,-3480-87,11,-3480-86,11,-3480-85,11,-3480-84,11,-3480-83,11,-3480-82,11,-3480-81,11,-3480-80,11,-3480-79,11,-3480-78,11,-3480-77,11,-3480-76,11,-3480-75,11,-3480-74,11,-3480-73,11,-3480-72,11,-3480-71,11,-3480-70,11,-3480-69,11,-3480-68,11,-3480-67,11,-3480-66,11,-3480-65,11,-3480-64,11,-3480-63,11,-3480-62,11,-3480-61,11,-3480-60,11,-3480-59,11,-3480-58,11,-3480-57,11,-3480-56,11,-3480-55,11,-3480-54,11,-3480-53,11,-3480-52,11,-3480-51,11,-3480-50,11,-3480-49,11,-3480-48,11,-3480-47,11,-3040-46,11,-2000-45,11,-560-44,11,-400-43,11,-280-42,11,-160-41,11,-160-40,11,-160-39,11,-160-38,11,-160-37,11,-160-36,11,-160-35,11,-160-34,11,-120-33,11,-120-32,11,-120-31,11,-80-30,11,0-29,11,0-28,11,40-27,11,160-26,11,160-25,11,160-24,11,160-23,11,240-22,11,240-21,11,240-20,11,240-19,11,200-18,11,160-17,11,160-16,11,240-15,11,240-14,11,320-13,11,280-12,11,200-11,11,240-10,11,160-9,11,160-8,11,160-7,11,120-6,11,240-5,11,200-4,11,240-3,11,240-2,11,280-1,11,2800,11,3201,11,3602,11,3603,11,3604,11,4005,11,4806,11,4807,11,5208,11,6409,11,76010,11,84011,11,84012,11,56013,11,40014,11,36015,11,60016,11,104017,11,108018,11,88019,11,52020,11,36021,11,28022,11,24023,11,24024,11,24025,11,24026,11,24027,11,24028,11,24029,11,20030,11,12031,11,12032,11,4033,11,4034,11,8035,11,8036,11,8037,11,12038,11,12039,11,20040,11,16041,11,20042,11,16043,11,16044,11,8045,11,-4046,11,-4047,11,-12048,11,-12049,11,-12050,11,-12051,11,-12052,11,4053,11,20054,11,16055,11,-56056,11,-176057,11,-276058,11,-324059,11,-344060,11,-348061,11,-348062,11,-348063,11,-348064,11,-348065,11,-348066,11,-348067,11,-348068,11,-348069,11,-348070,11,-348071,11,-348072,11,-348073,11,-348074,11,-348075,11,-348076,11,-348077,11,-348078,11,-348079,11,-348080,11,-340081,11,-312082,11,-272083,11,-172084,11,-68085,11,-40086,11,-32087,11,-28088,11,-24089,11,-24090,11,-20091,11,-20092,11,-20093,11,-12094,11,-12095,11,-12096,11,-12097,11,-8098,11,-8099,11,-120100,11,-120101,11,-120102,11,-120103,11,-120104,11,-160105,11,-120106,11,-240107,11,-1240108,11,-2120109,11,-3160110,11,-3440111,11,-3480112,11,-3480113,11,-3480114,11,-3480115,11,-3480116,11,-3480117,11,-3480118,11,-3480119,11,-3480120,11,-3480121,11,-3480122,11,-3480123,11,-3480124,11,-3480125,11,-3480126,11,-3480127,11,-3480128,11,-3480129,11,-3480130,11,-3480131,11,-3480132,11,-3480133,11,-3480134,11,-3480135,11,-3480136,11,-3480137,11,-3480138,11,-3480139,11,-3480140,11,-3480141,11,-3480142,11,-3480143,11,-3480144,11,-3480145,11,-3480146,11,-3480147,11,-3480148,11,-3480149,11,-3480150,11,-3480151,11,-3480152,11,-3480153,11,-3480154,11,-3480155,11,-3480156,11,-3480157,11,-3480158,11,-3480159,11,-3480160,11,-3480161,11,-3480162,11,-3480163,11,-3480164,11,-3480165,11,-3480166,11,-3480167,11,-3480168,11,-3480169,11,-3480170,11,-3480171,11,-3480172,11,-3480173,11,-3480174,11,-3480175,11,-3480176,11,-3480177,11,-3480178,11,-3480179,11,-3600-180,10,-3480-179,10,-3480-178,10,-3480-177,10,-3480-176,10,-3480-175,10,-3480-174,10,-3480-173,10,-3480-172,10,-3480-171,10,-3480-170,10,-3480-169,10,-3480-168,10,-3480-167,10,-3480-166,10,-3480-165,10,-3480-164,10,-3480-163,10,-3480-162,10,-3480-161,10,-3480-160,10,-3480-159,10,-3480-158,10,-3480-157,10,-3480-156,10,-3480-155,10,-3480-154,10,-3480-153,10,-3480-152,10,-3480-151,10,-3480-150,10,-3480-149,10,-3480-148,10,-3480-147,10,-3480-146,10,-3480-145,10,-3480-144,10,-3480-143,10,-3480-142,10,-3480-141,10,-3480-140,10,-3480-139,10,-3480-138,10,-3480-137,10,-3480-136,10,-3480-135,10,-3480-134,10,-3480-133,10,-3480-132,10,-3480-131,10,-3480-130,10,-3480-129,10,-3480-128,10,-3480-127,10,-3480-126,10,-3480-125,10,-3480-124,10,-3480-123,10,-3480-122,10,-3480-121,10,-3480-120,10,-3480-119,10,-3480-118,10,-3480-117,10,-3480-116,10,-3480-115,10,-3480-114,10,-3480-113,10,-3480-112,10,-3480-111,10,-3480-110,10,-3480-109,10,-3480-108,10,-3480-107,10,-3480-106,10,-3480-105,10,-3480-104,10,-3480-103,10,-3480-102,10,-3480-101,10,-3480-100,10,-3480-99,10,-3480-98,10,-3480-97,10,-3480-96,10,-3480-95,10,-3480-94,10,-3480-93,10,-3480-92,10,-3480-91,10,-3480-90,10,-3480-89,10,-3480-88,10,-3480-87,10,-3480-86,10,-3480-85,10,-3480-84,10,-3480-83,10,-3480-82,10,-3480-81,10,-3480-80,10,-3480-79,10,-3480-78,10,-3480-77,10,-3480-76,10,-3480-75,10,-3480-74,10,-3480-73,10,-3480-72,10,-3480-71,10,-3480-70,10,-3480-69,10,-3480-68,10,-3480-67,10,-3480-66,10,-3480-65,10,-3480-64,10,-3480-63,10,-3480-62,10,-3480-61,10,-3480-60,10,-3480-59,10,-3480-58,10,-3480-57,10,-3480-56,10,-3480-55,10,-3480-54,10,-3480-53,10,-3480-52,10,-3480-51,10,-3480-50,10,-3480-49,10,-3480-48,10,-3400-47,10,-2760-46,10,-1520-45,10,-520-44,10,-360-43,10,-240-42,10,-160-41,10,-120-40,10,-120-39,10,-160-38,10,-160-37,10,-120-36,10,-120-35,10,-120-34,10,-120-33,10,-40-32,10,0-31,10,40-30,10,0-29,10,40-28,10,80-27,10,40-26,10,80-25,10,120-24,10,160-23,10,240-22,10,200-21,10,240-20,10,280-19,10,320-18,10,240-17,10,240-16,10,320-15,10,400-14,10,400-13,10,320-12,10,280-11,10,200-10,10,160-9,10,120-8,10,80-7,10,120-6,10,200-5,10,280-4,10,240-3,10,240-2,10,240-1,10,2800,10,2801,10,2802,10,3203,10,3204,10,3605,10,4406,10,4007,10,5208,10,6409,10,68010,10,64011,10,68012,10,44013,10,36014,10,36015,10,60016,10,80017,10,76018,10,52019,10,36020,10,24021,10,24022,10,20023,10,20024,10,16025,10,16026,10,20027,10,20028,10,20029,10,16030,10,16031,10,12032,10,8033,10,8034,10,16035,10,16036,10,20037,10,24038,10,40039,10,36040,10,40041,10,48042,10,48043,10,32044,10,12045,10,-4046,10,-8047,10,-12048,10,-16049,10,-16050,10,-12051,10,-20052,10,-36053,10,-84054,10,-176055,10,-276056,10,-324057,10,-344058,10,-348059,10,-348060,10,-348061,10,-348062,10,-348063,10,-348064,10,-348065,10,-348066,10,-348067,10,-348068,10,-348069,10,-348070,10,-348071,10,-348072,10,-348073,10,-348074,10,-348075,10,-348076,10,-348077,10,-348078,10,-348079,10,-348080,10,-348081,10,-340082,10,-324083,10,-280084,10,-224085,10,-104086,10,-56087,10,-44088,10,-40089,10,-36090,10,-32091,10,-28092,10,-28093,10,-24094,10,-16095,10,-16096,10,-12097,10,-12098,10,-12099,10,-120100,10,-120101,10,-160102,10,-160103,10,-160104,10,-160105,10,-120106,10,-1040107,10,-1880108,10,-3040109,10,-3480110,10,-3480111,10,-3480112,10,-3480113,10,-3480114,10,-3480115,10,-3480116,10,-3480117,10,-3480118,10,-3480119,10,-3480120,10,-3480121,10,-3480122,10,-3480123,10,-3480124,10,-3480125,10,-3480126,10,-3480127,10,-3480128,10,-3480129,10,-3480130,10,-3480131,10,-3480132,10,-3480133,10,-3480134,10,-3480135,10,-3480136,10,-3480137,10,-3480138,10,-3480139,10,-3480140,10,-3480141,10,-3480142,10,-3480143,10,-3480144,10,-3480145,10,-3480146,10,-3480147,10,-3480148,10,-3480149,10,-3480150,10,-3480151,10,-3480152,10,-3480153,10,-3480154,10,-3480155,10,-3480156,10,-3480157,10,-3480158,10,-3480159,10,-3480160,10,-3480161,10,-3480162,10,-3480163,10,-3480164,10,-3480165,10,-3480166,10,-3480167,10,-3480168,10,-3480169,10,-3480170,10,-3480171,10,-3480172,10,-3480173,10,-3480174,10,-3480175,10,-3480176,10,-3480177,10,-3480178,10,-3480179,10,-3480-180,9,-3480-179,9,-3480-178,9,-3480-177,9,-3480-176,9,-3480-175,9,-3480-174,9,-3480-173,9,-3480-172,9,-3480-171,9,-3480-170,9,-3480-169,9,-3480-168,9,-3480-167,9,-3480-166,9,-3480-165,9,-3480-164,9,-3480-163,9,-3480-162,9,-3480-161,9,-3480-160,9,-3480-159,9,-3480-158,9,-3480-157,9,-3480-156,9,-3480-155,9,-3480-154,9,-3480-153,9,-3480-152,9,-3480-151,9,-3480-150,9,-3480-149,9,-3480-148,9,-3480-147,9,-3480-146,9,-3480-145,9,-3480-144,9,-3480-143,9,-3480-142,9,-3480-141,9,-3480-140,9,-3480-139,9,-3480-138,9,-3480-137,9,-3480-136,9,-3480-135,9,-3480-134,9,-3480-133,9,-3480-132,9,-3480-131,9,-3480-130,9,-3480-129,9,-3480-128,9,-3480-127,9,-3480-126,9,-3480-125,9,-3480-124,9,-3480-123,9,-3480-122,9,-3480-121,9,-3480-120,9,-3480-119,9,-3480-118,9,-3480-117,9,-3480-116,9,-3480-115,9,-3480-114,9,-3480-113,9,-3480-112,9,-3480-111,9,-3480-110,9,-3480-109,9,-3480-108,9,-3480-107,9,-3480-106,9,-3480-105,9,-3480-104,9,-3480-103,9,-3480-102,9,-3480-101,9,-3480-100,9,-3480-99,9,-3480-98,9,-3480-97,9,-3480-96,9,-3480-95,9,-3480-94,9,-3480-93,9,-3480-92,9,-3480-91,9,-3480-90,9,-3480-89,9,-3480-88,9,-3480-87,9,-3480-86,9,-3480-85,9,-3480-84,9,-3480-83,9,-3480-82,9,-3480-81,9,-3480-80,9,-3480-79,9,-3480-78,9,-3480-77,9,-3480-76,9,-3480-75,9,-3480-74,9,-3480-73,9,-3480-72,9,-3480-71,9,-3480-70,9,-3480-69,9,-3480-68,9,-3480-67,9,-3480-66,9,-3480-65,9,-3480-64,9,-3480-63,9,-3480-62,9,-3480-61,9,-3480-60,9,-3480-59,9,-3480-58,9,-3480-57,9,-3480-56,9,-3480-55,9,-3480-54,9,-3480-53,9,-3480-52,9,-3480-51,9,-3480-50,9,-3480-49,9,-3480-48,9,-3320-47,9,-2360-46,9,-1040-45,9,-520-44,9,-320-43,9,-200-42,9,-160-41,9,-160-40,9,-120-39,9,-120-38,9,-120-37,9,-120-36,9,-120-35,9,-40-34,9,80-33,9,160-32,9,200-31,9,240-30,9,240-29,9,120-28,9,80-27,9,40-26,9,0-25,9,40-24,9,80-23,9,160-22,9,160-21,9,200-20,9,240-19,9,240-18,9,280-17,9,400-16,9,360-15,9,440-14,9,400-13,9,320-12,9,240-11,9,160-10,9,160-9,9,120-8,9,80-7,9,160-6,9,200-5,9,200-4,9,280-3,9,240-2,9,200-1,9,2800,9,2401,9,2802,9,2803,9,3204,9,4005,9,4406,9,4007,9,5208,9,6409,9,60010,9,52011,9,48012,9,40013,9,36014,9,36015,9,44016,9,48017,9,48018,9,36019,9,32020,9,28021,9,28022,9,28023,9,24024,9,28025,9,28026,9,28027,9,28028,9,28029,9,24030,9,28031,9,28032,9,28033,9,24034,9,24035,9,24036,9,40037,9,68038,9,88039,9,104040,9,108041,9,88042,9,60043,9,32044,9,045,9,-4046,9,-4047,9,-24048,9,-24049,9,-32050,9,-64051,9,-112052,9,-192053,9,-284054,9,-332055,9,-348056,9,-348057,9,-348058,9,-348059,9,-352060,9,-352061,9,-352062,9,-348063,9,-348064,9,-348065,9,-348066,9,-348067,9,-348068,9,-348069,9,-348070,9,-348071,9,-348072,9,-348073,9,-348074,9,-348075,9,-348076,9,-348077,9,-348078,9,-348079,9,-348080,9,-348081,9,-348082,9,-344083,9,-328084,9,-280085,9,-240086,9,-204087,9,-152088,9,-100089,9,-64090,9,-48091,9,-44092,9,-40093,9,-36094,9,-28095,9,-28096,9,-16097,9,-12098,9,-12099,9,-120100,9,-120101,9,-160102,9,-160103,9,-160104,9,-120105,9,-800106,9,-1440107,9,-2760108,9,-3440109,9,-3480110,9,-3480111,9,-3480112,9,-3480113,9,-3480114,9,-3480115,9,-3480116,9,-3480117,9,-3480118,9,-3480119,9,-3480120,9,-3480121,9,-3480122,9,-3480123,9,-3480124,9,-3480125,9,-3480126,9,-3480127,9,-3480128,9,-3480129,9,-3480130,9,-3480131,9,-3480132,9,-3480133,9,-3480134,9,-3480135,9,-3480136,9,-3480137,9,-3480138,9,-3480139,9,-3480140,9,-3480141,9,-3480142,9,-3480143,9,-3480144,9,-3480145,9,-3480146,9,-3480147,9,-3480148,9,-3480149,9,-3480150,9,-3480151,9,-3480152,9,-3480153,9,-3480154,9,-3480155,9,-3480156,9,-3480157,9,-3480158,9,-3480159,9,-3480160,9,-3480161,9,-3480162,9,-3480163,9,-3480164,9,-3480165,9,-3480166,9,-3480167,9,-3480168,9,-3480169,9,-3480170,9,-3480171,9,-3480172,9,-3480173,9,-3480174,9,-3480175,9,-3480176,9,-3480177,9,-3480178,9,-3480179,9,-3480-180,8,-3480-179,8,-3480-178,8,-3480-177,8,-3480-176,8,-3480-175,8,-3480-174,8,-3480-173,8,-3480-172,8,-3480-171,8,-3480-170,8,-3480-169,8,-3480-168,8,-3480-167,8,-3480-166,8,-3480-165,8,-3480-164,8,-3480-163,8,-3480-162,8,-3480-161,8,-3480-160,8,-3480-159,8,-3480-158,8,-3480-157,8,-3480-156,8,-3480-155,8,-3480-154,8,-3480-153,8,-3480-152,8,-3480-151,8,-3480-150,8,-3480-149,8,-3480-148,8,-3480-147,8,-3480-146,8,-3480-145,8,-3480-144,8,-3480-143,8,-3480-142,8,-3480-141,8,-3480-140,8,-3480-139,8,-3480-138,8,-3480-137,8,-3480-136,8,-3480-135,8,-3480-134,8,-3480-133,8,-3480-132,8,-3480-131,8,-3480-130,8,-3480-129,8,-3480-128,8,-3480-127,8,-3480-126,8,-3480-125,8,-3480-124,8,-3480-123,8,-3480-122,8,-3480-121,8,-3480-120,8,-3480-119,8,-3480-118,8,-3480-117,8,-3480-116,8,-3480-115,8,-3480-114,8,-3480-113,8,-3480-112,8,-3480-111,8,-3480-110,8,-3480-109,8,-3480-108,8,-3480-107,8,-3480-106,8,-3480-105,8,-3480-104,8,-3480-103,8,-3480-102,8,-3480-101,8,-3480-100,8,-3480-99,8,-3480-98,8,-3480-97,8,-3480-96,8,-3480-95,8,-3480-94,8,-3480-93,8,-3480-92,8,-3480-91,8,-3480-90,8,-3480-89,8,-3480-88,8,-3480-87,8,-3480-86,8,-3480-85,8,-3480-84,8,-3480-83,8,-3480-82,8,-3480-81,8,-3480-80,8,-3480-79,8,-3480-78,8,-3480-77,8,-3480-76,8,-3480-75,8,-3480-74,8,-3480-73,8,-3480-72,8,-3480-71,8,-3480-70,8,-3480-69,8,-3480-68,8,-3480-67,8,-3480-66,8,-3480-65,8,-3480-64,8,-3480-63,8,-3480-62,8,-3480-61,8,-3480-60,8,-3480-59,8,-3480-58,8,-3480-57,8,-3480-56,8,-3480-55,8,-3480-54,8,-3480-53,8,-3480-52,8,-3480-51,8,-3480-50,8,-3480-49,8,-3480-48,8,-3200-47,8,-2120-46,8,-720-45,8,-480-44,8,-280-43,8,-200-42,8,-160-41,8,-120-40,8,-120-39,8,-120-38,8,-120-37,8,-40-36,8,40-35,8,200-34,8,400-33,8,440-32,8,640-31,8,520-30,8,440-29,8,280-28,8,80-27,8,0-26,8,-40-25,8,-40-24,8,40-23,8,120-22,8,160-21,8,160-20,8,280-19,8,320-18,8,320-17,8,400-16,8,440-15,8,440-14,8,400-13,8,320-12,8,200-11,8,200-10,8,160-9,8,80-8,8,160-7,8,120-6,8,200-5,8,240-4,8,200-3,8,240-2,8,160-1,8,1600,8,1601,8,2802,8,2803,8,3604,8,4005,8,3606,8,4407,8,5208,8,6009,8,52010,8,48011,8,48012,8,40013,8,32014,8,32015,8,32016,8,36017,8,36018,8,36019,8,32020,8,36021,8,36022,8,40023,8,44024,8,52025,8,56026,8,64027,8,64028,8,60029,8,56030,8,60031,8,60032,8,60033,8,60034,8,60035,8,64036,8,80037,8,100038,8,116039,8,136040,8,152041,8,112042,8,52043,8,20044,8,4045,8,-12046,8,-56047,8,-112048,8,-156049,8,-168050,8,-220051,8,-280052,8,-332053,8,-348054,8,-348055,8,-348056,8,-348057,8,-348058,8,-348059,8,-348060,8,-348061,8,-348062,8,-348063,8,-348064,8,-348065,8,-348066,8,-348067,8,-348068,8,-348069,8,-348070,8,-348071,8,-348072,8,-348073,8,-348074,8,-348075,8,-348076,8,-348077,8,-348078,8,-348079,8,-348080,8,-348081,8,-348082,8,-348083,8,-344084,8,-320085,8,-300086,8,-288087,8,-276088,8,-260089,8,-212090,8,-180091,8,-156092,8,-96093,8,-68094,8,-44095,8,-32096,8,-28097,8,-20098,8,-16099,8,-160100,8,-160101,8,-160102,8,-160103,8,-160104,8,-280105,8,-1080106,8,-2000107,8,-3240108,8,-3480109,8,-3480110,8,-3480111,8,-3480112,8,-3480113,8,-3480114,8,-3480115,8,-3480116,8,-3480117,8,-3480118,8,-3480119,8,-3480120,8,-3480121,8,-3480122,8,-3480123,8,-3480124,8,-3480125,8,-3480126,8,-3480127,8,-3480128,8,-3480129,8,-3480130,8,-3480131,8,-3480132,8,-3480133,8,-3480134,8,-3480135,8,-3480136,8,-3480137,8,-3480138,8,-3480139,8,-3480140,8,-3480141,8,-3480142,8,-3480143,8,-3480144,8,-3480145,8,-3480146,8,-3480147,8,-3480148,8,-3480149,8,-3480150,8,-3480151,8,-3480152,8,-3480153,8,-3480154,8,-3480155,8,-3480156,8,-3480157,8,-3480158,8,-3480159,8,-3480160,8,-3480161,8,-3480162,8,-3480163,8,-3480164,8,-3480165,8,-3480166,8,-3480167,8,-3480168,8,-3480169,8,-3480170,8,-3480171,8,-3480172,8,-3480173,8,-3480174,8,-3480175,8,-3480176,8,-3480177,8,-3480178,8,-3480179,8,-3480-180,7,-3480-179,7,-3480-178,7,-3480-177,7,-3480-176,7,-3480-175,7,-3480-174,7,-3480-173,7,-3480-172,7,-3480-171,7,-3480-170,7,-3480-169,7,-3480-168,7,-3480-167,7,-3480-166,7,-3480-165,7,-3480-164,7,-3480-163,7,-3480-162,7,-3480-161,7,-3480-160,7,-3480-159,7,-3480-158,7,-3480-157,7,-3480-156,7,-3480-155,7,-3480-154,7,-3480-153,7,-3480-152,7,-3480-151,7,-3480-150,7,-3480-149,7,-3480-148,7,-3480-147,7,-3480-146,7,-3480-145,7,-3480-144,7,-3480-143,7,-3480-142,7,-3480-141,7,-3480-140,7,-3480-139,7,-3480-138,7,-3480-137,7,-3480-136,7,-3480-135,7,-3480-134,7,-3480-133,7,-3480-132,7,-3480-131,7,-3480-130,7,-3480-129,7,-3480-128,7,-3480-127,7,-3480-126,7,-3480-125,7,-3480-124,7,-3480-123,7,-3480-122,7,-3480-121,7,-3480-120,7,-3480-119,7,-3480-118,7,-3480-117,7,-3480-116,7,-3480-115,7,-3480-114,7,-3480-113,7,-3480-112,7,-3480-111,7,-3480-110,7,-3480-109,7,-3480-108,7,-3480-107,7,-3480-106,7,-3480-105,7,-3480-104,7,-3480-103,7,-3480-102,7,-3480-101,7,-3480-100,7,-3480-99,7,-3480-98,7,-3480-97,7,-3480-96,7,-3480-95,7,-3480-94,7,-3480-93,7,-3480-92,7,-3480-91,7,-3480-90,7,-3480-89,7,-3480-88,7,-3480-87,7,-3480-86,7,-3480-85,7,-3480-84,7,-3480-83,7,-3480-82,7,-3480-81,7,-3480-80,7,-3480-79,7,-3480-78,7,-3480-77,7,-3480-76,7,-3480-75,7,-3480-74,7,-3480-73,7,-3480-72,7,-3480-71,7,-3480-70,7,-3480-69,7,-3480-68,7,-3480-67,7,-3480-66,7,-3480-65,7,-3480-64,7,-3480-63,7,-3480-62,7,-3480-61,7,-3480-60,7,-3480-59,7,-3480-58,7,-3480-57,7,-3480-56,7,-3480-55,7,-3480-54,7,-3480-53,7,-3480-52,7,-3480-51,7,-3480-50,7,-3480-49,7,-3480-48,7,-3160-47,7,-2200-46,7,-720-45,7,-400-44,7,-280-43,7,-160-42,7,-120-41,7,-80-40,7,0-39,7,40-38,7,0-37,7,120-36,7,240-35,7,520-34,7,800-33,7,880-32,7,960-31,7,920-30,7,600-29,7,240-28,7,0-27,7,-80-26,7,-80-25,7,-80-24,7,0-23,7,80-22,7,160-21,7,200-20,7,280-19,7,360-18,7,360-17,7,440-16,7,440-15,7,480-14,7,360-13,7,320-12,7,200-11,7,200-10,7,200-9,7,120-8,7,160-7,7,200-6,7,240-5,7,200-4,7,160-3,7,160-2,7,200-1,7,1600,7,1601,7,1602,7,2403,7,3604,7,4005,7,4406,7,4807,7,4808,7,5209,7,48010,7,48011,7,52012,7,44013,7,36014,7,36015,7,36016,7,36017,7,36018,7,40019,7,36020,7,48021,7,56022,7,76023,7,100024,7,124025,7,140026,7,148027,7,144028,7,160029,7,160030,7,168031,7,160032,7,168033,7,152034,7,164035,7,148036,7,144037,7,140038,7,128039,7,112040,7,96041,7,56042,7,28043,7,8044,7,-12045,7,-84046,7,-188047,7,-240048,7,-264049,7,-296050,7,-332051,7,-348052,7,-348053,7,-348054,7,-348055,7,-348056,7,-348057,7,-348058,7,-348059,7,-348060,7,-348061,7,-348062,7,-348063,7,-348064,7,-348065,7,-348066,7,-348067,7,-348068,7,-348069,7,-348070,7,-348071,7,-348072,7,-348073,7,-348074,7,-348075,7,-348076,7,-348077,7,-348078,7,-348079,7,-348080,7,-348081,7,-348082,7,-348083,7,-348084,7,-344085,7,-340086,7,-336087,7,-336088,7,-328089,7,-312090,7,-284091,7,-248092,7,-224093,7,-188094,7,-116095,7,-76096,7,-48097,7,-24098,7,-16099,7,-160100,7,-160101,7,-160102,7,-160103,7,-160104,7,-480105,7,-1160106,7,-2320107,7,-3400108,7,-3480109,7,-3480110,7,-3480111,7,-3480112,7,-3480113,7,-3480114,7,-3480115,7,-3480116,7,-3480117,7,-3480118,7,-3480119,7,-3480120,7,-3480121,7,-3480122,7,-3480123,7,-3480124,7,-3480125,7,-3480126,7,-3480127,7,-3480128,7,-3480129,7,-3480130,7,-3480131,7,-3480132,7,-3480133,7,-3480134,7,-3480135,7,-3480136,7,-3480137,7,-3480138,7,-3480139,7,-3480140,7,-3480141,7,-3480142,7,-3480143,7,-3480144,7,-3480145,7,-3480146,7,-3480147,7,-3480148,7,-3480149,7,-3480150,7,-3480151,7,-3480152,7,-3480153,7,-3480154,7,-3480155,7,-3480156,7,-3480157,7,-3480158,7,-3480159,7,-3480160,7,-3480161,7,-3480162,7,-3480163,7,-3480164,7,-3480165,7,-3480166,7,-3480167,7,-3480168,7,-3480169,7,-3480170,7,-3480171,7,-3480172,7,-3480173,7,-3480174,7,-3480175,7,-3480176,7,-3480177,7,-3480178,7,-3480179,7,-3480-180,6,-3480-179,6,-3480-178,6,-3480-177,6,-3480-176,6,-3480-175,6,-3480-174,6,-3480-173,6,-3480-172,6,-3480-171,6,-3480-170,6,-3480-169,6,-3480-168,6,-3480-167,6,-3480-166,6,-3480-165,6,-3480-164,6,-3480-163,6,-3480-162,6,-3480-161,6,-3480-160,6,-3480-159,6,-3480-158,6,-3480-157,6,-3480-156,6,-3480-155,6,-3480-154,6,-3480-153,6,-3480-152,6,-3480-151,6,-3480-150,6,-3480-149,6,-3480-148,6,-3480-147,6,-3480-146,6,-3480-145,6,-3480-144,6,-3480-143,6,-3480-142,6,-3480-141,6,-3480-140,6,-3480-139,6,-3480-138,6,-3480-137,6,-3480-136,6,-3480-135,6,-3480-134,6,-3480-133,6,-3480-132,6,-3480-131,6,-3480-130,6,-3480-129,6,-3480-128,6,-3480-127,6,-3480-126,6,-3480-125,6,-3480-124,6,-3480-123,6,-3480-122,6,-3480-121,6,-3480-120,6,-3480-119,6,-3480-118,6,-3480-117,6,-3480-116,6,-3480-115,6,-3480-114,6,-3480-113,6,-3480-112,6,-3480-111,6,-3480-110,6,-3480-109,6,-3480-108,6,-3480-107,6,-3480-106,6,-3480-105,6,-3480-104,6,-3480-103,6,-3480-102,6,-3480-101,6,-3480-100,6,-3480-99,6,-3480-98,6,-3480-97,6,-3480-96,6,-3480-95,6,-3480-94,6,-3480-93,6,-3480-92,6,-3480-91,6,-3480-90,6,-3480-89,6,-3480-88,6,-3480-87,6,-3480-86,6,-3480-85,6,-3480-84,6,-3480-83,6,-3480-82,6,-3480-81,6,-3480-80,6,-3480-79,6,-3480-78,6,-3480-77,6,-3480-76,6,-3480-75,6,-3480-74,6,-3480-73,6,-3480-72,6,-3480-71,6,-3480-70,6,-3480-69,6,-3480-68,6,-3480-67,6,-3480-66,6,-3480-65,6,-3480-64,6,-3480-63,6,-3480-62,6,-3480-61,6,-3480-60,6,-3480-59,6,-3480-58,6,-3480-57,6,-3480-56,6,-3480-55,6,-3480-54,6,-3480-53,6,-3480-52,6,-3480-51,6,-3480-50,6,-3480-49,6,-3480-48,6,-3040-47,6,-1600-46,6,-720-45,6,-400-44,6,-280-43,6,-120-42,6,-40-41,6,40-40,6,80-39,6,160-38,6,240-37,6,280-36,6,440-35,6,680-34,6,1040-33,6,1240-32,6,1360-31,6,1200-30,6,640-29,6,200-28,6,0-27,6,-80-26,6,-80-25,6,-80-24,6,0-23,6,120-22,6,160-21,6,240-20,6,320-19,6,360-18,6,360-17,6,440-16,6,440-15,6,400-14,6,360-13,6,200-12,6,200-11,6,200-10,6,240-9,6,160-8,6,240-7,6,280-6,6,320-5,6,240-4,6,240-3,6,200-2,6,200-1,6,1600,6,2001,6,2002,6,3203,6,4404,6,4405,6,4006,6,3607,6,4008,6,4009,6,40010,6,48011,6,56012,6,52013,6,44014,6,40015,6,32016,6,36017,6,44018,6,60019,6,76020,6,112021,6,164022,6,200023,6,224024,6,232025,6,236026,6,240027,6,236028,6,252029,6,252030,6,252031,6,252032,6,228033,6,208034,6,188035,6,172036,6,160037,6,128038,6,64039,6,36040,6,16041,6,-12042,6,-64043,6,-108044,6,-164045,6,-220046,6,-260047,6,-296048,6,-348049,6,-348050,6,-348051,6,-348052,6,-348053,6,-348054,6,-348055,6,-348056,6,-348057,6,-348058,6,-348059,6,-348060,6,-348061,6,-348062,6,-348063,6,-348064,6,-348065,6,-348066,6,-348067,6,-348068,6,-348069,6,-348070,6,-348071,6,-348072,6,-348073,6,-348074,6,-348075,6,-348076,6,-348077,6,-348078,6,-348079,6,-348080,6,-348081,6,-348082,6,-348083,6,-348084,6,-348085,6,-348086,6,-348087,6,-348088,6,-348089,6,-344090,6,-340091,6,-328092,6,-316093,6,-264094,6,-212095,6,-168096,6,-112097,6,-60098,6,-24099,6,-160100,6,-160101,6,-160102,6,-160103,6,-80104,6,-200105,6,-1200106,6,-2400107,6,-3360108,6,-3480109,6,-3480110,6,-3480111,6,-3480112,6,-3480113,6,-3480114,6,-3480115,6,-3480116,6,-3480117,6,-3480118,6,-3480119,6,-3480120,6,-3480121,6,-3480122,6,-3480123,6,-3480124,6,-3480125,6,-3480126,6,-3480127,6,-3480128,6,-3480129,6,-3480130,6,-3480131,6,-3480132,6,-3480133,6,-3480134,6,-3480135,6,-3480136,6,-3480137,6,-3480138,6,-3480139,6,-3480140,6,-3480141,6,-3480142,6,-3480143,6,-3480144,6,-3480145,6,-3480146,6,-3480147,6,-3480148,6,-3480149,6,-3480150,6,-3480151,6,-3480152,6,-3480153,6,-3480154,6,-3480155,6,-3480156,6,-3480157,6,-3480158,6,-3480159,6,-3480160,6,-3480161,6,-3480162,6,-3480163,6,-3480164,6,-3480165,6,-3480166,6,-3480167,6,-3480168,6,-3480169,6,-3480170,6,-3480171,6,-3480172,6,-3480173,6,-3480174,6,-3480175,6,-3480176,6,-3480177,6,-3480178,6,-3480179,6,-3480-180,5,-3480-179,5,-3480-178,5,-3480-177,5,-3480-176,5,-3480-175,5,-3480-174,5,-3480-173,5,-3480-172,5,-3480-171,5,-3480-170,5,-3480-169,5,-3480-168,5,-3480-167,5,-3480-166,5,-3480-165,5,-3480-164,5,-3480-163,5,-3480-162,5,-3480-161,5,-3480-160,5,-3480-159,5,-3480-158,5,-3480-157,5,-3480-156,5,-3480-155,5,-3480-154,5,-3480-153,5,-3480-152,5,-3480-151,5,-3480-150,5,-3480-149,5,-3480-148,5,-3480-147,5,-3480-146,5,-3480-145,5,-3480-144,5,-3480-143,5,-3480-142,5,-3480-141,5,-3480-140,5,-3480-139,5,-3480-138,5,-3480-137,5,-3480-136,5,-3480-135,5,-3480-134,5,-3480-133,5,-3480-132,5,-3480-131,5,-3480-130,5,-3480-129,5,-3480-128,5,-3480-127,5,-3480-126,5,-3480-125,5,-3480-124,5,-3480-123,5,-3480-122,5,-3480-121,5,-3480-120,5,-3480-119,5,-3480-118,5,-3480-117,5,-3480-116,5,-3480-115,5,-3480-114,5,-3480-113,5,-3480-112,5,-3480-111,5,-3480-110,5,-3480-109,5,-3480-108,5,-3480-107,5,-3480-106,5,-3480-105,5,-3480-104,5,-3480-103,5,-3480-102,5,-3480-101,5,-3480-100,5,-3480-99,5,-3480-98,5,-3480-97,5,-3480-96,5,-3480-95,5,-3480-94,5,-3480-93,5,-3480-92,5,-3480-91,5,-3480-90,5,-3480-89,5,-3480-88,5,-3480-87,5,-3480-86,5,-3480-85,5,-3480-84,5,-3480-83,5,-3480-82,5,-3480-81,5,-3480-80,5,-3480-79,5,-3480-78,5,-3480-77,5,-3480-76,5,-3480-75,5,-3480-74,5,-3480-73,5,-3480-72,5,-3480-71,5,-3480-70,5,-3480-69,5,-3480-68,5,-3480-67,5,-3480-66,5,-3480-65,5,-3480-64,5,-3480-63,5,-3480-62,5,-3480-61,5,-3480-60,5,-3480-59,5,-3480-58,5,-3480-57,5,-3480-56,5,-3480-55,5,-3480-54,5,-3480-53,5,-3480-52,5,-3480-51,5,-3480-50,5,-3480-49,5,-3440-48,5,-2880-47,5,-1240-46,5,-640-45,5,-360-44,5,-200-43,5,-40-42,5,40-41,5,160-40,5,200-39,5,240-38,5,360-37,5,520-36,5,680-35,5,840-34,5,1120-33,5,1440-32,5,1920-31,5,1240-30,5,520-29,5,120-28,5,-40-27,5,-80-26,5,-80-25,5,0-24,5,40-23,5,120-22,5,240-21,5,280-20,5,320-19,5,360-18,5,400-17,5,360-16,5,440-15,5,400-14,5,360-13,5,240-12,5,240-11,5,200-10,5,240-9,5,240-8,5,240-7,5,240-6,5,280-5,5,280-4,5,240-3,5,200-2,5,240-1,5,2800,5,1201,5,2802,5,4003,5,4404,5,4005,5,4406,5,4007,5,4408,5,4809,5,56010,5,60011,5,72012,5,64013,5,60014,5,56015,5,60016,5,60017,5,80018,5,108019,5,156020,5,212021,5,224022,5,236023,5,248024,5,260025,5,248026,5,240027,5,232028,5,228029,5,228030,5,224031,5,216032,5,216033,5,176034,5,136035,5,104036,5,80037,5,20038,5,-24039,5,-36040,5,-56041,5,-124042,5,-192043,5,-240044,5,-280045,5,-340046,5,-344047,5,-348048,5,-348049,5,-348050,5,-348051,5,-348052,5,-348053,5,-348054,5,-348055,5,-348056,5,-348057,5,-348058,5,-348059,5,-348060,5,-348061,5,-348062,5,-348063,5,-348064,5,-348065,5,-348066,5,-348067,5,-348068,5,-348069,5,-348070,5,-348071,5,-348072,5,-348073,5,-348074,5,-348075,5,-348076,5,-348077,5,-348078,5,-348079,5,-348080,5,-348081,5,-348082,5,-348083,5,-348084,5,-348085,5,-348086,5,-348087,5,-348088,5,-348089,5,-348090,5,-348091,5,-348092,5,-340093,5,-292094,5,-240095,5,-228096,5,-172097,5,-72098,5,-24099,5,-160100,5,-160101,5,-160102,5,0103,5,0104,5,-40105,5,-960106,5,-2320107,5,-3400108,5,-3480109,5,-3480110,5,-3480111,5,-3480112,5,-3480113,5,-3480114,5,-3480115,5,-3480116,5,-3480117,5,-3480118,5,-3480119,5,-3480120,5,-3480121,5,-3480122,5,-3480123,5,-3480124,5,-3480125,5,-3480126,5,-3480127,5,-3480128,5,-3480129,5,-3480130,5,-3480131,5,-3480132,5,-3480133,5,-3480134,5,-3480135,5,-3480136,5,-3480137,5,-3480138,5,-3480139,5,-3480140,5,-3480141,5,-3480142,5,-3480143,5,-3480144,5,-3480145,5,-3480146,5,-3480147,5,-3480148,5,-3480149,5,-3480150,5,-3480151,5,-3480152,5,-3480153,5,-3480154,5,-3480155,5,-3480156,5,-3480157,5,-3480158,5,-3480159,5,-3480160,5,-3480161,5,-3480162,5,-3480163,5,-3480164,5,-3480165,5,-3480166,5,-3480167,5,-3480168,5,-3480169,5,-3480170,5,-3480171,5,-3480172,5,-3480173,5,-3480174,5,-3480175,5,-3480176,5,-3480177,5,-3480178,5,-3480179,5,-3480-180,4,-3480-179,4,-3480-178,4,-3480-177,4,-3480-176,4,-3480-175,4,-3480-174,4,-3480-173,4,-3480-172,4,-3480-171,4,-3480-170,4,-3480-169,4,-3480-168,4,-3480-167,4,-3480-166,4,-3480-165,4,-3480-164,4,-3480-163,4,-3480-162,4,-3480-161,4,-3480-160,4,-3480-159,4,-3480-158,4,-3480-157,4,-3480-156,4,-3480-155,4,-3480-154,4,-3480-153,4,-3480-152,4,-3480-151,4,-3480-150,4,-3480-149,4,-3480-148,4,-3480-147,4,-3480-146,4,-3480-145,4,-3480-144,4,-3480-143,4,-3480-142,4,-3480-141,4,-3480-140,4,-3480-139,4,-3480-138,4,-3480-137,4,-3480-136,4,-3480-135,4,-3480-134,4,-3480-133,4,-3480-132,4,-3480-131,4,-3480-130,4,-3480-129,4,-3480-128,4,-3480-127,4,-3480-126,4,-3480-125,4,-3480-124,4,-3480-123,4,-3480-122,4,-3480-121,4,-3480-120,4,-3480-119,4,-3480-118,4,-3480-117,4,-3480-116,4,-3480-115,4,-3480-114,4,-3480-113,4,-3480-112,4,-3480-111,4,-3480-110,4,-3480-109,4,-3480-108,4,-3480-107,4,-3480-106,4,-3480-105,4,-3480-104,4,-3480-103,4,-3480-102,4,-3480-101,4,-3480-100,4,-3480-99,4,-3480-98,4,-3480-97,4,-3480-96,4,-3480-95,4,-3480-94,4,-3480-93,4,-3480-92,4,-3480-91,4,-3480-90,4,-3480-89,4,-3480-88,4,-3480-87,4,-3480-86,4,-3480-85,4,-3480-84,4,-3480-83,4,-3480-82,4,-3480-81,4,-3480-80,4,-3480-79,4,-3480-78,4,-3480-77,4,-3480-76,4,-3480-75,4,-3480-74,4,-3480-73,4,-3480-72,4,-3480-71,4,-3480-70,4,-3480-69,4,-3480-68,4,-3480-67,4,-3480-66,4,-3480-65,4,-3480-64,4,-3480-63,4,-3480-62,4,-3480-61,4,-3480-60,4,-3480-59,4,-3480-58,4,-3480-57,4,-3480-56,4,-3480-55,4,-3480-54,4,-3480-53,4,-3480-52,4,-3480-51,4,-3480-50,4,-3480-49,4,-3400-48,4,-2400-47,4,-1200-46,4,-600-45,4,-320-44,4,-120-43,4,0-42,4,120-41,4,200-40,4,240-39,4,320-38,4,480-37,4,640-36,4,800-35,4,1000-34,4,1280-33,4,1640-32,4,1760-31,4,1080-30,4,400-29,4,40-28,4,-40-27,4,-80-26,4,-80-25,4,-40-24,4,40-23,4,200-22,4,200-21,4,280-20,4,320-19,4,320-18,4,320-17,4,320-16,4,360-15,4,320-14,4,280-13,4,200-12,4,200-11,4,240-10,4,240-9,4,240-8,4,160-7,4,200-6,4,240-5,4,440-4,4,640-3,4,520-2,4,360-1,4,3600,4,3601,4,3602,4,4403,4,3604,4,4005,4,3606,4,4407,4,6408,4,7609,4,92010,4,100011,4,100012,4,100013,4,96014,4,92015,4,88016,4,112017,4,140018,4,176019,4,216020,4,244021,4,224022,4,196023,4,192024,4,204025,4,172026,4,152027,4,140028,4,128029,4,116030,4,88031,4,64032,4,48033,4,28034,4,16035,4,-12036,4,-40037,4,-68038,4,-104039,4,-128040,4,-168041,4,-292042,4,-316043,4,-332044,4,-340045,4,-348046,4,-348047,4,-348048,4,-348049,4,-348050,4,-348051,4,-348052,4,-348053,4,-348054,4,-348055,4,-348056,4,-348057,4,-348058,4,-348059,4,-348060,4,-348061,4,-348062,4,-348063,4,-348064,4,-348065,4,-348066,4,-348067,4,-348068,4,-348069,4,-348070,4,-348071,4,-348072,4,-348073,4,-348074,4,-348075,4,-348076,4,-348077,4,-348078,4,-348079,4,-348080,4,-348081,4,-348082,4,-348083,4,-348084,4,-348085,4,-348086,4,-348087,4,-348088,4,-348089,4,-348090,4,-348091,4,-348092,4,-340093,4,-288094,4,-248095,4,-228096,4,-112097,4,-36098,4,-20099,4,-80100,4,-80101,4,-40102,4,160103,4,280104,4,80105,4,-360106,4,-2280107,4,-3320108,4,-3480109,4,-3480110,4,-3480111,4,-3480112,4,-3480113,4,-3480114,4,-3480115,4,-3480116,4,-3480117,4,-3480118,4,-3480119,4,-3480120,4,-3480121,4,-3480122,4,-3480123,4,-3480124,4,-3480125,4,-3480126,4,-3480127,4,-3480128,4,-3480129,4,-3480130,4,-3480131,4,-3480132,4,-3480133,4,-3480134,4,-3480135,4,-3480136,4,-3480137,4,-3480138,4,-3480139,4,-3480140,4,-3480141,4,-3480142,4,-3480143,4,-3480144,4,-3480145,4,-3480146,4,-3480147,4,-3480148,4,-3480149,4,-3480150,4,-3480151,4,-3480152,4,-3480153,4,-3480154,4,-3480155,4,-3480156,4,-3480157,4,-3480158,4,-3480159,4,-3480160,4,-3480161,4,-3480162,4,-3480163,4,-3480164,4,-3480165,4,-3480166,4,-3480167,4,-3480168,4,-3480169,4,-3480170,4,-3480171,4,-3480172,4,-3480173,4,-3480174,4,-3480175,4,-3480176,4,-3480177,4,-3480178,4,-3480179,4,-3480-180,3,-3480-179,3,-3480-178,3,-3480-177,3,-3480-176,3,-3480-175,3,-3480-174,3,-3480-173,3,-3480-172,3,-3480-171,3,-3480-170,3,-3480-169,3,-3480-168,3,-3480-167,3,-3480-166,3,-3480-165,3,-3480-164,3,-3480-163,3,-3480-162,3,-3480-161,3,-3480-160,3,-3480-159,3,-3480-158,3,-3480-157,3,-3480-156,3,-3480-155,3,-3480-154,3,-3480-153,3,-3480-152,3,-3480-151,3,-3480-150,3,-3480-149,3,-3480-148,3,-3480-147,3,-3480-146,3,-3480-145,3,-3480-144,3,-3480-143,3,-3480-142,3,-3480-141,3,-3480-140,3,-3480-139,3,-3480-138,3,-3480-137,3,-3480-136,3,-3480-135,3,-3480-134,3,-3480-133,3,-3480-132,3,-3480-131,3,-3480-130,3,-3480-129,3,-3480-128,3,-3480-127,3,-3480-126,3,-3480-125,3,-3480-124,3,-3480-123,3,-3480-122,3,-3480-121,3,-3480-120,3,-3480-119,3,-3480-118,3,-3480-117,3,-3480-116,3,-3480-115,3,-3480-114,3,-3480-113,3,-3480-112,3,-3480-111,3,-3480-110,3,-3480-109,3,-3480-108,3,-3480-107,3,-3480-106,3,-3480-105,3,-3480-104,3,-3480-103,3,-3480-102,3,-3480-101,3,-3480-100,3,-3480-99,3,-3480-98,3,-3480-97,3,-3480-96,3,-3480-95,3,-3480-94,3,-3480-93,3,-3480-92,3,-3480-91,3,-3480-90,3,-3480-89,3,-3480-88,3,-3480-87,3,-3480-86,3,-3480-85,3,-3480-84,3,-3480-83,3,-3480-82,3,-3480-81,3,-3480-80,3,-3480-79,3,-3480-78,3,-3480-77,3,-3480-76,3,-3480-75,3,-3480-74,3,-3480-73,3,-3480-72,3,-3480-71,3,-3480-70,3,-3480-69,3,-3480-68,3,-3480-67,3,-3480-66,3,-3480-65,3,-3480-64,3,-3480-63,3,-3480-62,3,-3480-61,3,-3480-60,3,-3480-59,3,-3480-58,3,-3480-57,3,-3480-56,3,-3480-55,3,-3480-54,3,-3480-53,3,-3480-52,3,-3480-51,3,-3480-50,3,-3480-49,3,-3400-48,3,-1960-47,3,-1320-46,3,-640-45,3,-320-44,3,-120-43,3,80-42,3,200-41,3,240-40,3,360-39,3,480-38,3,680-37,3,840-36,3,960-35,3,1200-34,3,1560-33,3,1760-32,3,1480-31,3,840-30,3,320-29,3,80-28,3,-80-27,3,-80-26,3,-80-25,3,-80-24,3,0-23,3,120-22,3,200-21,3,240-20,3,280-19,3,320-18,3,320-17,3,320-16,3,320-15,3,280-14,3,280-13,3,240-12,3,240-11,3,240-10,3,240-9,3,280-8,3,280-7,3,400-6,3,680-5,3,840-4,3,1080-3,3,840-2,3,680-1,3,4800,3,4401,3,4002,3,3603,3,3204,3,3205,3,2806,3,4407,3,8408,3,12009,3,140010,3,152011,3,136012,3,132013,3,136014,3,136015,3,132016,3,176017,3,208018,3,228019,3,240020,3,204021,3,188022,3,160023,3,156024,3,144025,3,116026,3,88027,3,40028,3,029,3,-24030,3,-52031,3,-72032,3,-92033,3,-104034,3,-116035,3,-120036,3,-128037,3,-148038,3,-180039,3,-208040,3,-232041,3,-256042,3,-336043,3,-344044,3,-348045,3,-348046,3,-348047,3,-348048,3,-348049,3,-348050,3,-348051,3,-348052,3,-348053,3,-348054,3,-348055,3,-348056,3,-348057,3,-348058,3,-348059,3,-348060,3,-348061,3,-348062,3,-348063,3,-348064,3,-348065,3,-348066,3,-348067,3,-348068,3,-348069,3,-348070,3,-348071,3,-348072,3,-348073,3,-348074,3,-348075,3,-348076,3,-348077,3,-348078,3,-348079,3,-348080,3,-348081,3,-348082,3,-348083,3,-348084,3,-348085,3,-348086,3,-348087,3,-348088,3,-348089,3,-348090,3,-348091,3,-348092,3,-328093,3,-264094,3,-180095,3,-92096,3,-44097,3,-24098,3,-12099,3,-120100,3,-160101,3,80102,3,560103,3,600104,3,320105,3,-240106,3,-2120107,3,-3240108,3,-3480109,3,-3480110,3,-3480111,3,-3480112,3,-3480113,3,-3480114,3,-3480115,3,-3480116,3,-3480117,3,-3480118,3,-3480119,3,-3480120,3,-3480121,3,-3480122,3,-3480123,3,-3480124,3,-3480125,3,-3480126,3,-3480127,3,-3480128,3,-3480129,3,-3480130,3,-3480131,3,-3480132,3,-3480133,3,-3480134,3,-3480135,3,-3480136,3,-3480137,3,-3480138,3,-3480139,3,-3480140,3,-3480141,3,-3480142,3,-3480143,3,-3480144,3,-3480145,3,-3480146,3,-3480147,3,-3480148,3,-3480149,3,-3480150,3,-3480151,3,-3480152,3,-3480153,3,-3480154,3,-3480155,3,-3480156,3,-3480157,3,-3480158,3,-3480159,3,-3480160,3,-3480161,3,-3480162,3,-3480163,3,-3480164,3,-3480165,3,-3480166,3,-3480167,3,-3480168,3,-3480169,3,-3480170,3,-3480171,3,-3480172,3,-3480173,3,-3480174,3,-3480175,3,-3480176,3,-3480177,3,-3480178,3,-3480179,3,-3480-180,2,-3480-179,2,-3480-178,2,-3480-177,2,-3480-176,2,-3480-175,2,-3480-174,2,-3480-173,2,-3480-172,2,-3480-171,2,-3480-170,2,-3480-169,2,-3480-168,2,-3480-167,2,-3480-166,2,-3480-165,2,-3480-164,2,-3480-163,2,-3480-162,2,-3480-161,2,-3480-160,2,-3480-159,2,-3480-158,2,-3480-157,2,-3480-156,2,-3480-155,2,-3480-154,2,-3480-153,2,-3480-152,2,-3480-151,2,-3480-150,2,-3480-149,2,-3480-148,2,-3480-147,2,-3480-146,2,-3480-145,2,-3480-144,2,-3480-143,2,-3480-142,2,-3480-141,2,-3480-140,2,-3480-139,2,-3480-138,2,-3480-137,2,-3480-136,2,-3480-135,2,-3480-134,2,-3480-133,2,-3480-132,2,-3480-131,2,-3480-130,2,-3480-129,2,-3480-128,2,-3480-127,2,-3480-126,2,-3480-125,2,-3480-124,2,-3480-123,2,-3480-122,2,-3480-121,2,-3480-120,2,-3480-119,2,-3480-118,2,-3480-117,2,-3480-116,2,-3480-115,2,-3480-114,2,-3480-113,2,-3480-112,2,-3480-111,2,-3480-110,2,-3480-109,2,-3480-108,2,-3480-107,2,-3480-106,2,-3480-105,2,-3480-104,2,-3480-103,2,-3480-102,2,-3480-101,2,-3480-100,2,-3480-99,2,-3480-98,2,-3480-97,2,-3480-96,2,-3480-95,2,-3480-94,2,-3480-93,2,-3480-92,2,-3480-91,2,-3480-90,2,-3480-89,2,-3480-88,2,-3480-87,2,-3480-86,2,-3480-85,2,-3480-84,2,-3480-83,2,-3480-82,2,-3480-81,2,-3480-80,2,-3480-79,2,-3480-78,2,-3480-77,2,-3480-76,2,-3480-75,2,-3480-74,2,-3480-73,2,-3480-72,2,-3480-71,2,-3480-70,2,-3480-69,2,-3480-68,2,-3480-67,2,-3480-66,2,-3480-65,2,-3480-64,2,-3480-63,2,-3480-62,2,-3480-61,2,-3480-60,2,-3480-59,2,-3480-58,2,-3480-57,2,-3480-56,2,-3480-55,2,-3480-54,2,-3480-53,2,-3480-52,2,-3480-51,2,-3480-50,2,-3480-49,2,-3320-48,2,-1840-47,2,-1480-46,2,-720-45,2,-360-44,2,-160-43,2,0-42,2,160-41,2,200-40,2,320-39,2,480-38,2,720-37,2,1000-36,2,1280-35,2,1520-34,2,1840-33,2,1560-32,2,1240-31,2,680-30,2,200-29,2,0-28,2,-120-27,2,-120-26,2,-80-25,2,-80-24,2,-80-23,2,80-22,2,120-21,2,200-20,2,200-19,2,240-18,2,280-17,2,320-16,2,240-15,2,240-14,2,240-13,2,200-12,2,200-11,2,240-10,2,280-9,2,360-8,2,440-7,2,800-6,2,1240-5,2,1560-4,2,1560-3,2,1440-2,2,800-1,2,4800,2,4001,2,3202,2,2803,2,2804,2,2805,2,2806,2,4807,2,8808,2,12809,2,172010,2,188011,2,176012,2,184013,2,172014,2,176015,2,208016,2,224017,2,252018,2,244019,2,208020,2,172021,2,152022,2,128023,2,124024,2,96025,2,48026,2,-8027,2,-72028,2,-136029,2,-180030,2,-220031,2,-240032,2,-256033,2,-260034,2,-268035,2,-256036,2,-240037,2,-232038,2,-232039,2,-240040,2,-248041,2,-256042,2,-268043,2,-336044,2,-348045,2,-348046,2,-348047,2,-348048,2,-348049,2,-348050,2,-348051,2,-348052,2,-348053,2,-348054,2,-348055,2,-348056,2,-348057,2,-348058,2,-348059,2,-348060,2,-348061,2,-348062,2,-348063,2,-348064,2,-348065,2,-348066,2,-348067,2,-348068,2,-348069,2,-348070,2,-348071,2,-348072,2,-348073,2,-348074,2,-348075,2,-348076,2,-348077,2,-348078,2,-348079,2,-348080,2,-348081,2,-348082,2,-348083,2,-348084,2,-348085,2,-348086,2,-348087,2,-348088,2,-348089,2,-348090,2,-348091,2,-344092,2,-284093,2,-164094,2,-88095,2,-44096,2,-28097,2,-20098,2,-16099,2,-160100,2,-40101,2,240102,2,800103,2,920104,2,440105,2,-160106,2,-1960107,2,-3160108,2,-3400109,2,-3480110,2,-3480111,2,-3480112,2,-3480113,2,-3480114,2,-3480115,2,-3480116,2,-3480117,2,-3480118,2,-3480119,2,-3480120,2,-3480121,2,-3480122,2,-3480123,2,-3480124,2,-3480125,2,-3480126,2,-3480127,2,-3480128,2,-3480129,2,-3480130,2,-3480131,2,-3480132,2,-3480133,2,-3480134,2,-3480135,2,-3480136,2,-3480137,2,-3480138,2,-3480139,2,-3480140,2,-3480141,2,-3480142,2,-3480143,2,-3480144,2,-3480145,2,-3480146,2,-3480147,2,-3480148,2,-3480149,2,-3480150,2,-3480151,2,-3480152,2,-3480153,2,-3480154,2,-3480155,2,-3480156,2,-3480157,2,-3480158,2,-3480159,2,-3480160,2,-3480161,2,-3480162,2,-3480163,2,-3480164,2,-3480165,2,-3480166,2,-3480167,2,-3480168,2,-3480169,2,-3480170,2,-3480171,2,-3480172,2,-3480173,2,-3480174,2,-3480175,2,-3480176,2,-3480177,2,-3480178,2,-3480179,2,-3480-180,1,-3480-179,1,-3480-178,1,-3480-177,1,-3480-176,1,-3480-175,1,-3480-174,1,-3480-173,1,-3480-172,1,-3480-171,1,-3480-170,1,-3480-169,1,-3480-168,1,-3480-167,1,-3480-166,1,-3480-165,1,-3480-164,1,-3480-163,1,-3480-162,1,-3480-161,1,-3480-160,1,-3480-159,1,-3480-158,1,-3480-157,1,-3480-156,1,-3480-155,1,-3480-154,1,-3480-153,1,-3480-152,1,-3480-151,1,-3480-150,1,-3480-149,1,-3480-148,1,-3480-147,1,-3480-146,1,-3480-145,1,-3480-144,1,-3480-143,1,-3480-142,1,-3480-141,1,-3480-140,1,-3480-139,1,-3480-138,1,-3480-137,1,-3480-136,1,-3480-135,1,-3480-134,1,-3480-133,1,-3480-132,1,-3480-131,1,-3480-130,1,-3480-129,1,-3480-128,1,-3480-127,1,-3480-126,1,-3480-125,1,-3480-124,1,-3480-123,1,-3480-122,1,-3480-121,1,-3480-120,1,-3480-119,1,-3480-118,1,-3480-117,1,-3480-116,1,-3480-115,1,-3480-114,1,-3480-113,1,-3480-112,1,-3480-111,1,-3480-110,1,-3480-109,1,-3480-108,1,-3480-107,1,-3480-106,1,-3480-105,1,-3480-104,1,-3480-103,1,-3480-102,1,-3480-101,1,-3480-100,1,-3480-99,1,-3480-98,1,-3480-97,1,-3480-96,1,-3480-95,1,-3480-94,1,-3480-93,1,-3480-92,1,-3480-91,1,-3480-90,1,-3480-89,1,-3480-88,1,-3480-87,1,-3480-86,1,-3480-85,1,-3480-84,1,-3480-83,1,-3480-82,1,-3480-81,1,-3480-80,1,-3480-79,1,-3480-78,1,-3480-77,1,-3480-76,1,-3480-75,1,-3480-74,1,-3480-73,1,-3480-72,1,-3480-71,1,-3480-70,1,-3480-69,1,-3480-68,1,-3480-67,1,-3480-66,1,-3480-65,1,-3480-64,1,-3480-63,1,-3480-62,1,-3480-61,1,-3480-60,1,-3480-59,1,-3480-58,1,-3480-57,1,-3480-56,1,-3480-55,1,-3480-54,1,-3480-53,1,-3480-52,1,-3480-51,1,-3480-50,1,-3480-49,1,-3160-48,1,-1840-47,1,-1600-46,1,-880-45,1,-480-44,1,-360-43,1,-160-42,1,-40-41,1,40-40,1,120-39,1,160-38,1,560-37,1,1040-36,1,1480-35,1,1720-34,1,1520-33,1,1240-32,1,880-31,1,400-30,1,80-29,1,-80-28,1,-120-27,1,-120-26,1,-80-25,1,-120-24,1,-40-23,1,40-22,1,80-21,1,120-20,1,160-19,1,200-18,1,240-17,1,280-16,1,240-15,1,240-14,1,200-13,1,200-12,1,200-11,1,240-10,1,320-9,1,480-8,1,880-7,1,1320-6,1,1840-5,1,1520-4,1,1520-3,1,1120-2,1,680-1,1,4000,1,3601,1,2802,1,2403,1,2804,1,2405,1,2806,1,4407,1,7608,1,12809,1,168010,1,188011,1,200012,1,208013,1,208014,1,216015,1,236016,1,248017,1,264018,1,256019,1,240020,1,148021,1,132022,1,104023,1,72024,1,28025,1,-44026,1,-156027,1,-268028,1,-304029,1,-320030,1,-328031,1,-328032,1,-320033,1,-316034,1,-316035,1,-316036,1,-324037,1,-316038,1,-312039,1,-300040,1,-304041,1,-312042,1,-312043,1,-324044,1,-336045,1,-348046,1,-348047,1,-348048,1,-348049,1,-348050,1,-348051,1,-348052,1,-348053,1,-348054,1,-348055,1,-348056,1,-348057,1,-348058,1,-348059,1,-348060,1,-348061,1,-348062,1,-348063,1,-348064,1,-348065,1,-348066,1,-348067,1,-348068,1,-348069,1,-348070,1,-348071,1,-348072,1,-348073,1,-348074,1,-348075,1,-348076,1,-348077,1,-348078,1,-348079,1,-348080,1,-348081,1,-348082,1,-348083,1,-348084,1,-348085,1,-348086,1,-348087,1,-348088,1,-348089,1,-348090,1,-344091,1,-288092,1,-180093,1,-96094,1,-48095,1,-28096,1,-24097,1,-16098,1,-16099,1,-160100,1,0101,1,320102,1,960103,1,920104,1,480105,1,-80106,1,-1080107,1,-2880108,1,-3440109,1,-3480110,1,-3480111,1,-3480112,1,-3480113,1,-3480114,1,-3480115,1,-3480116,1,-3480117,1,-3480118,1,-3480119,1,-3480120,1,-3480121,1,-3480122,1,-3480123,1,-3480124,1,-3480125,1,-3480126,1,-3480127,1,-3480128,1,-3480129,1,-3480130,1,-3480131,1,-3480132,1,-3480133,1,-3480134,1,-3480135,1,-3480136,1,-3480137,1,-3480138,1,-3480139,1,-3480140,1,-3480141,1,-3480142,1,-3480143,1,-3480144,1,-3480145,1,-3480146,1,-3480147,1,-3480148,1,-3480149,1,-3480150,1,-3480151,1,-3480152,1,-3480153,1,-3480154,1,-3480155,1,-3480156,1,-3480157,1,-3480158,1,-3480159,1,-3480160,1,-3480161,1,-3480162,1,-3480163,1,-3480164,1,-3480165,1,-3480166,1,-3480167,1,-3480168,1,-3480169,1,-3480170,1,-3480171,1,-3480172,1,-3480173,1,-3480174,1,-3480175,1,-3480176,1,-3480177,1,-3480178,1,-3480179,1,-3480-180,0,-3480-179,0,-3480-178,0,-3480-177,0,-3480-176,0,-3480-175,0,-3480-174,0,-3480-173,0,-3480-172,0,-3480-171,0,-3480-170,0,-3480-169,0,-3480-168,0,-3480-167,0,-3480-166,0,-3480-165,0,-3480-164,0,-3480-163,0,-3480-162,0,-3480-161,0,-3480-160,0,-3480-159,0,-3480-158,0,-3480-157,0,-3480-156,0,-3480-155,0,-3480-154,0,-3480-153,0,-3480-152,0,-3480-151,0,-3480-150,0,-3480-149,0,-3480-148,0,-3480-147,0,-3480-146,0,-3480-145,0,-3480-144,0,-3480-143,0,-3480-142,0,-3480-141,0,-3480-140,0,-3480-139,0,-3480-138,0,-3480-137,0,-3480-136,0,-3480-135,0,-3480-134,0,-3480-133,0,-3480-132,0,-3480-131,0,-3480-130,0,-3480-129,0,-3480-128,0,-3480-127,0,-3480-126,0,-3480-125,0,-3480-124,0,-3480-123,0,-3480-122,0,-3480-121,0,-3480-120,0,-3480-119,0,-3480-118,0,-3480-117,0,-3480-116,0,-3480-115,0,-3480-114,0,-3480-113,0,-3480-112,0,-3480-111,0,-3480-110,0,-3480-109,0,-3480-108,0,-3480-107,0,-3480-106,0,-3480-105,0,-3480-104,0,-3480-103,0,-3480-102,0,-3480-101,0,-3480-100,0,-3480-99,0,-3480-98,0,-3480-97,0,-3480-96,0,-3480-95,0,-3480-94,0,-3480-93,0,-3480-92,0,-3480-91,0,-3480-90,0,-3480-89,0,-3480-88,0,-3480-87,0,-3480-86,0,-3480-85,0,-3480-84,0,-3480-83,0,-3480-82,0,-3480-81,0,-3480-80,0,-3480-79,0,-3480-78,0,-3480-77,0,-3480-76,0,-3480-75,0,-3480-74,0,-3480-73,0,-3480-72,0,-3480-71,0,-3480-70,0,-3480-69,0,-3480-68,0,-3480-67,0,-3480-66,0,-3480-65,0,-3480-64,0,-3480-63,0,-3480-62,0,-3480-61,0,-3480-60,0,-3480-59,0,-3480-58,0,-3480-57,0,-3480-56,0,-3480-55,0,-3480-54,0,-3480-53,0,-3480-52,0,-3480-51,0,-3480-50,0,-3520-49,0,-2640-48,0,-1800-47,0,-1680-46,0,-1240-45,0,-720-44,0,-520-43,0,-480-42,0,-320-41,0,-200-40,0,-120-39,0,80-38,0,480-37,0,920-36,0,1240-35,0,1280-34,0,1160-33,0,920-32,0,520-31,0,160-30,0,0-29,0,-120-28,0,-120-27,0,-120-26,0,-80-25,0,-80-24,0,-40-23,0,-40-22,0,0-21,0,40-20,0,120-19,0,160-18,0,240-17,0,200-16,0,200-15,0,200-14,0,200-13,0,200-12,0,200-11,0,240-10,0,440-9,0,680-8,0,1080-7,0,2000-6,0,1720-5,0,1840-4,0,1280-3,0,880-2,0,520-1,0,3200,0,2801,0,2802,0,2803,0,2804,0,2805,0,3206,0,4007,0,6408,0,10809,0,144010,0,180011,0,208012,0,224013,0,220014,0,232015,0,260016,0,276017,0,268018,0,264019,0,216020,0,120021,0,104022,0,60023,0,20024,0,-80025,0,-224026,0,-304027,0,-340028,0,-344029,0,-344030,0,-340031,0,-336032,0,-328033,0,-328034,0,-328035,0,-336036,0,-340037,0,-340038,0,-344039,0,-348040,0,-348041,0,-348042,0,-348043,0,-348044,0,-348045,0,-348046,0,-348047,0,-348048,0,-348049,0,-348050,0,-348051,0,-348052,0,-348053,0,-348054,0,-348055,0,-348056,0,-348057,0,-348058,0,-348059,0,-348060,0,-348061,0,-348062,0,-348063,0,-348064,0,-348065,0,-348066,0,-348067,0,-348068,0,-348069,0,-348070,0,-348071,0,-348072,0,-348073,0,-348074,0,-348075,0,-348076,0,-348077,0,-348078,0,-348079,0,-348080,0,-348081,0,-348082,0,-348083,0,-348084,0,-348085,0,-348086,0,-348087,0,-348088,0,-348089,0,-344090,0,-280091,0,-188092,0,-108093,0,-52094,0,-32095,0,-24096,0,-16097,0,-16098,0,-16099,0,-120100,0,40101,0,360102,0,800103,0,840104,0,520105,0,160106,0,-680107,0,-2600108,0,-3400109,0,-3480110,0,-3480111,0,-3480112,0,-3480113,0,-3480114,0,-3480115,0,-3480116,0,-3480117,0,-3480118,0,-3480119,0,-3480120,0,-3480121,0,-3480122,0,-3480123,0,-3480124,0,-3480125,0,-3480126,0,-3480127,0,-3480128,0,-3480129,0,-3480130,0,-3480131,0,-3480132,0,-3480133,0,-3480134,0,-3480135,0,-3480136,0,-3480137,0,-3480138,0,-3480139,0,-3480140,0,-3480141,0,-3480142,0,-3480143,0,-3480144,0,-3480145,0,-3480146,0,-3480147,0,-3480148,0,-3480149,0,-3480150,0,-3480151,0,-3480152,0,-3480153,0,-3480154,0,-3480155,0,-3480156,0,-3480157,0,-3480158,0,-3480159,0,-3480160,0,-3480161,0,-3480162,0,-3480163,0,-3480164,0,-3480165,0,-3480166,0,-3480167,0,-3480168,0,-3480169,0,-3480170,0,-3480171,0,-3480172,0,-3480173,0,-3480174,0,-3480175,0,-3480176,0,-3480177,0,-3480178,0,-3480179,0,-3480-180,-1,-3480-179,-1,-3480-178,-1,-3480-177,-1,-3480-176,-1,-3480-175,-1,-3480-174,-1,-3480-173,-1,-3480-172,-1,-3480-171,-1,-3480-170,-1,-3480-169,-1,-3480-168,-1,-3480-167,-1,-3480-166,-1,-3480-165,-1,-3480-164,-1,-3480-163,-1,-3480-162,-1,-3480-161,-1,-3480-160,-1,-3480-159,-1,-3480-158,-1,-3480-157,-1,-3480-156,-1,-3480-155,-1,-3480-154,-1,-3480-153,-1,-3480-152,-1,-3480-151,-1,-3480-150,-1,-3480-149,-1,-3480-148,-1,-3480-147,-1,-3480-146,-1,-3480-145,-1,-3480-144,-1,-3480-143,-1,-3480-142,-1,-3480-141,-1,-3480-140,-1,-3480-139,-1,-3480-138,-1,-3480-137,-1,-3480-136,-1,-3480-135,-1,-3480-134,-1,-3480-133,-1,-3480-132,-1,-3480-131,-1,-3480-130,-1,-3480-129,-1,-3480-128,-1,-3480-127,-1,-3480-126,-1,-3480-125,-1,-3480-124,-1,-3480-123,-1,-3480-122,-1,-3480-121,-1,-3480-120,-1,-3480-119,-1,-3480-118,-1,-3480-117,-1,-3480-116,-1,-3480-115,-1,-3480-114,-1,-3480-113,-1,-3480-112,-1,-3480-111,-1,-3480-110,-1,-3480-109,-1,-3480-108,-1,-3480-107,-1,-3480-106,-1,-3480-105,-1,-3480-104,-1,-3480-103,-1,-3480-102,-1,-3480-101,-1,-3480-100,-1,-3480-99,-1,-3480-98,-1,-3480-97,-1,-3480-96,-1,-3480-95,-1,-3480-94,-1,-3480-93,-1,-3480-92,-1,-3480-91,-1,-3480-90,-1,-3480-89,-1,-3480-88,-1,-3480-87,-1,-3480-86,-1,-3480-85,-1,-3480-84,-1,-3480-83,-1,-3480-82,-1,-3480-81,-1,-3480-80,-1,-3480-79,-1,-3480-78,-1,-3480-77,-1,-3480-76,-1,-3480-75,-1,-3480-74,-1,-3480-73,-1,-3480-72,-1,-3480-71,-1,-3480-70,-1,-3480-69,-1,-3480-68,-1,-3480-67,-1,-3480-66,-1,-3480-65,-1,-3480-64,-1,-3480-63,-1,-3480-62,-1,-3480-61,-1,-3400-60,-1,-3480-59,-1,-3480-58,-1,-3480-57,-1,-3480-56,-1,-3480-55,-1,-3480-54,-1,-3480-53,-1,-3480-52,-1,-3480-51,-1,-3480-50,-1,-3360-49,-1,-2080-48,-1,-1720-47,-1,-1680-46,-1,-1560-45,-1,-1120-44,-1,-760-43,-1,-640-42,-1,-560-41,-1,-400-40,-1,-240-39,-1,0-38,-1,360-37,-1,760-36,-1,880-35,-1,880-34,-1,720-33,-1,520-32,-1,160-31,-1,0-30,-1,-120-29,-1,-120-28,-1,-120-27,-1,-80-26,-1,-80-25,-1,-40-24,-1,-40-23,-1,-40-22,-1,0-21,-1,0-20,-1,80-19,-1,120-18,-1,120-17,-1,160-16,-1,200-15,-1,160-14,-1,160-13,-1,160-12,-1,200-11,-1,360-10,-1,480-9,-1,760-8,-1,1480-7,-1,1840-6,-1,1680-5,-1,1200-4,-1,880-3,-1,600-2,-1,440-1,-1,3200,-1,2801,-1,2802,-1,3603,-1,4004,-1,4005,-1,4806,-1,5607,-1,8408,-1,12409,-1,168010,-1,200011,-1,232012,-1,236013,-1,240014,-1,264015,-1,292016,-1,272017,-1,240018,-1,156019,-1,120020,-1,104021,-1,60022,-1,16023,-1,-76024,-1,-204025,-1,-316026,-1,-340027,-1,-348028,-1,-348029,-1,-348030,-1,-344031,-1,-340032,-1,-340033,-1,-340034,-1,-340035,-1,-344036,-1,-348037,-1,-348038,-1,-348039,-1,-348040,-1,-348041,-1,-348042,-1,-348043,-1,-348044,-1,-348045,-1,-348046,-1,-348047,-1,-348048,-1,-348049,-1,-348050,-1,-348051,-1,-348052,-1,-348053,-1,-348054,-1,-348055,-1,-348056,-1,-348057,-1,-348058,-1,-348059,-1,-348060,-1,-348061,-1,-348062,-1,-348063,-1,-348064,-1,-348065,-1,-348066,-1,-348067,-1,-348068,-1,-348069,-1,-348070,-1,-348071,-1,-348072,-1,-348073,-1,-348074,-1,-348075,-1,-348076,-1,-348077,-1,-348078,-1,-348079,-1,-348080,-1,-348081,-1,-348082,-1,-348083,-1,-348084,-1,-348085,-1,-348086,-1,-348087,-1,-348088,-1,-352089,-1,-288090,-1,-192091,-1,-112092,-1,-52093,-1,-36094,-1,-24095,-1,-16096,-1,-16097,-1,-16098,-1,-16099,-1,-120100,-1,40101,-1,400102,-1,680103,-1,680104,-1,560105,-1,200106,-1,-360107,-1,-1600108,-1,-3200109,-1,-3480110,-1,-3480111,-1,-3480112,-1,-3480113,-1,-3480114,-1,-3480115,-1,-3480116,-1,-3480117,-1,-3480118,-1,-3480119,-1,-3480120,-1,-3480121,-1,-3480122,-1,-3480123,-1,-3480124,-1,-3480125,-1,-3480126,-1,-3480127,-1,-3480128,-1,-3480129,-1,-3480130,-1,-3480131,-1,-3480132,-1,-3480133,-1,-3480134,-1,-3480135,-1,-3480136,-1,-3480137,-1,-3480138,-1,-3480139,-1,-3480140,-1,-3480141,-1,-3480142,-1,-3480143,-1,-3480144,-1,-3480145,-1,-3480146,-1,-3480147,-1,-3480148,-1,-3480149,-1,-3480150,-1,-3480151,-1,-3480152,-1,-3480153,-1,-3480154,-1,-3480155,-1,-3480156,-1,-3480157,-1,-3480158,-1,-3480159,-1,-3480160,-1,-3480161,-1,-3480162,-1,-3480163,-1,-3480164,-1,-3480165,-1,-3480166,-1,-3480167,-1,-3480168,-1,-3480169,-1,-3480170,-1,-3480171,-1,-3480172,-1,-3480173,-1,-3480174,-1,-3480175,-1,-3480176,-1,-3480177,-1,-3480178,-1,-3480179,-1,-3480-180,-2,-3480-179,-2,-3480-178,-2,-3480-177,-2,-3480-176,-2,-3480-175,-2,-3480-174,-2,-3480-173,-2,-3480-172,-2,-3480-171,-2,-3480-170,-2,-3480-169,-2,-3480-168,-2,-3480-167,-2,-3480-166,-2,-3480-165,-2,-3480-164,-2,-3480-163,-2,-3480-162,-2,-3480-161,-2,-3480-160,-2,-3480-159,-2,-3480-158,-2,-3480-157,-2,-3480-156,-2,-3480-155,-2,-3480-154,-2,-3480-153,-2,-3480-152,-2,-3480-151,-2,-3480-150,-2,-3480-149,-2,-3480-148,-2,-3480-147,-2,-3480-146,-2,-3480-145,-2,-3480-144,-2,-3480-143,-2,-3480-142,-2,-3480-141,-2,-3480-140,-2,-3480-139,-2,-3480-138,-2,-3480-137,-2,-3480-136,-2,-3480-135,-2,-3480-134,-2,-3480-133,-2,-3480-132,-2,-3480-131,-2,-3480-130,-2,-3480-129,-2,-3480-128,-2,-3480-127,-2,-3480-126,-2,-3480-125,-2,-3480-124,-2,-3480-123,-2,-3480-122,-2,-3480-121,-2,-3480-120,-2,-3480-119,-2,-3480-118,-2,-3480-117,-2,-3480-116,-2,-3480-115,-2,-3480-114,-2,-3480-113,-2,-3480-112,-2,-3480-111,-2,-3480-110,-2,-3480-109,-2,-3480-108,-2,-3480-107,-2,-3480-106,-2,-3480-105,-2,-3480-104,-2,-3480-103,-2,-3480-102,-2,-3480-101,-2,-3480-100,-2,-3480-99,-2,-3480-98,-2,-3480-97,-2,-3480-96,-2,-3480-95,-2,-3480-94,-2,-3480-93,-2,-3480-92,-2,-3480-91,-2,-3480-90,-2,-3480-89,-2,-3480-88,-2,-3480-87,-2,-3480-86,-2,-3480-85,-2,-3480-84,-2,-3480-83,-2,-3480-82,-2,-3480-81,-2,-3480-80,-2,-3480-79,-2,-3480-78,-2,-3480-77,-2,-3480-76,-2,-3480-75,-2,-3480-74,-2,-3480-73,-2,-3480-72,-2,-3480-71,-2,-3480-70,-2,-3480-69,-2,-3480-68,-2,-3480-67,-2,-3480-66,-2,-3480-65,-2,-3480-64,-2,-3480-63,-2,-3480-62,-2,-3480-61,-2,-3480-60,-2,-3480-59,-2,-3480-58,-2,-3480-57,-2,-3480-56,-2,-3480-55,-2,-3480-54,-2,-3480-53,-2,-3480-52,-2,-3480-51,-2,-3480-50,-2,-3160-49,-2,-1760-48,-2,-1640-47,-2,-1520-46,-2,-1360-45,-2,-1040-44,-2,-800-43,-2,-720-42,-2,-640-41,-2,-520-40,-2,-320-39,-2,-160-38,-2,80-37,-2,320-36,-2,480-35,-2,440-34,-2,320-33,-2,120-32,-2,0-31,-2,-120-30,-2,-120-29,-2,-120-28,-2,-80-27,-2,0-26,-2,80-25,-2,40-24,-2,-40-23,-2,-40-22,-2,-40-21,-2,0-20,-2,40-19,-2,40-18,-2,120-17,-2,120-16,-2,120-15,-2,120-14,-2,120-13,-2,120-12,-2,240-11,-2,400-10,-2,520-9,-2,760-8,-2,1600-7,-2,1720-6,-2,1240-5,-2,800-4,-2,560-3,-2,520-2,-2,440-1,-2,4400,-2,4801,-2,5202,-2,5603,-2,7204,-2,10005,-2,11606,-2,13207,-2,15608,-2,19209,-2,224010,-2,244011,-2,244012,-2,244013,-2,256014,-2,276015,-2,276016,-2,236017,-2,144018,-2,116019,-2,100020,-2,84021,-2,36022,-2,-20023,-2,-120024,-2,-240025,-2,-336026,-2,-348027,-2,-348028,-2,-348029,-2,-348030,-2,-348031,-2,-344032,-2,-344033,-2,-344034,-2,-348035,-2,-348036,-2,-348037,-2,-348038,-2,-348039,-2,-348040,-2,-348041,-2,-348042,-2,-348043,-2,-348044,-2,-348045,-2,-348046,-2,-348047,-2,-348048,-2,-348049,-2,-352050,-2,-348051,-2,-348052,-2,-348053,-2,-348054,-2,-348055,-2,-348056,-2,-348057,-2,-348058,-2,-348059,-2,-348060,-2,-348061,-2,-348062,-2,-348063,-2,-348064,-2,-348065,-2,-348066,-2,-348067,-2,-348068,-2,-348069,-2,-348070,-2,-348071,-2,-348072,-2,-348073,-2,-348074,-2,-348075,-2,-348076,-2,-348077,-2,-348078,-2,-348079,-2,-348080,-2,-348081,-2,-348082,-2,-348083,-2,-348084,-2,-348085,-2,-348086,-2,-348087,-2,-348088,-2,-320089,-2,-204090,-2,-116091,-2,-64092,-2,-40093,-2,-28094,-2,-20095,-2,-16096,-2,-16097,-2,-16098,-2,-16099,-2,-120100,-2,-40101,-2,320102,-2,720103,-2,880104,-2,560105,-2,240106,-2,-200107,-2,-1000108,-2,-2960109,-2,-3520110,-2,-3480111,-2,-3480112,-2,-3480113,-2,-3480114,-2,-3480115,-2,-3480116,-2,-3480117,-2,-3480118,-2,-3480119,-2,-3480120,-2,-3480121,-2,-3480122,-2,-3480123,-2,-3480124,-2,-3480125,-2,-3480126,-2,-3480127,-2,-3480128,-2,-3480129,-2,-3480130,-2,-3480131,-2,-3480132,-2,-3480133,-2,-3480134,-2,-3480135,-2,-3480136,-2,-3480137,-2,-3480138,-2,-3480139,-2,-3480140,-2,-3480141,-2,-3480142,-2,-3480143,-2,-3480144,-2,-3480145,-2,-3480146,-2,-3480147,-2,-3480148,-2,-3480149,-2,-3480150,-2,-3480151,-2,-3480152,-2,-3480153,-2,-3480154,-2,-3480155,-2,-3480156,-2,-3480157,-2,-3480158,-2,-3480159,-2,-3480160,-2,-3480161,-2,-3480162,-2,-3480163,-2,-3480164,-2,-3480165,-2,-3480166,-2,-3480167,-2,-3480168,-2,-3480169,-2,-3480170,-2,-3480171,-2,-3480172,-2,-3480173,-2,-3480174,-2,-3480175,-2,-3480176,-2,-3480177,-2,-3480178,-2,-3480179,-2,-3480-180,-3,-3480-179,-3,-3480-178,-3,-3480-177,-3,-3480-176,-3,-3480-175,-3,-3480-174,-3,-3480-173,-3,-3480-172,-3,-3480-171,-3,-3480-170,-3,-3480-169,-3,-3480-168,-3,-3480-167,-3,-3480-166,-3,-3480-165,-3,-3480-164,-3,-3480-163,-3,-3480-162,-3,-3480-161,-3,-3480-160,-3,-3480-159,-3,-3480-158,-3,-3480-157,-3,-3480-156,-3,-3480-155,-3,-3480-154,-3,-3480-153,-3,-3480-152,-3,-3480-151,-3,-3480-150,-3,-3480-149,-3,-3480-148,-3,-3480-147,-3,-3480-146,-3,-3480-145,-3,-3480-144,-3,-3480-143,-3,-3480-142,-3,-3480-141,-3,-3480-140,-3,-3480-139,-3,-3480-138,-3,-3480-137,-3,-3480-136,-3,-3480-135,-3,-3480-134,-3,-3480-133,-3,-3480-132,-3,-3480-131,-3,-3480-130,-3,-3480-129,-3,-3480-128,-3,-3480-127,-3,-3480-126,-3,-3480-125,-3,-3480-124,-3,-3480-123,-3,-3480-122,-3,-3480-121,-3,-3480-120,-3,-3480-119,-3,-3480-118,-3,-3480-117,-3,-3480-116,-3,-3480-115,-3,-3480-114,-3,-3480-113,-3,-3480-112,-3,-3480-111,-3,-3480-110,-3,-3480-109,-3,-3480-108,-3,-3480-107,-3,-3480-106,-3,-3480-105,-3,-3480-104,-3,-3480-103,-3,-3480-102,-3,-3480-101,-3,-3480-100,-3,-3480-99,-3,-3480-98,-3,-3480-97,-3,-3480-96,-3,-3480-95,-3,-3480-94,-3,-3480-93,-3,-3480-92,-3,-3480-91,-3,-3480-90,-3,-3480-89,-3,-3480-88,-3,-3480-87,-3,-3480-86,-3,-3480-85,-3,-3480-84,-3,-3480-83,-3,-3480-82,-3,-3480-81,-3,-3480-80,-3,-3480-79,-3,-3480-78,-3,-3480-77,-3,-3480-76,-3,-3480-75,-3,-3480-74,-3,-3480-73,-3,-3480-72,-3,-3480-71,-3,-3480-70,-3,-3480-69,-3,-3480-68,-3,-3480-67,-3,-3480-66,-3,-3480-65,-3,-3480-64,-3,-3480-63,-3,-3480-62,-3,-3480-61,-3,-3480-60,-3,-3480-59,-3,-3480-58,-3,-3480-57,-3,-3480-56,-3,-3480-55,-3,-3480-54,-3,-3480-53,-3,-3480-52,-3,-3480-51,-3,-3360-50,-3,-2640-49,-3,-1560-48,-3,-1320-47,-3,-1040-46,-3,-880-45,-3,-760-44,-3,-720-43,-3,-680-42,-3,-640-41,-3,-520-40,-3,-360-39,-3,-240-38,-3,-160-37,-3,-40-36,-3,80-35,-3,40-34,-3,-40-33,-3,-40-32,-3,-120-31,-3,-80-30,-3,-80-29,-3,0-28,-3,280-27,-3,520-26,-3,840-25,-3,680-24,-3,200-23,-3,0-22,-3,0-21,-3,40-20,-3,40-19,-3,40-18,-3,120-17,-3,120-16,-3,120-15,-3,120-14,-3,160-13,-3,240-12,-3,360-11,-3,440-10,-3,600-9,-3,1000-8,-3,1760-7,-3,1600-6,-3,1080-5,-3,760-4,-3,800-3,-3,800-2,-3,840-1,-3,9600,-3,10401,-3,10402,-3,12403,-3,15604,-3,19205,-3,21606,-3,22807,-3,24408,-3,25609,-3,268010,-3,260011,-3,264012,-3,260013,-3,280014,-3,276015,-3,272016,-3,188017,-3,120018,-3,88019,-3,76020,-3,56021,-3,24022,-3,-24023,-3,-124024,-3,-240025,-3,-336026,-3,-348027,-3,-348028,-3,-348029,-3,-348030,-3,-348031,-3,-348032,-3,-348033,-3,-348034,-3,-348035,-3,-348036,-3,-348037,-3,-348038,-3,-348039,-3,-348040,-3,-348041,-3,-348042,-3,-348043,-3,-348044,-3,-348045,-3,-348046,-3,-348047,-3,-348048,-3,-348049,-3,-348050,-3,-348051,-3,-348052,-3,-348053,-3,-348054,-3,-348055,-3,-348056,-3,-348057,-3,-348058,-3,-348059,-3,-348060,-3,-348061,-3,-348062,-3,-348063,-3,-348064,-3,-348065,-3,-348066,-3,-348067,-3,-348068,-3,-348069,-3,-348070,-3,-348071,-3,-348072,-3,-348073,-3,-348074,-3,-348075,-3,-348076,-3,-348077,-3,-348078,-3,-348079,-3,-348080,-3,-348081,-3,-348082,-3,-348083,-3,-348084,-3,-348085,-3,-348086,-3,-348087,-3,-348088,-3,-264089,-3,-144090,-3,-76091,-3,-52092,-3,-32093,-3,-24094,-3,-16095,-3,-16096,-3,-16097,-3,-16098,-3,-16099,-3,-160100,-3,-120101,-3,200102,-3,640103,-3,880104,-3,640105,-3,320106,-3,-120107,-3,-640108,-3,-1760109,-3,-3360110,-3,-3480111,-3,-3480112,-3,-3480113,-3,-3480114,-3,-3480115,-3,-3480116,-3,-3480117,-3,-3480118,-3,-3480119,-3,-3480120,-3,-3480121,-3,-3480122,-3,-3480123,-3,-3480124,-3,-3480125,-3,-3480126,-3,-3480127,-3,-3480128,-3,-3480129,-3,-3480130,-3,-3480131,-3,-3480132,-3,-3480133,-3,-3480134,-3,-3480135,-3,-3480136,-3,-3480137,-3,-3480138,-3,-3480139,-3,-3480140,-3,-3480141,-3,-3480142,-3,-3480143,-3,-3480144,-3,-3480145,-3,-3480146,-3,-3480147,-3,-3480148,-3,-3480149,-3,-3480150,-3,-3480151,-3,-3480152,-3,-3480153,-3,-3480154,-3,-3480155,-3,-3480156,-3,-3480157,-3,-3480158,-3,-3480159,-3,-3480160,-3,-3480161,-3,-3480162,-3,-3480163,-3,-3480164,-3,-3480165,-3,-3480166,-3,-3480167,-3,-3480168,-3,-3480169,-3,-3480170,-3,-3480171,-3,-3480172,-3,-3480173,-3,-3480174,-3,-3480175,-3,-3480176,-3,-3480177,-3,-3480178,-3,-3480179,-3,-3480-180,-4,-3480-179,-4,-3480-178,-4,-3480-177,-4,-3480-176,-4,-3480-175,-4,-3480-174,-4,-3480-173,-4,-3480-172,-4,-3480-171,-4,-3480-170,-4,-3480-169,-4,-3480-168,-4,-3480-167,-4,-3480-166,-4,-3480-165,-4,-3480-164,-4,-3480-163,-4,-3480-162,-4,-3480-161,-4,-3480-160,-4,-3480-159,-4,-3480-158,-4,-3480-157,-4,-3480-156,-4,-3480-155,-4,-3480-154,-4,-3480-153,-4,-3480-152,-4,-3480-151,-4,-3480-150,-4,-3480-149,-4,-3480-148,-4,-3480-147,-4,-3480-146,-4,-3480-145,-4,-3480-144,-4,-3480-143,-4,-3480-142,-4,-3480-141,-4,-3480-140,-4,-3480-139,-4,-3480-138,-4,-3480-137,-4,-3480-136,-4,-3480-135,-4,-3480-134,-4,-3480-133,-4,-3480-132,-4,-3480-131,-4,-3480-130,-4,-3480-129,-4,-3480-128,-4,-3480-127,-4,-3480-126,-4,-3480-125,-4,-3480-124,-4,-3480-123,-4,-3480-122,-4,-3480-121,-4,-3480-120,-4,-3480-119,-4,-3480-118,-4,-3480-117,-4,-3480-116,-4,-3480-115,-4,-3480-114,-4,-3480-113,-4,-3480-112,-4,-3480-111,-4,-3480-110,-4,-3480-109,-4,-3480-108,-4,-3480-107,-4,-3480-106,-4,-3480-105,-4,-3480-104,-4,-3480-103,-4,-3480-102,-4,-3480-101,-4,-3480-100,-4,-3480-99,-4,-3480-98,-4,-3480-97,-4,-3480-96,-4,-3480-95,-4,-3480-94,-4,-3480-93,-4,-3480-92,-4,-3480-91,-4,-3480-90,-4,-3480-89,-4,-3480-88,-4,-3480-87,-4,-3480-86,-4,-3480-85,-4,-3480-84,-4,-3480-83,-4,-3480-82,-4,-3480-81,-4,-3480-80,-4,-3480-79,-4,-3480-78,-4,-3480-77,-4,-3480-76,-4,-3480-75,-4,-3480-74,-4,-3480-73,-4,-3480-72,-4,-3480-71,-4,-3480-70,-4,-3480-69,-4,-3480-68,-4,-3480-67,-4,-3480-66,-4,-3480-65,-4,-3480-64,-4,-3480-63,-4,-3480-62,-4,-3480-61,-4,-3480-60,-4,-3480-59,-4,-3480-58,-4,-3480-57,-4,-3480-56,-4,-3480-55,-4,-3480-54,-4,-3480-53,-4,-3480-52,-4,-3480-51,-4,-3120-50,-4,-1760-49,-4,-1160-48,-4,-920-47,-4,-680-46,-4,-520-45,-4,-440-44,-4,-440-43,-4,-440-42,-4,-400-41,-4,-320-40,-4,-200-39,-4,-80-38,-4,-40-37,-4,-80-36,-4,-80-35,-4,-80-34,-4,-120-33,-4,-80-32,-4,-40-31,-4,40-30,-4,80-29,-4,280-28,-4,840-27,-4,1000-26,-4,1280-25,-4,1080-24,-4,480-23,-4,160-22,-4,80-21,-4,80-20,-4,120-19,-4,120-18,-4,160-17,-4,160-16,-4,160-15,-4,200-14,-4,480-13,-4,720-12,-4,1000-11,-4,1240-10,-4,1160-9,-4,1360-8,-4,1600-7,-4,1680-6,-4,1360-5,-4,1600-4,-4,1840-3,-4,1920-2,-4,1920-1,-4,19200,-4,18801,-4,18002,-4,20803,-4,26404,-4,27205,-4,27206,-4,27207,-4,28408,-4,28009,-4,288010,-4,264011,-4,264012,-4,280013,-4,292014,-4,280015,-4,212016,-4,140017,-4,92018,-4,72019,-4,44020,-4,32021,-4,8022,-4,-12023,-4,-80024,-4,-220025,-4,-312026,-4,-348027,-4,-348028,-4,-348029,-4,-348030,-4,-348031,-4,-348032,-4,-348033,-4,-348034,-4,-348035,-4,-348036,-4,-348037,-4,-348038,-4,-348039,-4,-348040,-4,-348041,-4,-348042,-4,-348043,-4,-348044,-4,-348045,-4,-348046,-4,-348047,-4,-348048,-4,-348049,-4,-348050,-4,-348051,-4,-348052,-4,-348053,-4,-348054,-4,-348055,-4,-348056,-4,-348057,-4,-348058,-4,-348059,-4,-348060,-4,-348061,-4,-348062,-4,-348063,-4,-348064,-4,-348065,-4,-348066,-4,-348067,-4,-348068,-4,-348069,-4,-348070,-4,-348071,-4,-348072,-4,-348073,-4,-348074,-4,-348075,-4,-348076,-4,-348077,-4,-348078,-4,-348079,-4,-348080,-4,-348081,-4,-348082,-4,-348083,-4,-348084,-4,-348085,-4,-348086,-4,-348087,-4,-348088,-4,-236089,-4,-136090,-4,-68091,-4,-44092,-4,-28093,-4,-20094,-4,-16095,-4,-16096,-4,-16097,-4,-16098,-4,-16099,-4,-160100,-4,-120101,-4,80102,-4,400103,-4,640104,-4,560105,-4,400106,-4,0107,-4,-480108,-4,-1080109,-4,-2760110,-4,-3440111,-4,-3480112,-4,-3480113,-4,-3480114,-4,-3480115,-4,-3480116,-4,-3480117,-4,-3480118,-4,-3480119,-4,-3480120,-4,-3480121,-4,-3480122,-4,-3480123,-4,-3480124,-4,-3480125,-4,-3480126,-4,-3480127,-4,-3480128,-4,-3480129,-4,-3480130,-4,-3480131,-4,-3480132,-4,-3480133,-4,-3480134,-4,-3480135,-4,-3480136,-4,-3480137,-4,-3480138,-4,-3480139,-4,-3480140,-4,-3480141,-4,-3480142,-4,-3480143,-4,-3480144,-4,-3480145,-4,-3480146,-4,-3480147,-4,-3480148,-4,-3480149,-4,-3480150,-4,-3480151,-4,-3480152,-4,-3480153,-4,-3480154,-4,-3480155,-4,-3480156,-4,-3480157,-4,-3480158,-4,-3480159,-4,-3480160,-4,-3480161,-4,-3480162,-4,-3480163,-4,-3480164,-4,-3480165,-4,-3480166,-4,-3480167,-4,-3480168,-4,-3480169,-4,-3480170,-4,-3480171,-4,-3480172,-4,-3480173,-4,-3480174,-4,-3480175,-4,-3480176,-4,-3480177,-4,-3480178,-4,-3480179,-4,-3480-180,-5,-3480-179,-5,-3480-178,-5,-3480-177,-5,-3480-176,-5,-3480-175,-5,-3480-174,-5,-3480-173,-5,-3480-172,-5,-3480-171,-5,-3480-170,-5,-3480-169,-5,-3480-168,-5,-3480-167,-5,-3480-166,-5,-3480-165,-5,-3480-164,-5,-3480-163,-5,-3480-162,-5,-3480-161,-5,-3480-160,-5,-3480-159,-5,-3480-158,-5,-3480-157,-5,-3480-156,-5,-3480-155,-5,-3480-154,-5,-3480-153,-5,-3480-152,-5,-3480-151,-5,-3480-150,-5,-3480-149,-5,-3480-148,-5,-3480-147,-5,-3480-146,-5,-3480-145,-5,-3480-144,-5,-3480-143,-5,-3480-142,-5,-3480-141,-5,-3480-140,-5,-3480-139,-5,-3480-138,-5,-3480-137,-5,-3480-136,-5,-3480-135,-5,-3480-134,-5,-3480-133,-5,-3480-132,-5,-3480-131,-5,-3480-130,-5,-3480-129,-5,-3480-128,-5,-3480-127,-5,-3480-126,-5,-3480-125,-5,-3480-124,-5,-3480-123,-5,-3480-122,-5,-3480-121,-5,-3480-120,-5,-3480-119,-5,-3480-118,-5,-3480-117,-5,-3480-116,-5,-3480-115,-5,-3480-114,-5,-3480-113,-5,-3480-112,-5,-3480-111,-5,-3480-110,-5,-3480-109,-5,-3480-108,-5,-3480-107,-5,-3480-106,-5,-3480-105,-5,-3480-104,-5,-3480-103,-5,-3480-102,-5,-3480-101,-5,-3480-100,-5,-3480-99,-5,-3480-98,-5,-3480-97,-5,-3480-96,-5,-3480-95,-5,-3480-94,-5,-3480-93,-5,-3480-92,-5,-3480-91,-5,-3480-90,-5,-3480-89,-5,-3480-88,-5,-3480-87,-5,-3480-86,-5,-3480-85,-5,-3480-84,-5,-3480-83,-5,-3480-82,-5,-3480-81,-5,-3480-80,-5,-3480-79,-5,-3480-78,-5,-3480-77,-5,-3480-76,-5,-3480-75,-5,-3480-74,-5,-3480-73,-5,-3480-72,-5,-3480-71,-5,-3480-70,-5,-3480-69,-5,-3480-68,-5,-3480-67,-5,-3480-66,-5,-3480-65,-5,-3480-64,-5,-3480-63,-5,-3480-62,-5,-3480-61,-5,-3480-60,-5,-3480-59,-5,-3480-58,-5,-3480-57,-5,-3480-56,-5,-3480-55,-5,-3480-54,-5,-3480-53,-5,-3480-52,-5,-3280-51,-5,-2480-50,-5,-1240-49,-5,-800-48,-5,-680-47,-5,-440-46,-5,-360-45,-5,-320-44,-5,-240-43,-5,-240-42,-5,-200-41,-5,0-40,-5,480-39,-5,640-38,-5,640-37,-5,400-36,-5,200-35,-5,80-34,-5,40-33,-5,160-32,-5,240-31,-5,360-30,-5,440-29,-5,880-28,-5,1440-27,-5,1600-26,-5,1720-25,-5,1120-24,-5,600-23,-5,360-22,-5,240-21,-5,240-20,-5,280-19,-5,240-18,-5,360-17,-5,480-16,-5,680-15,-5,1120-14,-5,1800-13,-5,1920-12,-5,2000-11,-5,1880-10,-5,2120-9,-5,2440-8,-5,2640-7,-5,2240-6,-5,1960-5,-5,2160-4,-5,2480-3,-5,2720-2,-5,2560-1,-5,25600,-5,21601,-5,18002,-5,22403,-5,28404,-5,29205,-5,29206,-5,29607,-5,29608,-5,30009,-5,284010,-5,288011,-5,292012,-5,288013,-5,260014,-5,220015,-5,176016,-5,96017,-5,64018,-5,36019,-5,32020,-5,24021,-5,8022,-5,-16023,-5,-56024,-5,-136025,-5,-252026,-5,-324027,-5,-348028,-5,-348029,-5,-348030,-5,-348031,-5,-348032,-5,-348033,-5,-348034,-5,-348035,-5,-348036,-5,-348037,-5,-348038,-5,-348039,-5,-348040,-5,-348041,-5,-348042,-5,-348043,-5,-348044,-5,-348045,-5,-348046,-5,-348047,-5,-348048,-5,-348049,-5,-348050,-5,-348051,-5,-348052,-5,-348053,-5,-348054,-5,-348055,-5,-348056,-5,-348057,-5,-348058,-5,-348059,-5,-348060,-5,-348061,-5,-348062,-5,-348063,-5,-348064,-5,-348065,-5,-348066,-5,-348067,-5,-348068,-5,-348069,-5,-348070,-5,-348071,-5,-348072,-5,-348073,-5,-348074,-5,-348075,-5,-348076,-5,-348077,-5,-348078,-5,-348079,-5,-348080,-5,-348081,-5,-348082,-5,-348083,-5,-348084,-5,-348085,-5,-348086,-5,-348087,-5,-344088,-5,-228089,-5,-128090,-5,-68091,-5,-44092,-5,-28093,-5,-20094,-5,-16095,-5,-16096,-5,-16097,-5,-16098,-5,-16099,-5,-160100,-5,-160101,-5,-40102,-5,160103,-5,280104,-5,440105,-5,440106,-5,160107,-5,-280108,-5,-680109,-5,-1680110,-5,-3360111,-5,-3480112,-5,-3480113,-5,-3480114,-5,-3480115,-5,-3480116,-5,-3480117,-5,-3480118,-5,-3480119,-5,-3480120,-5,-3480121,-5,-3480122,-5,-3480123,-5,-3480124,-5,-3480125,-5,-3480126,-5,-3480127,-5,-3480128,-5,-3480129,-5,-3480130,-5,-3480131,-5,-3480132,-5,-3480133,-5,-3480134,-5,-3480135,-5,-3480136,-5,-3480137,-5,-3480138,-5,-3480139,-5,-3480140,-5,-3480141,-5,-3480142,-5,-3480143,-5,-3480144,-5,-3480145,-5,-3480146,-5,-3480147,-5,-3480148,-5,-3480149,-5,-3480150,-5,-3480151,-5,-3480152,-5,-3480153,-5,-3480154,-5,-3480155,-5,-3480156,-5,-3480157,-5,-3480158,-5,-3480159,-5,-3480160,-5,-3480161,-5,-3480162,-5,-3480163,-5,-3480164,-5,-3480165,-5,-3480166,-5,-3480167,-5,-3480168,-5,-3480169,-5,-3480170,-5,-3480171,-5,-3480172,-5,-3480173,-5,-3480174,-5,-3480175,-5,-3480176,-5,-3480177,-5,-3480178,-5,-3480179,-5,-3480-180,-6,-3480-179,-6,-3480-178,-6,-3480-177,-6,-3480-176,-6,-3480-175,-6,-3480-174,-6,-3480-173,-6,-3480-172,-6,-3480-171,-6,-3480-170,-6,-3480-169,-6,-3480-168,-6,-3480-167,-6,-3480-166,-6,-3480-165,-6,-3480-164,-6,-3480-163,-6,-3480-162,-6,-3480-161,-6,-3480-160,-6,-3480-159,-6,-3480-158,-6,-3480-157,-6,-3480-156,-6,-3480-155,-6,-3480-154,-6,-3480-153,-6,-3480-152,-6,-3480-151,-6,-3480-150,-6,-3480-149,-6,-3480-148,-6,-3480-147,-6,-3480-146,-6,-3480-145,-6,-3480-144,-6,-3480-143,-6,-3480-142,-6,-3480-141,-6,-3480-140,-6,-3480-139,-6,-3480-138,-6,-3480-137,-6,-3480-136,-6,-3480-135,-6,-3480-134,-6,-3480-133,-6,-3480-132,-6,-3480-131,-6,-3480-130,-6,-3480-129,-6,-3480-128,-6,-3480-127,-6,-3480-126,-6,-3480-125,-6,-3480-124,-6,-3480-123,-6,-3480-122,-6,-3480-121,-6,-3480-120,-6,-3480-119,-6,-3480-118,-6,-3480-117,-6,-3480-116,-6,-3480-115,-6,-3480-114,-6,-3480-113,-6,-3480-112,-6,-3480-111,-6,-3480-110,-6,-3480-109,-6,-3480-108,-6,-3480-107,-6,-3480-106,-6,-3480-105,-6,-3480-104,-6,-3480-103,-6,-3480-102,-6,-3480-101,-6,-3480-100,-6,-3480-99,-6,-3480-98,-6,-3480-97,-6,-3480-96,-6,-3480-95,-6,-3480-94,-6,-3480-93,-6,-3480-92,-6,-3480-91,-6,-3480-90,-6,-3480-89,-6,-3480-88,-6,-3480-87,-6,-3480-86,-6,-3480-85,-6,-3480-84,-6,-3480-83,-6,-3480-82,-6,-3480-81,-6,-3480-80,-6,-3480-79,-6,-3480-78,-6,-3480-77,-6,-3480-76,-6,-3480-75,-6,-3480-74,-6,-3480-73,-6,-3480-72,-6,-3480-71,-6,-3480-70,-6,-3480-69,-6,-3480-68,-6,-3480-67,-6,-3480-66,-6,-3480-65,-6,-3480-64,-6,-3480-63,-6,-3480-62,-6,-3480-61,-6,-3480-60,-6,-3480-59,-6,-3480-58,-6,-3480-57,-6,-3480-56,-6,-3480-55,-6,-3480-54,-6,-3480-53,-6,-3320-52,-6,-2800-51,-6,-1360-50,-6,-800-49,-6,-600-48,-6,-440-47,-6,-320-46,-6,-240-45,-6,-160-44,-6,-80-43,-6,0-42,-6,120-41,-6,400-40,-6,840-39,-6,1000-38,-6,1040-37,-6,1120-36,-6,920-35,-6,800-34,-6,760-33,-6,880-32,-6,1040-31,-6,1160-30,-6,1400-29,-6,1520-28,-6,1640-27,-6,1880-26,-6,1680-25,-6,1320-24,-6,760-23,-6,600-22,-6,520-21,-6,560-20,-6,800-19,-6,1120-18,-6,1360-17,-6,1600-16,-6,2320-15,-6,2600-14,-6,2600-13,-6,2520-12,-6,2640-11,-6,2640-10,-6,2640-9,-6,2400-8,-6,2280-7,-6,2200-6,-6,1920-5,-6,1720-4,-6,1520-3,-6,1760-2,-6,2040-1,-6,19200,-6,19201,-6,15202,-6,16803,-6,20404,-6,25205,-6,25606,-6,25207,-6,27208,-6,28009,-6,288010,-6,284011,-6,272012,-6,208013,-6,200014,-6,180015,-6,116016,-6,68017,-6,40018,-6,32019,-6,28020,-6,16021,-6,022,-6,-16023,-6,-44024,-6,-96025,-6,-164026,-6,-280027,-6,-324028,-6,-340029,-6,-348030,-6,-348031,-6,-348032,-6,-348033,-6,-348034,-6,-348035,-6,-348036,-6,-348037,-6,-348038,-6,-348039,-6,-348040,-6,-348041,-6,-348042,-6,-348043,-6,-348044,-6,-348045,-6,-348046,-6,-348047,-6,-348048,-6,-348049,-6,-348050,-6,-348051,-6,-348052,-6,-348053,-6,-348054,-6,-348055,-6,-348056,-6,-348057,-6,-348058,-6,-348059,-6,-348060,-6,-348061,-6,-348062,-6,-348063,-6,-348064,-6,-348065,-6,-348066,-6,-348067,-6,-348068,-6,-348069,-6,-348070,-6,-348071,-6,-348072,-6,-348073,-6,-348074,-6,-348075,-6,-348076,-6,-348077,-6,-348078,-6,-348079,-6,-348080,-6,-348081,-6,-348082,-6,-348083,-6,-348084,-6,-348085,-6,-348086,-6,-348087,-6,-352088,-6,-240089,-6,-132090,-6,-64091,-6,-40092,-6,-28093,-6,-16094,-6,-16095,-6,-16096,-6,-16097,-6,-16098,-6,-16099,-6,-160100,-6,-160101,-6,-80102,-6,0103,-6,200104,-6,480105,-6,520106,-6,320107,-6,-160108,-6,-520109,-6,-1200110,-6,-2400111,-6,-3440112,-6,-3480113,-6,-3480114,-6,-3480115,-6,-3480116,-6,-3480117,-6,-3480118,-6,-3480119,-6,-3480120,-6,-3480121,-6,-3480122,-6,-3480123,-6,-3480124,-6,-3480125,-6,-3480126,-6,-3480127,-6,-3480128,-6,-3480129,-6,-3480130,-6,-3480131,-6,-3480132,-6,-3480133,-6,-3480134,-6,-3480135,-6,-3480136,-6,-3480137,-6,-3480138,-6,-3480139,-6,-3480140,-6,-3480141,-6,-3480142,-6,-3480143,-6,-3480144,-6,-3480145,-6,-3480146,-6,-3480147,-6,-3480148,-6,-3480149,-6,-3480150,-6,-3480151,-6,-3480152,-6,-3480153,-6,-3480154,-6,-3480155,-6,-3480156,-6,-3480157,-6,-3480158,-6,-3480159,-6,-3480160,-6,-3480161,-6,-3480162,-6,-3480163,-6,-3480164,-6,-3480165,-6,-3480166,-6,-3480167,-6,-3480168,-6,-3480169,-6,-3480170,-6,-3480171,-6,-3480172,-6,-3480173,-6,-3480174,-6,-3480175,-6,-3480176,-6,-3480177,-6,-3480178,-6,-3480179,-6,-3480-180,-7,-3480-179,-7,-3480-178,-7,-3480-177,-7,-3480-176,-7,-3480-175,-7,-3480-174,-7,-3480-173,-7,-3480-172,-7,-3480-171,-7,-3480-170,-7,-3480-169,-7,-3480-168,-7,-3480-167,-7,-3480-166,-7,-3480-165,-7,-3480-164,-7,-3480-163,-7,-3480-162,-7,-3480-161,-7,-3480-160,-7,-3480-159,-7,-3480-158,-7,-3480-157,-7,-3480-156,-7,-3480-155,-7,-3480-154,-7,-3480-153,-7,-3480-152,-7,-3480-151,-7,-3480-150,-7,-3480-149,-7,-3480-148,-7,-3480-147,-7,-3480-146,-7,-3480-145,-7,-3480-144,-7,-3480-143,-7,-3480-142,-7,-3480-141,-7,-3480-140,-7,-3480-139,-7,-3480-138,-7,-3480-137,-7,-3480-136,-7,-3480-135,-7,-3480-134,-7,-3480-133,-7,-3480-132,-7,-3480-131,-7,-3480-130,-7,-3480-129,-7,-3480-128,-7,-3480-127,-7,-3480-126,-7,-3480-125,-7,-3480-124,-7,-3480-123,-7,-3480-122,-7,-3480-121,-7,-3480-120,-7,-3480-119,-7,-3480-118,-7,-3480-117,-7,-3480-116,-7,-3480-115,-7,-3480-114,-7,-3480-113,-7,-3480-112,-7,-3480-111,-7,-3480-110,-7,-3480-109,-7,-3480-108,-7,-3480-107,-7,-3480-106,-7,-3480-105,-7,-3480-104,-7,-3480-103,-7,-3480-102,-7,-3480-101,-7,-3480-100,-7,-3480-99,-7,-3480-98,-7,-3480-97,-7,-3480-96,-7,-3480-95,-7,-3480-94,-7,-3480-93,-7,-3480-92,-7,-3480-91,-7,-3480-90,-7,-3480-89,-7,-3480-88,-7,-3480-87,-7,-3480-86,-7,-3480-85,-7,-3480-84,-7,-3480-83,-7,-3480-82,-7,-3480-81,-7,-3480-80,-7,-3480-79,-7,-3480-78,-7,-3480-77,-7,-3480-76,-7,-3480-75,-7,-3480-74,-7,-3480-73,-7,-3480-72,-7,-3480-71,-7,-3480-70,-7,-3480-69,-7,-3480-68,-7,-3480-67,-7,-3480-66,-7,-3480-65,-7,-3480-64,-7,-3480-63,-7,-3480-62,-7,-3480-61,-7,-3480-60,-7,-3480-59,-7,-3480-58,-7,-3480-57,-7,-3440-56,-7,-3480-55,-7,-3480-54,-7,-3360-53,-7,-2880-52,-7,-1520-51,-7,-800-50,-7,-480-49,-7,-400-48,-7,-320-47,-7,-200-46,-7,-120-45,-7,-80-44,-7,120-43,-7,440-42,-7,640-41,-7,1040-40,-7,1520-39,-7,1840-38,-7,2040-37,-7,1440-36,-7,1440-35,-7,1400-34,-7,1480-33,-7,1560-32,-7,1680-31,-7,1760-30,-7,1960-29,-7,1760-28,-7,1920-27,-7,1960-26,-7,1920-25,-7,1960-24,-7,1280-23,-7,1840-22,-7,1480-21,-7,1480-20,-7,2160-19,-7,2280-18,-7,2720-17,-7,2760-16,-7,2680-15,-7,2480-14,-7,2360-13,-7,2440-12,-7,2720-11,-7,2320-10,-7,2200-9,-7,2080-8,-7,1920-7,-7,1720-6,-7,1560-5,-7,1440-4,-7,1400-3,-7,1280-2,-7,1160-1,-7,12000,-7,11601,-7,11202,-7,11603,-7,12004,-7,14005,-7,15606,-7,17607,-7,19208,-7,18009,-7,208010,-7,200011,-7,192012,-7,188013,-7,160014,-7,120015,-7,76016,-7,44017,-7,28018,-7,24019,-7,24020,-7,8021,-7,-4022,-7,-16023,-7,-40024,-7,-72025,-7,-124026,-7,-172027,-7,-272028,-7,-308029,-7,-340030,-7,-348031,-7,-348032,-7,-348033,-7,-348034,-7,-348035,-7,-348036,-7,-348037,-7,-348038,-7,-348039,-7,-348040,-7,-348041,-7,-348042,-7,-348043,-7,-348044,-7,-348045,-7,-348046,-7,-348047,-7,-348048,-7,-348049,-7,-348050,-7,-348051,-7,-348052,-7,-348053,-7,-348054,-7,-348055,-7,-348056,-7,-348057,-7,-348058,-7,-348059,-7,-348060,-7,-348061,-7,-348062,-7,-348063,-7,-348064,-7,-348065,-7,-348066,-7,-348067,-7,-348068,-7,-348069,-7,-348070,-7,-348071,-7,-348072,-7,-348073,-7,-348074,-7,-348075,-7,-348076,-7,-348077,-7,-348078,-7,-348079,-7,-348080,-7,-348081,-7,-348082,-7,-348083,-7,-348084,-7,-348085,-7,-348086,-7,-348087,-7,-348088,-7,-264089,-7,-144090,-7,-64091,-7,-40092,-7,-24093,-7,-16094,-7,-16095,-7,-16096,-7,-16097,-7,-16098,-7,-16099,-7,-160100,-7,-160101,-7,-120102,-7,-40103,-7,160104,-7,400105,-7,440106,-7,280107,-7,-40108,-7,-400109,-7,-760110,-7,-1560111,-7,-3080112,-7,-3440113,-7,-3480114,-7,-3480115,-7,-3480116,-7,-3480117,-7,-3480118,-7,-3480119,-7,-3480120,-7,-3480121,-7,-3480122,-7,-3480123,-7,-3480124,-7,-3480125,-7,-3480126,-7,-3480127,-7,-3480128,-7,-3480129,-7,-3480130,-7,-3480131,-7,-3480132,-7,-3480133,-7,-3480134,-7,-3480135,-7,-3480136,-7,-3480137,-7,-3480138,-7,-3480139,-7,-3480140,-7,-3480141,-7,-3480142,-7,-3480143,-7,-3480144,-7,-3480145,-7,-3480146,-7,-3480147,-7,-3480148,-7,-3480149,-7,-3480150,-7,-3480151,-7,-3480152,-7,-3480153,-7,-3480154,-7,-3480155,-7,-3480156,-7,-3480157,-7,-3480158,-7,-3480159,-7,-3480160,-7,-3480161,-7,-3480162,-7,-3480163,-7,-3480164,-7,-3480165,-7,-3480166,-7,-3480167,-7,-3480168,-7,-3480169,-7,-3480170,-7,-3480171,-7,-3480172,-7,-3480173,-7,-3480174,-7,-3480175,-7,-3480176,-7,-3480177,-7,-3480178,-7,-3480179,-7,-3480-180,-8,-3480-179,-8,-3480-178,-8,-3480-177,-8,-3480-176,-8,-3480-175,-8,-3480-174,-8,-3480-173,-8,-3480-172,-8,-3480-171,-8,-3480-170,-8,-3480-169,-8,-3480-168,-8,-3480-167,-8,-3480-166,-8,-3480-165,-8,-3480-164,-8,-3480-163,-8,-3480-162,-8,-3480-161,-8,-3480-160,-8,-3480-159,-8,-3480-158,-8,-3480-157,-8,-3480-156,-8,-3480-155,-8,-3480-154,-8,-3480-153,-8,-3480-152,-8,-3480-151,-8,-3480-150,-8,-3480-149,-8,-3480-148,-8,-3480-147,-8,-3480-146,-8,-3480-145,-8,-3480-144,-8,-3480-143,-8,-3480-142,-8,-3480-141,-8,-3480-140,-8,-3480-139,-8,-3480-138,-8,-3480-137,-8,-3480-136,-8,-3480-135,-8,-3480-134,-8,-3480-133,-8,-3480-132,-8,-3480-131,-8,-3480-130,-8,-3480-129,-8,-3480-128,-8,-3480-127,-8,-3480-126,-8,-3480-125,-8,-3480-124,-8,-3480-123,-8,-3480-122,-8,-3480-121,-8,-3480-120,-8,-3480-119,-8,-3480-118,-8,-3480-117,-8,-3480-116,-8,-3480-115,-8,-3480-114,-8,-3480-113,-8,-3480-112,-8,-3480-111,-8,-3480-110,-8,-3480-109,-8,-3480-108,-8,-3480-107,-8,-3480-106,-8,-3480-105,-8,-3480-104,-8,-3480-103,-8,-3480-102,-8,-3480-101,-8,-3480-100,-8,-3480-99,-8,-3480-98,-8,-3480-97,-8,-3480-96,-8,-3480-95,-8,-3480-94,-8,-3480-93,-8,-3480-92,-8,-3480-91,-8,-3480-90,-8,-3480-89,-8,-3480-88,-8,-3480-87,-8,-3480-86,-8,-3480-85,-8,-3480-84,-8,-3480-83,-8,-3480-82,-8,-3480-81,-8,-3480-80,-8,-3480-79,-8,-3480-78,-8,-3480-77,-8,-3480-76,-8,-3480-75,-8,-3480-74,-8,-3480-73,-8,-3480-72,-8,-3480-71,-8,-3480-70,-8,-3480-69,-8,-3480-68,-8,-3480-67,-8,-3480-66,-8,-3480-65,-8,-3480-64,-8,-3480-63,-8,-3480-62,-8,-3480-61,-8,-3480-60,-8,-3480-59,-8,-3480-58,-8,-3480-57,-8,-3440-56,-8,-3480-55,-8,-3400-54,-8,-2960-53,-8,-1720-52,-8,-840-51,-8,-400-50,-8,-360-49,-8,-280-48,-8,-240-47,-8,-120-46,-8,-40-45,-8,120-44,-8,560-43,-8,1000-42,-8,1280-41,-8,1680-40,-8,1760-39,-8,2160-38,-8,2320-37,-8,2280-36,-8,2440-35,-8,2440-34,-8,2360-33,-8,2200-32,-8,1920-31,-8,1840-30,-8,1960-29,-8,2240-28,-8,2480-27,-8,2600-26,-8,2800-25,-8,2640-24,-8,2480-23,-8,2320-22,-8,2600-21,-8,2600-20,-8,2920-19,-8,2760-18,-8,2560-17,-8,2320-16,-8,2200-15,-8,2000-14,-8,1880-13,-8,1880-12,-8,2000-11,-8,1720-10,-8,1560-9,-8,1440-8,-8,1400-7,-8,1400-6,-8,1360-5,-8,1280-4,-8,1240-3,-8,1120-2,-8,1040-1,-8,10000,-8,9201,-8,9202,-8,9203,-8,8404,-8,8405,-8,9606,-8,10407,-8,10808,-8,12409,-8,132010,-8,136011,-8,136012,-8,132013,-8,108014,-8,76015,-8,48016,-8,36017,-8,28018,-8,28019,-8,12020,-8,8021,-8,-4022,-8,-20023,-8,-36024,-8,-52025,-8,-72026,-8,-112027,-8,-168028,-8,-268029,-8,-296030,-8,-336031,-8,-348032,-8,-348033,-8,-348034,-8,-348035,-8,-348036,-8,-348037,-8,-348038,-8,-348039,-8,-348040,-8,-348041,-8,-348042,-8,-348043,-8,-348044,-8,-348045,-8,-348046,-8,-348047,-8,-348048,-8,-348049,-8,-348050,-8,-348051,-8,-348052,-8,-348053,-8,-348054,-8,-348055,-8,-348056,-8,-348057,-8,-348058,-8,-348059,-8,-348060,-8,-348061,-8,-348062,-8,-348063,-8,-348064,-8,-348065,-8,-348066,-8,-348067,-8,-348068,-8,-348069,-8,-348070,-8,-348071,-8,-348072,-8,-348073,-8,-348074,-8,-348075,-8,-348076,-8,-348077,-8,-348078,-8,-348079,-8,-348080,-8,-348081,-8,-348082,-8,-348083,-8,-348084,-8,-348085,-8,-348086,-8,-348087,-8,-348088,-8,-280089,-8,-144090,-8,-68091,-8,-40092,-8,-20093,-8,094,-8,-4095,-8,-8096,-8,-16097,-8,-16098,-8,-16099,-8,-160100,-8,-160101,-8,-160102,-8,-120103,-8,40104,-8,200105,-8,320106,-8,240107,-8,-120108,-8,-280109,-8,-440110,-8,-880111,-8,-1760112,-8,-3160113,-8,-3480114,-8,-3480115,-8,-3480116,-8,-3480117,-8,-3480118,-8,-3480119,-8,-3480120,-8,-3480121,-8,-3480122,-8,-3480123,-8,-3480124,-8,-3480125,-8,-3480126,-8,-3480127,-8,-3480128,-8,-3480129,-8,-3480130,-8,-3480131,-8,-3480132,-8,-3480133,-8,-3480134,-8,-3480135,-8,-3480136,-8,-3480137,-8,-3480138,-8,-3480139,-8,-3480140,-8,-3480141,-8,-3480142,-8,-3480143,-8,-3480144,-8,-3480145,-8,-3480146,-8,-3480147,-8,-3480148,-8,-3480149,-8,-3480150,-8,-3480151,-8,-3480152,-8,-3480153,-8,-3480154,-8,-3480155,-8,-3480156,-8,-3480157,-8,-3480158,-8,-3480159,-8,-3480160,-8,-3480161,-8,-3480162,-8,-3480163,-8,-3480164,-8,-3480165,-8,-3480166,-8,-3480167,-8,-3480168,-8,-3480169,-8,-3480170,-8,-3480171,-8,-3480172,-8,-3480173,-8,-3480174,-8,-3480175,-8,-3480176,-8,-3480177,-8,-3480178,-8,-3480179,-8,-3480-180,-9,-3480-179,-9,-3480-178,-9,-3480-177,-9,-3480-176,-9,-3480-175,-9,-3480-174,-9,-3480-173,-9,-3480-172,-9,-3480-171,-9,-3480-170,-9,-3480-169,-9,-3480-168,-9,-3480-167,-9,-3480-166,-9,-3480-165,-9,-3480-164,-9,-3480-163,-9,-3480-162,-9,-3480-161,-9,-3480-160,-9,-3480-159,-9,-3480-158,-9,-3480-157,-9,-3480-156,-9,-3480-155,-9,-3480-154,-9,-3480-153,-9,-3480-152,-9,-3480-151,-9,-3480-150,-9,-3480-149,-9,-3480-148,-9,-3480-147,-9,-3480-146,-9,-3480-145,-9,-3480-144,-9,-3480-143,-9,-3480-142,-9,-3480-141,-9,-3480-140,-9,-3480-139,-9,-3480-138,-9,-3480-137,-9,-3480-136,-9,-3480-135,-9,-3480-134,-9,-3480-133,-9,-3480-132,-9,-3480-131,-9,-3480-130,-9,-3480-129,-9,-3480-128,-9,-3480-127,-9,-3480-126,-9,-3480-125,-9,-3480-124,-9,-3480-123,-9,-3480-122,-9,-3480-121,-9,-3480-120,-9,-3480-119,-9,-3480-118,-9,-3480-117,-9,-3480-116,-9,-3480-115,-9,-3480-114,-9,-3480-113,-9,-3480-112,-9,-3480-111,-9,-3480-110,-9,-3480-109,-9,-3480-108,-9,-3480-107,-9,-3480-106,-9,-3480-105,-9,-3480-104,-9,-3480-103,-9,-3480-102,-9,-3480-101,-9,-3480-100,-9,-3480-99,-9,-3480-98,-9,-3480-97,-9,-3480-96,-9,-3480-95,-9,-3480-94,-9,-3480-93,-9,-3480-92,-9,-3480-91,-9,-3480-90,-9,-3480-89,-9,-3480-88,-9,-3480-87,-9,-3480-86,-9,-3480-85,-9,-3480-84,-9,-3480-83,-9,-3480-82,-9,-3480-81,-9,-3480-80,-9,-3480-79,-9,-3480-78,-9,-3480-77,-9,-3480-76,-9,-3480-75,-9,-3480-74,-9,-3480-73,-9,-3480-72,-9,-3480-71,-9,-3480-70,-9,-3480-69,-9,-3480-68,-9,-3480-67,-9,-3480-66,-9,-3480-65,-9,-3480-64,-9,-3480-63,-9,-3480-62,-9,-3480-61,-9,-3480-60,-9,-3480-59,-9,-3480-58,-9,-3480-57,-9,-3400-56,-9,-3320-55,-9,-3080-54,-9,-1880-53,-9,-1040-52,-9,-520-51,-9,-280-50,-9,-320-49,-9,-200-48,-9,-120-47,-9,-80-46,-9,40-45,-9,320-44,-9,760-43,-9,1000-42,-9,1240-41,-9,1840-40,-9,1840-39,-9,1600-38,-9,2240-37,-9,1520-36,-9,1520-35,-9,1480-34,-9,1520-33,-9,1360-32,-9,1200-31,-9,1240-30,-9,1360-29,-9,1600-28,-9,1840-27,-9,2080-26,-9,2400-25,-9,2720-24,-9,2840-23,-9,2760-22,-9,2640-21,-9,2200-20,-9,1920-19,-9,1800-18,-9,1680-17,-9,1520-16,-9,1600-15,-9,2000-14,-9,2000-13,-9,1920-12,-9,1600-11,-9,1120-10,-9,960-9,-9,1080-8,-9,1120-7,-9,1120-6,-9,1160-5,-9,1120-4,-9,1040-3,-9,960-2,-9,920-1,-9,8800,-9,8001,-9,8402,-9,8003,-9,7204,-9,6405,-9,6806,-9,6407,-9,7208,-9,8409,-9,88010,-9,92011,-9,92012,-9,88013,-9,72014,-9,52015,-9,36016,-9,28017,-9,28018,-9,16019,-9,8020,-9,-4021,-9,-12022,-9,-16023,-9,024,-9,-20025,-9,-52026,-9,-68027,-9,-96028,-9,-148029,-9,-252030,-9,-276031,-9,-316032,-9,-340033,-9,-348034,-9,-348035,-9,-348036,-9,-348037,-9,-348038,-9,-348039,-9,-348040,-9,-348041,-9,-348042,-9,-348043,-9,-348044,-9,-348045,-9,-348046,-9,-348047,-9,-348048,-9,-348049,-9,-348050,-9,-348051,-9,-348052,-9,-348053,-9,-348054,-9,-348055,-9,-348056,-9,-348057,-9,-348058,-9,-348059,-9,-348060,-9,-348061,-9,-348062,-9,-348063,-9,-348064,-9,-348065,-9,-348066,-9,-348067,-9,-348068,-9,-348069,-9,-348070,-9,-348071,-9,-348072,-9,-348073,-9,-348074,-9,-348075,-9,-348076,-9,-348077,-9,-348078,-9,-348079,-9,-348080,-9,-348081,-9,-348082,-9,-348083,-9,-348084,-9,-348085,-9,-348086,-9,-348087,-9,-348088,-9,-312089,-9,-172090,-9,-88091,-9,-40092,-9,-16093,-9,8094,-9,20095,-9,096,-9,-12097,-9,-16098,-9,-16099,-9,-160100,-9,-160101,-9,-160102,-9,-160103,-9,-40104,-9,80105,-9,160106,-9,120107,-9,-120108,-9,-240109,-9,-320110,-9,-520111,-9,-920112,-9,-1800113,-9,-3200114,-9,-3440115,-9,-3480116,-9,-3480117,-9,-3480118,-9,-3480119,-9,-3480120,-9,-3480121,-9,-3480122,-9,-3480123,-9,-3480124,-9,-3480125,-9,-3480126,-9,-3480127,-9,-3480128,-9,-3480129,-9,-3480130,-9,-3480131,-9,-3480132,-9,-3480133,-9,-3480134,-9,-3480135,-9,-3480136,-9,-3480137,-9,-3480138,-9,-3480139,-9,-3480140,-9,-3480141,-9,-3480142,-9,-3480143,-9,-3480144,-9,-3480145,-9,-3480146,-9,-3480147,-9,-3480148,-9,-3480149,-9,-3480150,-9,-3480151,-9,-3480152,-9,-3480153,-9,-3480154,-9,-3480155,-9,-3480156,-9,-3480157,-9,-3480158,-9,-3480159,-9,-3480160,-9,-3480161,-9,-3480162,-9,-3480163,-9,-3480164,-9,-3480165,-9,-3480166,-9,-3480167,-9,-3480168,-9,-3480169,-9,-3480170,-9,-3480171,-9,-3480172,-9,-3480173,-9,-3480174,-9,-3480175,-9,-3480176,-9,-3480177,-9,-3480178,-9,-3480179,-9,-3480-180,-10,-3480-179,-10,-3480-178,-10,-3480-177,-10,-3480-176,-10,-3480-175,-10,-3480-174,-10,-3480-173,-10,-3480-172,-10,-3480-171,-10,-3480-170,-10,-3480-169,-10,-3480-168,-10,-3480-167,-10,-3480-166,-10,-3480-165,-10,-3480-164,-10,-3480-163,-10,-3480-162,-10,-3480-161,-10,-3480-160,-10,-3480-159,-10,-3480-158,-10,-3480-157,-10,-3480-156,-10,-3480-155,-10,-3480-154,-10,-3480-153,-10,-3480-152,-10,-3480-151,-10,-3480-150,-10,-3480-149,-10,-3480-148,-10,-3480-147,-10,-3480-146,-10,-3480-145,-10,-3480-144,-10,-3480-143,-10,-3480-142,-10,-3480-141,-10,-3480-140,-10,-3480-139,-10,-3480-138,-10,-3480-137,-10,-3480-136,-10,-3480-135,-10,-3480-134,-10,-3480-133,-10,-3480-132,-10,-3480-131,-10,-3480-130,-10,-3480-129,-10,-3480-128,-10,-3480-127,-10,-3480-126,-10,-3480-125,-10,-3480-124,-10,-3480-123,-10,-3480-122,-10,-3480-121,-10,-3480-120,-10,-3480-119,-10,-3480-118,-10,-3480-117,-10,-3480-116,-10,-3480-115,-10,-3480-114,-10,-3480-113,-10,-3480-112,-10,-3480-111,-10,-3480-110,-10,-3480-109,-10,-3480-108,-10,-3480-107,-10,-3480-106,-10,-3480-105,-10,-3480-104,-10,-3480-103,-10,-3480-102,-10,-3480-101,-10,-3480-100,-10,-3480-99,-10,-3480-98,-10,-3480-97,-10,-3480-96,-10,-3480-95,-10,-3480-94,-10,-3480-93,-10,-3480-92,-10,-3480-91,-10,-3480-90,-10,-3480-89,-10,-3480-88,-10,-3480-87,-10,-3480-86,-10,-3480-85,-10,-3480-84,-10,-3480-83,-10,-3480-82,-10,-3480-81,-10,-3480-80,-10,-3480-79,-10,-3480-78,-10,-3480-77,-10,-3480-76,-10,-3480-75,-10,-3480-74,-10,-3480-73,-10,-3480-72,-10,-3480-71,-10,-3480-70,-10,-3480-69,-10,-3480-68,-10,-3480-67,-10,-3480-66,-10,-3480-65,-10,-3480-64,-10,-3480-63,-10,-3480-62,-10,-3480-61,-10,-3480-60,-10,-3480-59,-10,-3480-58,-10,-3480-57,-10,-3360-56,-10,-2920-55,-10,-2120-54,-10,-1480-53,-10,-880-52,-10,-520-51,-10,-320-50,-10,-240-49,-10,-160-48,-10,-80-47,-10,0-46,-10,80-45,-10,280-44,-10,680-43,-10,920-42,-10,1040-41,-10,960-40,-10,920-39,-10,1000-38,-10,720-37,-10,800-36,-10,800-35,-10,800-34,-10,720-33,-10,760-32,-10,800-31,-10,840-30,-10,880-29,-10,880-28,-10,1440-27,-10,2120-26,-10,2200-25,-10,2080-24,-10,1800-23,-10,1520-22,-10,1440-21,-10,1320-20,-10,1320-19,-10,1200-18,-10,1240-17,-10,1240-16,-10,1520-15,-10,1640-14,-10,1880-13,-10,1880-12,-10,1360-11,-10,920-10,-10,760-9,-10,840-8,-10,920-7,-10,880-6,-10,920-5,-10,920-4,-10,880-3,-10,840-2,-10,800-1,-10,7200,-10,8401,-10,10402,-10,9603,-10,8004,-10,6005,-10,5606,-10,4407,-10,5208,-10,4809,-10,52010,-10,52011,-10,56012,-10,56013,-10,48014,-10,40015,-10,32016,-10,24017,-10,20018,-10,16019,-10,4020,-10,-16021,-10,-12022,-10,16023,-10,72024,-10,28025,-10,-36026,-10,-52027,-10,-68028,-10,-88029,-10,-112030,-10,-188031,-10,-256032,-10,-308033,-10,-344034,-10,-348035,-10,-348036,-10,-348037,-10,-348038,-10,-348039,-10,-348040,-10,-348041,-10,-348042,-10,-348043,-10,-348044,-10,-348045,-10,-348046,-10,-348047,-10,-348048,-10,-348049,-10,-348050,-10,-348051,-10,-348052,-10,-348053,-10,-348054,-10,-348055,-10,-348056,-10,-348057,-10,-348058,-10,-348059,-10,-348060,-10,-348061,-10,-348062,-10,-348063,-10,-348064,-10,-348065,-10,-348066,-10,-348067,-10,-348068,-10,-348069,-10,-348070,-10,-348071,-10,-348072,-10,-348073,-10,-348074,-10,-348075,-10,-348076,-10,-348077,-10,-348078,-10,-348079,-10,-348080,-10,-348081,-10,-348082,-10,-348083,-10,-348084,-10,-348085,-10,-348086,-10,-348087,-10,-348088,-10,-336089,-10,-212090,-10,-104091,-10,-44092,-10,-16093,-10,12094,-10,20095,-10,8096,-10,-8097,-10,-16098,-10,-16099,-10,-160100,-10,-160101,-10,-160102,-10,-160103,-10,-160104,-10,0105,-10,-40106,-10,-80107,-10,-120108,-10,-160109,-10,-240110,-10,-320111,-10,-440112,-10,-880113,-10,-1760114,-10,-2960115,-10,-3400116,-10,-3480117,-10,-3480118,-10,-3480119,-10,-3480120,-10,-3480121,-10,-3480122,-10,-3480123,-10,-3480124,-10,-3480125,-10,-3480126,-10,-3480127,-10,-3480128,-10,-3480129,-10,-3480130,-10,-3480131,-10,-3480132,-10,-3480133,-10,-3480134,-10,-3480135,-10,-3480136,-10,-3480137,-10,-3480138,-10,-3480139,-10,-3480140,-10,-3480141,-10,-3480142,-10,-3480143,-10,-3480144,-10,-3480145,-10,-3480146,-10,-3480147,-10,-3480148,-10,-3480149,-10,-3480150,-10,-3480151,-10,-3480152,-10,-3480153,-10,-3480154,-10,-3480155,-10,-3480156,-10,-3480157,-10,-3480158,-10,-3480159,-10,-3480160,-10,-3480161,-10,-3480162,-10,-3480163,-10,-3480164,-10,-3480165,-10,-3480166,-10,-3480167,-10,-3480168,-10,-3480169,-10,-3480170,-10,-3480171,-10,-3480172,-10,-3480173,-10,-3480174,-10,-3480175,-10,-3480176,-10,-3480177,-10,-3480178,-10,-3480179,-10,-3480-180,-11,-3480-179,-11,-3480-178,-11,-3480-177,-11,-3480-176,-11,-3480-175,-11,-3480-174,-11,-3480-173,-11,-3480-172,-11,-3480-171,-11,-3480-170,-11,-3480-169,-11,-3480-168,-11,-3480-167,-11,-3480-166,-11,-3480-165,-11,-3480-164,-11,-3480-163,-11,-3480-162,-11,-3480-161,-11,-3480-160,-11,-3480-159,-11,-3480-158,-11,-3480-157,-11,-3480-156,-11,-3480-155,-11,-3480-154,-11,-3480-153,-11,-3480-152,-11,-3480-151,-11,-3480-150,-11,-3480-149,-11,-3480-148,-11,-3480-147,-11,-3480-146,-11,-3480-145,-11,-3480-144,-11,-3480-143,-11,-3480-142,-11,-3480-141,-11,-3480-140,-11,-3480-139,-11,-3480-138,-11,-3480-137,-11,-3480-136,-11,-3480-135,-11,-3480-134,-11,-3480-133,-11,-3480-132,-11,-3480-131,-11,-3480-130,-11,-3480-129,-11,-3480-128,-11,-3480-127,-11,-3480-126,-11,-3480-125,-11,-3480-124,-11,-3480-123,-11,-3480-122,-11,-3480-121,-11,-3480-120,-11,-3480-119,-11,-3480-118,-11,-3480-117,-11,-3480-116,-11,-3480-115,-11,-3480-114,-11,-3480-113,-11,-3480-112,-11,-3480-111,-11,-3480-110,-11,-3480-109,-11,-3480-108,-11,-3480-107,-11,-3480-106,-11,-3480-105,-11,-3480-104,-11,-3480-103,-11,-3480-102,-11,-3480-101,-11,-3480-100,-11,-3480-99,-11,-3480-98,-11,-3480-97,-11,-3480-96,-11,-3480-95,-11,-3480-94,-11,-3480-93,-11,-3480-92,-11,-3480-91,-11,-3480-90,-11,-3480-89,-11,-3480-88,-11,-3480-87,-11,-3480-86,-11,-3480-85,-11,-3480-84,-11,-3480-83,-11,-3480-82,-11,-3480-81,-11,-3480-80,-11,-3480-79,-11,-3480-78,-11,-3480-77,-11,-3480-76,-11,-3480-75,-11,-3480-74,-11,-3480-73,-11,-3480-72,-11,-3480-71,-11,-3480-70,-11,-3480-69,-11,-3480-68,-11,-3480-67,-11,-3480-66,-11,-3480-65,-11,-3480-64,-11,-3480-63,-11,-3480-62,-11,-3480-61,-11,-3480-60,-11,-3480-59,-11,-3480-58,-11,-3480-57,-11,-3400-56,-11,-2520-55,-11,-1840-54,-11,-1600-53,-11,-1120-52,-11,-600-51,-11,-360-50,-11,-320-49,-11,-120-48,-11,-80-47,-11,40-46,-11,160-45,-11,280-44,-11,440-43,-11,640-42,-11,680-41,-11,520-40,-11,480-39,-11,440-38,-11,440-37,-11,400-36,-11,480-35,-11,480-34,-11,520-33,-11,520-32,-11,520-31,-11,520-30,-11,600-29,-11,680-28,-11,880-27,-11,1040-26,-11,1000-25,-11,960-24,-11,800-23,-11,800-22,-11,960-21,-11,1000-20,-11,920-19,-11,960-18,-11,960-17,-11,960-16,-11,1040-15,-11,1400-14,-11,1640-13,-11,1640-12,-11,1200-11,-11,840-10,-11,760-9,-11,800-8,-11,680-7,-11,600-6,-11,600-5,-11,680-4,-11,680-3,-11,720-2,-11,680-1,-11,6000,-11,9601,-11,13602,-11,14803,-11,10404,-11,7205,-11,6006,-11,4807,-11,3608,-11,3609,-11,36010,-11,36011,-11,36012,-11,32013,-11,32014,-11,24015,-11,24016,-11,20017,-11,24018,-11,8019,-11,-12020,-11,-12021,-11,-16022,-11,4023,-11,32024,-11,8025,-11,-28026,-11,-44027,-11,-56028,-11,-68029,-11,-80030,-11,-104031,-11,-188032,-11,-280033,-11,-308034,-11,-340035,-11,-348036,-11,-348037,-11,-348038,-11,-348039,-11,-348040,-11,-348041,-11,-348042,-11,-348043,-11,-348044,-11,-348045,-11,-348046,-11,-348047,-11,-348048,-11,-348049,-11,-348050,-11,-348051,-11,-348052,-11,-348053,-11,-348054,-11,-348055,-11,-348056,-11,-348057,-11,-348058,-11,-348059,-11,-348060,-11,-348061,-11,-348062,-11,-348063,-11,-348064,-11,-348065,-11,-348066,-11,-348067,-11,-348068,-11,-348069,-11,-348070,-11,-348071,-11,-348072,-11,-348073,-11,-348074,-11,-348075,-11,-348076,-11,-348077,-11,-348078,-11,-348079,-11,-348080,-11,-348081,-11,-348082,-11,-348083,-11,-348084,-11,-348085,-11,-348086,-11,-348087,-11,-348088,-11,-348089,-11,-264090,-11,-124091,-11,-52092,-11,-24093,-11,094,-11,20095,-11,8096,-11,-12097,-11,-16098,-11,-16099,-11,-160100,-11,-160101,-11,-160102,-11,-160103,-11,-160104,-11,-120105,-11,-120106,-11,-160107,-11,-120108,-11,-160109,-11,-160110,-11,-240111,-11,-280112,-11,-400113,-11,-840114,-11,-1600115,-11,-2320116,-11,-3320117,-11,-3440118,-11,-3480119,-11,-3480120,-11,-3480121,-11,-3480122,-11,-3480123,-11,-3480124,-11,-3480125,-11,-3480126,-11,-3480127,-11,-3480128,-11,-3480129,-11,-3480130,-11,-3480131,-11,-3480132,-11,-3480133,-11,-3480134,-11,-3480135,-11,-3480136,-11,-3480137,-11,-3480138,-11,-3480139,-11,-3480140,-11,-3480141,-11,-3480142,-11,-3480143,-11,-3480144,-11,-3480145,-11,-3480146,-11,-3480147,-11,-3480148,-11,-3480149,-11,-3480150,-11,-3480151,-11,-3480152,-11,-3480153,-11,-3480154,-11,-3480155,-11,-3480156,-11,-3480157,-11,-3480158,-11,-3480159,-11,-3480160,-11,-3480161,-11,-3480162,-11,-3480163,-11,-3480164,-11,-3480165,-11,-3480166,-11,-3480167,-11,-3480168,-11,-3480169,-11,-3480170,-11,-3480171,-11,-3480172,-11,-3480173,-11,-3480174,-11,-3480175,-11,-3480176,-11,-3480177,-11,-3480178,-11,-3480179,-11,-3480-180,-12,-3480-179,-12,-3480-178,-12,-3480-177,-12,-3480-176,-12,-3480-175,-12,-3480-174,-12,-3480-173,-12,-3480-172,-12,-3480-171,-12,-3480-170,-12,-3480-169,-12,-3480-168,-12,-3480-167,-12,-3480-166,-12,-3480-165,-12,-3480-164,-12,-3480-163,-12,-3480-162,-12,-3480-161,-12,-3480-160,-12,-3480-159,-12,-3480-158,-12,-3480-157,-12,-3480-156,-12,-3480-155,-12,-3480-154,-12,-3480-153,-12,-3480-152,-12,-3480-151,-12,-3480-150,-12,-3480-149,-12,-3480-148,-12,-3480-147,-12,-3480-146,-12,-3480-145,-12,-3480-144,-12,-3480-143,-12,-3480-142,-12,-3480-141,-12,-3480-140,-12,-3480-139,-12,-3480-138,-12,-3480-137,-12,-3480-136,-12,-3480-135,-12,-3480-134,-12,-3480-133,-12,-3480-132,-12,-3480-131,-12,-3480-130,-12,-3480-129,-12,-3480-128,-12,-3480-127,-12,-3480-126,-12,-3480-125,-12,-3480-124,-12,-3480-123,-12,-3480-122,-12,-3480-121,-12,-3480-120,-12,-3480-119,-12,-3480-118,-12,-3480-117,-12,-3480-116,-12,-3480-115,-12,-3480-114,-12,-3480-113,-12,-3480-112,-12,-3480-111,-12,-3480-110,-12,-3480-109,-12,-3480-108,-12,-3480-107,-12,-3480-106,-12,-3480-105,-12,-3480-104,-12,-3480-103,-12,-3480-102,-12,-3480-101,-12,-3480-100,-12,-3480-99,-12,-3480-98,-12,-3480-97,-12,-3480-96,-12,-3480-95,-12,-3480-94,-12,-3480-93,-12,-3480-92,-12,-3480-91,-12,-3480-90,-12,-3480-89,-12,-3480-88,-12,-3480-87,-12,-3480-86,-12,-3480-85,-12,-3480-84,-12,-3480-83,-12,-3480-82,-12,-3480-81,-12,-3480-80,-12,-3480-79,-12,-3480-78,-12,-3480-77,-12,-3480-76,-12,-3480-75,-12,-3480-74,-12,-3480-73,-12,-3480-72,-12,-3480-71,-12,-3480-70,-12,-3480-69,-12,-3480-68,-12,-3480-67,-12,-3480-66,-12,-3480-65,-12,-3480-64,-12,-3480-63,-12,-3480-62,-12,-3480-61,-12,-3480-60,-12,-3480-59,-12,-3480-58,-12,-3480-57,-12,-3400-56,-12,-2240-55,-12,-1880-54,-12,-1840-53,-12,-1200-52,-12,-640-51,-12,-400-50,-12,-240-49,-12,-120-48,-12,-40-47,-12,80-46,-12,160-45,-12,240-44,-12,240-43,-12,360-42,-12,360-41,-12,320-40,-12,280-39,-12,320-38,-12,280-37,-12,280-36,-12,360-35,-12,400-34,-12,360-33,-12,360-32,-12,360-31,-12,360-30,-12,400-29,-12,400-28,-12,560-27,-12,680-26,-12,560-25,-12,520-24,-12,520-23,-12,600-22,-12,760-21,-12,760-20,-12,800-19,-12,840-18,-12,760-17,-12,640-16,-12,680-15,-12,1080-14,-12,1480-13,-12,1560-12,-12,1120-11,-12,720-10,-12,600-9,-12,600-8,-12,480-7,-12,440-6,-12,440-5,-12,520-4,-12,560-3,-12,600-2,-12,600-1,-12,6000,-12,8401,-12,13602,-12,17603,-12,13204,-12,7605,-12,5606,-12,4007,-12,2808,-12,2409,-12,28010,-12,28011,-12,32012,-12,28013,-12,24014,-12,24015,-12,28016,-12,24017,-12,20018,-12,8019,-12,-12020,-12,-20021,-12,-24022,-12,-28023,-12,-24024,-12,-32025,-12,-40026,-12,-52027,-12,-56028,-12,-68029,-12,-80030,-12,-96031,-12,-132032,-12,-180033,-12,-248034,-12,-296035,-12,-328036,-12,-348037,-12,-348038,-12,-348039,-12,-348040,-12,-348041,-12,-348042,-12,-348043,-12,-348044,-12,-348045,-12,-348046,-12,-348047,-12,-348048,-12,-348049,-12,-348050,-12,-348051,-12,-348052,-12,-348053,-12,-348054,-12,-348055,-12,-348056,-12,-348057,-12,-348058,-12,-348059,-12,-348060,-12,-348061,-12,-348062,-12,-348063,-12,-348064,-12,-348065,-12,-348066,-12,-348067,-12,-348068,-12,-348069,-12,-348070,-12,-348071,-12,-348072,-12,-348073,-12,-348074,-12,-348075,-12,-348076,-12,-348077,-12,-348078,-12,-348079,-12,-348080,-12,-348081,-12,-348082,-12,-348083,-12,-348084,-12,-348085,-12,-348086,-12,-348087,-12,-348088,-12,-348089,-12,-312090,-12,-148091,-12,-64092,-12,-28093,-12,094,-12,8095,-12,4096,-12,-8097,-12,-16098,-12,-16099,-12,-160100,-12,-160101,-12,-160102,-12,-160103,-12,-160104,-12,-160105,-12,-160106,-12,-160107,-12,-160108,-12,-160109,-12,-160110,-12,-160111,-12,-200112,-12,-280113,-12,-360114,-12,-680115,-12,-1320116,-12,-2120117,-12,-3000118,-12,-3400119,-12,-3480120,-12,-3480121,-12,-3480122,-12,-3480123,-12,-3480124,-12,-3480125,-12,-3480126,-12,-3480127,-12,-3480128,-12,-3480129,-12,-3480130,-12,-3480131,-12,-3480132,-12,-3480133,-12,-3480134,-12,-3480135,-12,-3480136,-12,-3480137,-12,-3480138,-12,-3480139,-12,-3480140,-12,-3480141,-12,-3480142,-12,-3480143,-12,-3480144,-12,-3480145,-12,-3480146,-12,-3480147,-12,-3480148,-12,-3480149,-12,-3480150,-12,-3480151,-12,-3480152,-12,-3480153,-12,-3480154,-12,-3480155,-12,-3480156,-12,-3480157,-12,-3480158,-12,-3480159,-12,-3480160,-12,-3480161,-12,-3480162,-12,-3480163,-12,-3480164,-12,-3480165,-12,-3480166,-12,-3480167,-12,-3480168,-12,-3480169,-12,-3480170,-12,-3480171,-12,-3480172,-12,-3480173,-12,-3480174,-12,-3480175,-12,-3480176,-12,-3480177,-12,-3480178,-12,-3480179,-12,-3480-180,-13,-3480-179,-13,-3480-178,-13,-3480-177,-13,-3480-176,-13,-3480-175,-13,-3480-174,-13,-3480-173,-13,-3480-172,-13,-3480-171,-13,-3480-170,-13,-3480-169,-13,-3480-168,-13,-3480-167,-13,-3480-166,-13,-3480-165,-13,-3480-164,-13,-3480-163,-13,-3480-162,-13,-3480-161,-13,-3480-160,-13,-3480-159,-13,-3480-158,-13,-3480-157,-13,-3480-156,-13,-3480-155,-13,-3480-154,-13,-3480-153,-13,-3480-152,-13,-3480-151,-13,-3480-150,-13,-3480-149,-13,-3480-148,-13,-3480-147,-13,-3480-146,-13,-3480-145,-13,-3480-144,-13,-3480-143,-13,-3480-142,-13,-3480-141,-13,-3480-140,-13,-3480-139,-13,-3480-138,-13,-3480-137,-13,-3480-136,-13,-3480-135,-13,-3480-134,-13,-3480-133,-13,-3480-132,-13,-3480-131,-13,-3480-130,-13,-3480-129,-13,-3480-128,-13,-3480-127,-13,-3480-126,-13,-3480-125,-13,-3480-124,-13,-3480-123,-13,-3480-122,-13,-3480-121,-13,-3480-120,-13,-3480-119,-13,-3480-118,-13,-3480-117,-13,-3480-116,-13,-3480-115,-13,-3480-114,-13,-3480-113,-13,-3480-112,-13,-3480-111,-13,-3480-110,-13,-3480-109,-13,-3480-108,-13,-3480-107,-13,-3480-106,-13,-3480-105,-13,-3480-104,-13,-3480-103,-13,-3480-102,-13,-3480-101,-13,-3480-100,-13,-3480-99,-13,-3480-98,-13,-3480-97,-13,-3480-96,-13,-3480-95,-13,-3480-94,-13,-3480-93,-13,-3480-92,-13,-3480-91,-13,-3480-90,-13,-3480-89,-13,-3480-88,-13,-3480-87,-13,-3480-86,-13,-3480-85,-13,-3480-84,-13,-3480-83,-13,-3480-82,-13,-3480-81,-13,-3480-80,-13,-3480-79,-13,-3480-78,-13,-3480-77,-13,-3480-76,-13,-3480-75,-13,-3480-74,-13,-3480-73,-13,-3480-72,-13,-3480-71,-13,-3480-70,-13,-3480-69,-13,-3480-68,-13,-3480-67,-13,-3480-66,-13,-3480-65,-13,-3480-64,-13,-3480-63,-13,-3480-62,-13,-3480-61,-13,-3480-60,-13,-3480-59,-13,-3480-58,-13,-3480-57,-13,-3280-56,-13,-2200-55,-13,-1960-54,-13,-1760-53,-13,-1120-52,-13,-680-51,-13,-400-50,-13,-280-49,-13,-120-48,-13,0-47,-13,80-46,-13,160-45,-13,200-44,-13,200-43,-13,200-42,-13,200-41,-13,200-40,-13,200-39,-13,200-38,-13,200-37,-13,240-36,-13,280-35,-13,280-34,-13,280-33,-13,320-32,-13,320-31,-13,320-30,-13,320-29,-13,320-28,-13,360-27,-13,480-26,-13,520-25,-13,600-24,-13,680-23,-13,600-22,-13,560-21,-13,600-20,-13,520-19,-13,560-18,-13,560-17,-13,600-16,-13,680-15,-13,960-14,-13,1560-13,-13,1680-12,-13,1040-11,-13,520-10,-13,520-9,-13,480-8,-13,400-7,-13,400-6,-13,360-5,-13,400-4,-13,440-3,-13,520-2,-13,520-1,-13,5600,-13,7201,-13,11202,-13,17203,-13,14404,-13,7605,-13,5206,-13,4007,-13,3208,-13,2009,-13,24010,-13,24011,-13,28012,-13,24013,-13,24014,-13,24015,-13,24016,-13,24017,-13,16018,-13,019,-13,-20020,-13,-24021,-13,-36022,-13,-44023,-13,-52024,-13,-64025,-13,-64026,-13,-76027,-13,-76028,-13,-88029,-13,-96030,-13,-108031,-13,-120032,-13,-144033,-13,-136034,-13,-168035,-13,-276036,-13,-320037,-13,-344038,-13,-348039,-13,-348040,-13,-348041,-13,-348042,-13,-348043,-13,-348044,-13,-348045,-13,-348046,-13,-348047,-13,-348048,-13,-348049,-13,-348050,-13,-348051,-13,-348052,-13,-348053,-13,-348054,-13,-348055,-13,-348056,-13,-348057,-13,-348058,-13,-348059,-13,-348060,-13,-348061,-13,-348062,-13,-348063,-13,-348064,-13,-348065,-13,-348066,-13,-348067,-13,-348068,-13,-348069,-13,-348070,-13,-348071,-13,-348072,-13,-348073,-13,-348074,-13,-348075,-13,-348076,-13,-348077,-13,-348078,-13,-348079,-13,-348080,-13,-348081,-13,-348082,-13,-348083,-13,-348084,-13,-348085,-13,-348086,-13,-348087,-13,-348088,-13,-348089,-13,-340090,-13,-212091,-13,-116092,-13,-56093,-13,-20094,-13,-12095,-13,-8096,-13,-12097,-13,-16098,-13,-16099,-13,-160100,-13,-160101,-13,-160102,-13,-160103,-13,-120104,-13,-160105,-13,-160106,-13,-160107,-13,-160108,-13,-160109,-13,-160110,-13,-160111,-13,-160112,-13,-200113,-13,-240114,-13,-280115,-13,-560116,-13,-1120117,-13,-2160118,-13,-2880119,-13,-3360120,-13,-3480121,-13,-3480122,-13,-3480123,-13,-3480124,-13,-3480125,-13,-3480126,-13,-3480127,-13,-3480128,-13,-3480129,-13,-3480130,-13,-3480131,-13,-3480132,-13,-3480133,-13,-3480134,-13,-3480135,-13,-3480136,-13,-3480137,-13,-3480138,-13,-3480139,-13,-3480140,-13,-3480141,-13,-3480142,-13,-3480143,-13,-3480144,-13,-3480145,-13,-3480146,-13,-3480147,-13,-3480148,-13,-3480149,-13,-3480150,-13,-3480151,-13,-3480152,-13,-3480153,-13,-3480154,-13,-3480155,-13,-3480156,-13,-3480157,-13,-3480158,-13,-3480159,-13,-3480160,-13,-3480161,-13,-3480162,-13,-3480163,-13,-3480164,-13,-3480165,-13,-3480166,-13,-3480167,-13,-3480168,-13,-3480169,-13,-3480170,-13,-3480171,-13,-3480172,-13,-3480173,-13,-3480174,-13,-3480175,-13,-3480176,-13,-3480177,-13,-3480178,-13,-3480179,-13,-3480-180,-14,-3480-179,-14,-3480-178,-14,-3480-177,-14,-3480-176,-14,-3480-175,-14,-3480-174,-14,-3480-173,-14,-3480-172,-14,-3480-171,-14,-3480-170,-14,-3480-169,-14,-3480-168,-14,-3480-167,-14,-3480-166,-14,-3480-165,-14,-3480-164,-14,-3480-163,-14,-3480-162,-14,-3480-161,-14,-3480-160,-14,-3480-159,-14,-3480-158,-14,-3480-157,-14,-3480-156,-14,-3480-155,-14,-3480-154,-14,-3480-153,-14,-3480-152,-14,-3480-151,-14,-3480-150,-14,-3480-149,-14,-3480-148,-14,-3480-147,-14,-3480-146,-14,-3480-145,-14,-3480-144,-14,-3480-143,-14,-3480-142,-14,-3480-141,-14,-3480-140,-14,-3480-139,-14,-3480-138,-14,-3480-137,-14,-3480-136,-14,-3480-135,-14,-3480-134,-14,-3480-133,-14,-3480-132,-14,-3480-131,-14,-3480-130,-14,-3480-129,-14,-3480-128,-14,-3480-127,-14,-3480-126,-14,-3480-125,-14,-3480-124,-14,-3480-123,-14,-3480-122,-14,-3480-121,-14,-3480-120,-14,-3480-119,-14,-3480-118,-14,-3480-117,-14,-3480-116,-14,-3480-115,-14,-3480-114,-14,-3480-113,-14,-3480-112,-14,-3480-111,-14,-3480-110,-14,-3480-109,-14,-3480-108,-14,-3480-107,-14,-3480-106,-14,-3480-105,-14,-3480-104,-14,-3480-103,-14,-3480-102,-14,-3480-101,-14,-3480-100,-14,-3480-99,-14,-3480-98,-14,-3480-97,-14,-3480-96,-14,-3480-95,-14,-3480-94,-14,-3480-93,-14,-3480-92,-14,-3480-91,-14,-3480-90,-14,-3480-89,-14,-3480-88,-14,-3480-87,-14,-3480-86,-14,-3480-85,-14,-3480-84,-14,-3480-83,-14,-3480-82,-14,-3480-81,-14,-3480-80,-14,-3480-79,-14,-3480-78,-14,-3480-77,-14,-3480-76,-14,-3480-75,-14,-3480-74,-14,-3480-73,-14,-3480-72,-14,-3480-71,-14,-3480-70,-14,-3480-69,-14,-3480-68,-14,-3480-67,-14,-3480-66,-14,-3480-65,-14,-3480-64,-14,-3480-63,-14,-3480-62,-14,-3480-61,-14,-3480-60,-14,-3480-59,-14,-3480-58,-14,-3480-57,-14,-3160-56,-14,-2160-55,-14,-1880-54,-14,-1440-53,-14,-960-52,-14,-600-51,-14,-360-50,-14,-200-49,-14,-80-48,-14,80-47,-14,120-46,-14,160-45,-14,200-44,-14,200-43,-14,200-42,-14,200-41,-14,200-40,-14,240-39,-14,240-38,-14,200-37,-14,200-36,-14,200-35,-14,240-34,-14,240-33,-14,240-32,-14,240-31,-14,240-30,-14,280-29,-14,280-28,-14,280-27,-14,320-26,-14,360-25,-14,360-24,-14,400-23,-14,360-22,-14,360-21,-14,360-20,-14,400-19,-14,400-18,-14,480-17,-14,640-16,-14,800-15,-14,1160-14,-14,1560-13,-14,1400-12,-14,800-11,-14,480-10,-14,400-9,-14,400-8,-14,360-7,-14,320-6,-14,320-5,-14,320-4,-14,400-3,-14,440-2,-14,480-1,-14,5600,-14,6401,-14,9202,-14,12803,-14,14404,-14,7605,-14,4806,-14,3607,-14,3608,-14,2409,-14,20010,-14,20011,-14,20012,-14,16013,-14,16014,-14,12015,-14,8016,-14,8017,-14,4018,-14,-12019,-14,-24020,-14,-40021,-14,-56022,-14,-72023,-14,-80024,-14,-88025,-14,-92026,-14,-100027,-14,-100028,-14,-116029,-14,-128030,-14,-136031,-14,-148032,-14,-152033,-14,-148034,-14,-112035,-14,-148036,-14,-236037,-14,-316038,-14,-344039,-14,-348040,-14,-348041,-14,-348042,-14,-348043,-14,-348044,-14,-348045,-14,-348046,-14,-348047,-14,-348048,-14,-348049,-14,-348050,-14,-348051,-14,-348052,-14,-348053,-14,-348054,-14,-348055,-14,-348056,-14,-348057,-14,-348058,-14,-348059,-14,-348060,-14,-348061,-14,-348062,-14,-348063,-14,-348064,-14,-348065,-14,-348066,-14,-348067,-14,-348068,-14,-348069,-14,-348070,-14,-348071,-14,-348072,-14,-348073,-14,-348074,-14,-348075,-14,-348076,-14,-348077,-14,-348078,-14,-348079,-14,-348080,-14,-348081,-14,-348082,-14,-348083,-14,-348084,-14,-348085,-14,-348086,-14,-348087,-14,-348088,-14,-348089,-14,-348090,-14,-276091,-14,-208092,-14,-120093,-14,-48094,-14,-20095,-14,-16096,-14,-16097,-14,-16098,-14,-16099,-14,-160100,-14,-160101,-14,-160102,-14,-160103,-14,-160104,-14,-160105,-14,-160106,-14,-160107,-14,-160108,-14,-160109,-14,-160110,-14,-160111,-14,-160112,-14,-160113,-14,-160114,-14,-280115,-14,-280116,-14,-520117,-14,-1200118,-14,-2400119,-14,-3120120,-14,-3440121,-14,-3480122,-14,-3480123,-14,-3480124,-14,-3480125,-14,-3480126,-14,-3480127,-14,-3480128,-14,-3480129,-14,-3480130,-14,-3480131,-14,-3480132,-14,-3480133,-14,-3480134,-14,-3480135,-14,-3480136,-14,-3480137,-14,-3480138,-14,-3480139,-14,-3480140,-14,-3480141,-14,-3480142,-14,-3480143,-14,-3480144,-14,-3480145,-14,-3480146,-14,-3480147,-14,-3480148,-14,-3480149,-14,-3480150,-14,-3480151,-14,-3480152,-14,-3480153,-14,-3480154,-14,-3480155,-14,-3480156,-14,-3480157,-14,-3480158,-14,-3480159,-14,-3480160,-14,-3480161,-14,-3480162,-14,-3480163,-14,-3480164,-14,-3480165,-14,-3480166,-14,-3480167,-14,-3480168,-14,-3480169,-14,-3480170,-14,-3480171,-14,-3480172,-14,-3480173,-14,-3480174,-14,-3480175,-14,-3480176,-14,-3480177,-14,-3480178,-14,-3480179,-14,-3480-180,-15,-3480-179,-15,-3480-178,-15,-3480-177,-15,-3480-176,-15,-3480-175,-15,-3480-174,-15,-3480-173,-15,-3480-172,-15,-3480-171,-15,-3480-170,-15,-3480-169,-15,-3480-168,-15,-3480-167,-15,-3480-166,-15,-3480-165,-15,-3480-164,-15,-3480-163,-15,-3480-162,-15,-3480-161,-15,-3480-160,-15,-3480-159,-15,-3480-158,-15,-3480-157,-15,-3480-156,-15,-3480-155,-15,-3480-154,-15,-3480-153,-15,-3480-152,-15,-3480-151,-15,-3480-150,-15,-3480-149,-15,-3480-148,-15,-3480-147,-15,-3480-146,-15,-3480-145,-15,-3480-144,-15,-3480-143,-15,-3480-142,-15,-3480-141,-15,-3480-140,-15,-3480-139,-15,-3480-138,-15,-3480-137,-15,-3480-136,-15,-3480-135,-15,-3480-134,-15,-3480-133,-15,-3480-132,-15,-3480-131,-15,-3480-130,-15,-3480-129,-15,-3480-128,-15,-3480-127,-15,-3480-126,-15,-3480-125,-15,-3480-124,-15,-3480-123,-15,-3480-122,-15,-3480-121,-15,-3480-120,-15,-3480-119,-15,-3480-118,-15,-3480-117,-15,-3480-116,-15,-3480-115,-15,-3480-114,-15,-3480-113,-15,-3480-112,-15,-3480-111,-15,-3480-110,-15,-3480-109,-15,-3480-108,-15,-3480-107,-15,-3480-106,-15,-3480-105,-15,-3480-104,-15,-3480-103,-15,-3480-102,-15,-3480-101,-15,-3480-100,-15,-3480-99,-15,-3480-98,-15,-3480-97,-15,-3480-96,-15,-3480-95,-15,-3480-94,-15,-3480-93,-15,-3480-92,-15,-3480-91,-15,-3480-90,-15,-3480-89,-15,-3480-88,-15,-3480-87,-15,-3480-86,-15,-3480-85,-15,-3480-84,-15,-3480-83,-15,-3480-82,-15,-3480-81,-15,-3480-80,-15,-3480-79,-15,-3480-78,-15,-3480-77,-15,-3480-76,-15,-3480-75,-15,-3480-74,-15,-3480-73,-15,-3480-72,-15,-3480-71,-15,-3480-70,-15,-3480-69,-15,-3480-68,-15,-3480-67,-15,-3480-66,-15,-3480-65,-15,-3480-64,-15,-3480-63,-15,-3480-62,-15,-3480-61,-15,-3480-60,-15,-3480-59,-15,-3480-58,-15,-3480-57,-15,-3120-56,-15,-2120-55,-15,-1840-54,-15,-1320-53,-15,-800-52,-15,-560-51,-15,-280-50,-15,-160-49,-15,-120-48,-15,80-47,-15,120-46,-15,160-45,-15,200-44,-15,200-43,-15,200-42,-15,200-41,-15,200-40,-15,200-39,-15,240-38,-15,240-37,-15,240-36,-15,240-35,-15,240-34,-15,240-33,-15,240-32,-15,240-31,-15,240-30,-15,240-29,-15,280-28,-15,280-27,-15,320-26,-15,280-25,-15,280-24,-15,280-23,-15,280-22,-15,280-21,-15,320-20,-15,360-19,-15,440-18,-15,560-17,-15,680-16,-15,880-15,-15,1280-14,-15,1360-13,-15,1000-12,-15,520-11,-15,440-10,-15,400-9,-15,360-8,-15,320-7,-15,280-6,-15,280-5,-15,320-4,-15,360-3,-15,360-2,-15,440-1,-15,6000,-15,6401,-15,8802,-15,12403,-15,14804,-15,8405,-15,5206,-15,3607,-15,3608,-15,2409,-15,24010,-15,16011,-15,20012,-15,8013,-15,014,-15,015,-15,-4016,-15,-8017,-15,-12018,-15,-20019,-15,-36020,-15,-52021,-15,-76022,-15,-88023,-15,-104024,-15,-108025,-15,-112026,-15,-120027,-15,-132028,-15,-144029,-15,-128030,-15,-124031,-15,-124032,-15,-128033,-15,-124034,-15,-116035,-15,-116036,-15,-148037,-15,-204038,-15,-316039,-15,-332040,-15,-340041,-15,-348042,-15,-348043,-15,-348044,-15,-348045,-15,-348046,-15,-348047,-15,-348048,-15,-348049,-15,-348050,-15,-348051,-15,-348052,-15,-348053,-15,-348054,-15,-348055,-15,-348056,-15,-348057,-15,-348058,-15,-348059,-15,-348060,-15,-348061,-15,-348062,-15,-348063,-15,-348064,-15,-348065,-15,-348066,-15,-348067,-15,-348068,-15,-348069,-15,-348070,-15,-348071,-15,-348072,-15,-348073,-15,-348074,-15,-348075,-15,-348076,-15,-348077,-15,-348078,-15,-348079,-15,-348080,-15,-348081,-15,-348082,-15,-348083,-15,-348084,-15,-348085,-15,-348086,-15,-348087,-15,-348088,-15,-348089,-15,-348090,-15,-304091,-15,-248092,-15,-180093,-15,-92094,-15,-40095,-15,-28096,-15,-20097,-15,-16098,-15,-16099,-15,-160100,-15,-160101,-15,-160102,-15,-160103,-15,-160104,-15,-160105,-15,-160106,-15,-160107,-15,-80108,-15,-120109,-15,-160110,-15,-160111,-15,-160112,-15,-160113,-15,-160114,-15,-200115,-15,-280116,-15,-320117,-15,-520118,-15,-1520119,-15,-2760120,-15,-3400121,-15,-3480122,-15,-3480123,-15,-3480124,-15,-3480125,-15,-3480126,-15,-3480127,-15,-3480128,-15,-3480129,-15,-3480130,-15,-3480131,-15,-3480132,-15,-3480133,-15,-3480134,-15,-3480135,-15,-3480136,-15,-3480137,-15,-3480138,-15,-3480139,-15,-3480140,-15,-3480141,-15,-3480142,-15,-3480143,-15,-3480144,-15,-3480145,-15,-3480146,-15,-3480147,-15,-3480148,-15,-3480149,-15,-3480150,-15,-3480151,-15,-3480152,-15,-3480153,-15,-3480154,-15,-3480155,-15,-3480156,-15,-3480157,-15,-3480158,-15,-3480159,-15,-3480160,-15,-3480161,-15,-3480162,-15,-3480163,-15,-3480164,-15,-3480165,-15,-3480166,-15,-3480167,-15,-3480168,-15,-3480169,-15,-3480170,-15,-3480171,-15,-3480172,-15,-3480173,-15,-3480174,-15,-3480175,-15,-3480176,-15,-3480177,-15,-3480178,-15,-3480179,-15,-3480-180,-16,-3480-179,-16,-3480-178,-16,-3480-177,-16,-3480-176,-16,-3480-175,-16,-3480-174,-16,-3480-173,-16,-3480-172,-16,-3480-171,-16,-3480-170,-16,-3480-169,-16,-3480-168,-16,-3480-167,-16,-3480-166,-16,-3480-165,-16,-3480-164,-16,-3480-163,-16,-3480-162,-16,-3480-161,-16,-3480-160,-16,-3480-159,-16,-3480-158,-16,-3480-157,-16,-3480-156,-16,-3480-155,-16,-3480-154,-16,-3480-153,-16,-3480-152,-16,-3480-151,-16,-3480-150,-16,-3480-149,-16,-3480-148,-16,-3480-147,-16,-3480-146,-16,-3480-145,-16,-3480-144,-16,-3480-143,-16,-3480-142,-16,-3480-141,-16,-3480-140,-16,-3480-139,-16,-3480-138,-16,-3480-137,-16,-3480-136,-16,-3480-135,-16,-3480-134,-16,-3480-133,-16,-3480-132,-16,-3480-131,-16,-3480-130,-16,-3480-129,-16,-3480-128,-16,-3480-127,-16,-3480-126,-16,-3480-125,-16,-3480-124,-16,-3480-123,-16,-3480-122,-16,-3480-121,-16,-3480-120,-16,-3480-119,-16,-3480-118,-16,-3480-117,-16,-3480-116,-16,-3480-115,-16,-3480-114,-16,-3480-113,-16,-3480-112,-16,-3480-111,-16,-3480-110,-16,-3480-109,-16,-3480-108,-16,-3480-107,-16,-3480-106,-16,-3480-105,-16,-3480-104,-16,-3480-103,-16,-3480-102,-16,-3480-101,-16,-3480-100,-16,-3480-99,-16,-3480-98,-16,-3480-97,-16,-3480-96,-16,-3480-95,-16,-3480-94,-16,-3480-93,-16,-3480-92,-16,-3480-91,-16,-3480-90,-16,-3480-89,-16,-3480-88,-16,-3480-87,-16,-3480-86,-16,-3480-85,-16,-3480-84,-16,-3480-83,-16,-3480-82,-16,-3480-81,-16,-3480-80,-16,-3480-79,-16,-3480-78,-16,-3480-77,-16,-3480-76,-16,-3480-75,-16,-3480-74,-16,-3480-73,-16,-3480-72,-16,-3480-71,-16,-3480-70,-16,-3480-69,-16,-3480-68,-16,-3480-67,-16,-3480-66,-16,-3480-65,-16,-3480-64,-16,-3480-63,-16,-3480-62,-16,-3480-61,-16,-3480-60,-16,-3480-59,-16,-3480-58,-16,-3480-57,-16,-3400-56,-16,-2160-55,-16,-1800-54,-16,-1240-53,-16,-720-52,-16,-440-51,-16,-280-50,-16,-160-49,-16,-80-48,-16,40-47,-16,120-46,-16,160-45,-16,160-44,-16,160-43,-16,160-42,-16,160-41,-16,160-40,-16,160-39,-16,200-38,-16,240-37,-16,240-36,-16,240-35,-16,240-34,-16,240-33,-16,240-32,-16,240-31,-16,240-30,-16,280-29,-16,240-28,-16,240-27,-16,240-26,-16,280-25,-16,240-24,-16,280-23,-16,280-22,-16,320-21,-16,240-20,-16,360-19,-16,400-18,-16,480-17,-16,600-16,-16,720-15,-16,1000-14,-16,880-13,-16,640-12,-16,440-11,-16,360-10,-16,360-9,-16,320-8,-16,280-7,-16,240-6,-16,240-5,-16,320-4,-16,280-3,-16,360-2,-16,400-1,-16,5200,-16,6401,-16,8802,-16,12403,-16,14004,-16,8405,-16,5206,-16,3607,-16,3208,-16,2809,-16,24010,-16,24011,-16,12012,-16,013,-16,-4014,-16,-4015,-16,-4016,-16,-12017,-16,-12018,-16,-20019,-16,-32020,-16,-56021,-16,-80022,-16,-100023,-16,-104024,-16,-108025,-16,-116026,-16,-128027,-16,-124028,-16,-108029,-16,-96030,-16,-88031,-16,-88032,-16,-92033,-16,-100034,-16,-104035,-16,-108036,-16,-132037,-16,-172038,-16,-188039,-16,-236040,-16,-284041,-16,-316042,-16,-336043,-16,-344044,-16,-348045,-16,-348046,-16,-348047,-16,-348048,-16,-348049,-16,-348050,-16,-348051,-16,-348052,-16,-348053,-16,-348054,-16,-348055,-16,-348056,-16,-348057,-16,-348058,-16,-348059,-16,-348060,-16,-348061,-16,-348062,-16,-348063,-16,-348064,-16,-348065,-16,-348066,-16,-348067,-16,-348068,-16,-348069,-16,-348070,-16,-348071,-16,-348072,-16,-348073,-16,-348074,-16,-348075,-16,-348076,-16,-348077,-16,-348078,-16,-348079,-16,-348080,-16,-348081,-16,-348082,-16,-348083,-16,-348084,-16,-348085,-16,-348086,-16,-348087,-16,-348088,-16,-348089,-16,-348090,-16,-328091,-16,-264092,-16,-224093,-16,-140094,-16,-64095,-16,-32096,-16,-24097,-16,-20098,-16,-16099,-16,-160100,-16,-160101,-16,-160102,-16,-160103,-16,-160104,-16,-160105,-16,-160106,-16,-120107,-16,40108,-16,120109,-16,80110,-16,-120111,-16,-160112,-16,-160113,-16,-160114,-16,-400115,-16,-840116,-16,-720117,-16,-480118,-16,-920119,-16,-2160120,-16,-3240121,-16,-3480122,-16,-3480123,-16,-3480124,-16,-3480125,-16,-3480126,-16,-3480127,-16,-3480128,-16,-3480129,-16,-3480130,-16,-3480131,-16,-3480132,-16,-3480133,-16,-3480134,-16,-3480135,-16,-3480136,-16,-3480137,-16,-3480138,-16,-3480139,-16,-3480140,-16,-3480141,-16,-3480142,-16,-3480143,-16,-3480144,-16,-3480145,-16,-3480146,-16,-3480147,-16,-3480148,-16,-3480149,-16,-3480150,-16,-3480151,-16,-3480152,-16,-3480153,-16,-3480154,-16,-3480155,-16,-3480156,-16,-3480157,-16,-3480158,-16,-3480159,-16,-3480160,-16,-3480161,-16,-3480162,-16,-3480163,-16,-3480164,-16,-3480165,-16,-3480166,-16,-3480167,-16,-3480168,-16,-3480169,-16,-3480170,-16,-3480171,-16,-3480172,-16,-3480173,-16,-3480174,-16,-3480175,-16,-3480176,-16,-3480177,-16,-3480178,-16,-3480179,-16,-3480-180,-17,-3480-179,-17,-3480-178,-17,-3480-177,-17,-3480-176,-17,-3480-175,-17,-3480-174,-17,-3480-173,-17,-3480-172,-17,-3480-171,-17,-3480-170,-17,-3480-169,-17,-3480-168,-17,-3480-167,-17,-3480-166,-17,-3480-165,-17,-3480-164,-17,-3480-163,-17,-3480-162,-17,-3480-161,-17,-3480-160,-17,-3480-159,-17,-3480-158,-17,-3480-157,-17,-3480-156,-17,-3480-155,-17,-3480-154,-17,-3480-153,-17,-3480-152,-17,-3480-151,-17,-3480-150,-17,-3480-149,-17,-3480-148,-17,-3480-147,-17,-3480-146,-17,-3480-145,-17,-3480-144,-17,-3480-143,-17,-3480-142,-17,-3480-141,-17,-3480-140,-17,-3480-139,-17,-3480-138,-17,-3480-137,-17,-3480-136,-17,-3480-135,-17,-3480-134,-17,-3480-133,-17,-3480-132,-17,-3480-131,-17,-3480-130,-17,-3480-129,-17,-3480-128,-17,-3480-127,-17,-3480-126,-17,-3480-125,-17,-3480-124,-17,-3480-123,-17,-3480-122,-17,-3480-121,-17,-3480-120,-17,-3480-119,-17,-3480-118,-17,-3480-117,-17,-3480-116,-17,-3480-115,-17,-3480-114,-17,-3480-113,-17,-3480-112,-17,-3480-111,-17,-3480-110,-17,-3480-109,-17,-3480-108,-17,-3480-107,-17,-3480-106,-17,-3480-105,-17,-3480-104,-17,-3480-103,-17,-3480-102,-17,-3480-101,-17,-3480-100,-17,-3480-99,-17,-3480-98,-17,-3480-97,-17,-3480-96,-17,-3480-95,-17,-3480-94,-17,-3480-93,-17,-3480-92,-17,-3480-91,-17,-3480-90,-17,-3480-89,-17,-3480-88,-17,-3480-87,-17,-3480-86,-17,-3480-85,-17,-3480-84,-17,-3480-83,-17,-3480-82,-17,-3480-81,-17,-3480-80,-17,-3480-79,-17,-3480-78,-17,-3480-77,-17,-3480-76,-17,-3480-75,-17,-3480-74,-17,-3480-73,-17,-3480-72,-17,-3480-71,-17,-3480-70,-17,-3480-69,-17,-3480-68,-17,-3480-67,-17,-3480-66,-17,-3480-65,-17,-3480-64,-17,-3480-63,-17,-3480-62,-17,-3480-61,-17,-3480-60,-17,-3480-59,-17,-3480-58,-17,-3480-57,-17,-3360-56,-17,-2280-55,-17,-1720-54,-17,-1120-53,-17,-560-52,-17,-200-51,-17,-160-50,-17,-160-49,-17,-80-48,-17,40-47,-17,80-46,-17,80-45,-17,120-44,-17,120-43,-17,120-42,-17,120-41,-17,120-40,-17,160-39,-17,160-38,-17,160-37,-17,200-36,-17,200-35,-17,200-34,-17,240-33,-17,240-32,-17,240-31,-17,240-30,-17,240-29,-17,240-28,-17,240-27,-17,240-26,-17,240-25,-17,240-24,-17,280-23,-17,280-22,-17,280-21,-17,240-20,-17,320-19,-17,360-18,-17,360-17,-17,480-16,-17,560-15,-17,680-14,-17,600-13,-17,360-12,-17,400-11,-17,280-10,-17,280-9,-17,280-8,-17,240-7,-17,240-6,-17,240-5,-17,280-4,-17,280-3,-17,320-2,-17,360-1,-17,4800,-17,6001,-17,8802,-17,11603,-17,11604,-17,8405,-17,5206,-17,4007,-17,3608,-17,2809,-17,24010,-17,24011,-17,4012,-17,-4013,-17,-4014,-17,-4015,-17,-8016,-17,-12017,-17,-12018,-17,-24019,-17,-32020,-17,-48021,-17,-68022,-17,-80023,-17,-88024,-17,-84025,-17,-76026,-17,-76027,-17,-64028,-17,-64029,-17,-60030,-17,-60031,-17,-60032,-17,-64033,-17,-68034,-17,-76035,-17,-84036,-17,-112037,-17,-156038,-17,-160039,-17,-140040,-17,-144041,-17,-248042,-17,-264043,-17,-312044,-17,-340045,-17,-348046,-17,-348047,-17,-348048,-17,-348049,-17,-348050,-17,-348051,-17,-348052,-17,-348053,-17,-348054,-17,-348055,-17,-348056,-17,-348057,-17,-348058,-17,-348059,-17,-348060,-17,-348061,-17,-348062,-17,-348063,-17,-348064,-17,-348065,-17,-348066,-17,-348067,-17,-348068,-17,-348069,-17,-348070,-17,-348071,-17,-348072,-17,-348073,-17,-348074,-17,-348075,-17,-348076,-17,-348077,-17,-348078,-17,-348079,-17,-348080,-17,-348081,-17,-348082,-17,-348083,-17,-348084,-17,-348085,-17,-348086,-17,-348087,-17,-348088,-17,-348089,-17,-348090,-17,-348091,-17,-280092,-17,-248093,-17,-160094,-17,-84095,-17,-36096,-17,-24097,-17,-20098,-17,-12099,-17,-120100,-17,-160101,-17,-160102,-17,-160103,-17,-160104,-17,-160105,-17,-160106,-17,-120107,-17,0108,-17,80109,-17,0110,-17,-120111,-17,-160112,-17,-160113,-17,-160114,-17,-280115,-17,-600116,-17,-1240117,-17,-1160118,-17,-1240119,-17,-2360120,-17,-2800121,-17,-3320122,-17,-3480123,-17,-3480124,-17,-3480125,-17,-3480126,-17,-3480127,-17,-3480128,-17,-3480129,-17,-3480130,-17,-3480131,-17,-3480132,-17,-3480133,-17,-3480134,-17,-3480135,-17,-3480136,-17,-3480137,-17,-3480138,-17,-3480139,-17,-3480140,-17,-3480141,-17,-3480142,-17,-3480143,-17,-3480144,-17,-3480145,-17,-3480146,-17,-3480147,-17,-3480148,-17,-3480149,-17,-3480150,-17,-3480151,-17,-3480152,-17,-3480153,-17,-3480154,-17,-3480155,-17,-3480156,-17,-3480157,-17,-3480158,-17,-3480159,-17,-3480160,-17,-3480161,-17,-3480162,-17,-3480163,-17,-3480164,-17,-3480165,-17,-3480166,-17,-3480167,-17,-3480168,-17,-3480169,-17,-3480170,-17,-3480171,-17,-3480172,-17,-3480173,-17,-3480174,-17,-3480175,-17,-3480176,-17,-3480177,-17,-3480178,-17,-3480179,-17,-3480-180,-18,-3480-179,-18,-3480-178,-18,-3480-177,-18,-3480-176,-18,-3480-175,-18,-3480-174,-18,-3480-173,-18,-3480-172,-18,-3480-171,-18,-3480-170,-18,-3480-169,-18,-3480-168,-18,-3480-167,-18,-3480-166,-18,-3480-165,-18,-3480-164,-18,-3480-163,-18,-3480-162,-18,-3480-161,-18,-3480-160,-18,-3480-159,-18,-3480-158,-18,-3480-157,-18,-3480-156,-18,-3480-155,-18,-3480-154,-18,-3480-153,-18,-3480-152,-18,-3480-151,-18,-3480-150,-18,-3480-149,-18,-3480-148,-18,-3480-147,-18,-3480-146,-18,-3480-145,-18,-3480-144,-18,-3480-143,-18,-3480-142,-18,-3480-141,-18,-3480-140,-18,-3480-139,-18,-3480-138,-18,-3480-137,-18,-3480-136,-18,-3480-135,-18,-3480-134,-18,-3480-133,-18,-3480-132,-18,-3480-131,-18,-3480-130,-18,-3480-129,-18,-3480-128,-18,-3480-127,-18,-3480-126,-18,-3480-125,-18,-3480-124,-18,-3480-123,-18,-3480-122,-18,-3480-121,-18,-3480-120,-18,-3480-119,-18,-3480-118,-18,-3480-117,-18,-3480-116,-18,-3480-115,-18,-3480-114,-18,-3480-113,-18,-3480-112,-18,-3480-111,-18,-3480-110,-18,-3480-109,-18,-3480-108,-18,-3480-107,-18,-3480-106,-18,-3480-105,-18,-3480-104,-18,-3480-103,-18,-3480-102,-18,-3480-101,-18,-3480-100,-18,-3480-99,-18,-3480-98,-18,-3480-97,-18,-3480-96,-18,-3480-95,-18,-3480-94,-18,-3480-93,-18,-3480-92,-18,-3480-91,-18,-3480-90,-18,-3480-89,-18,-3480-88,-18,-3480-87,-18,-3480-86,-18,-3480-85,-18,-3480-84,-18,-3480-83,-18,-3480-82,-18,-3480-81,-18,-3480-80,-18,-3480-79,-18,-3480-78,-18,-3480-77,-18,-3480-76,-18,-3480-75,-18,-3480-74,-18,-3480-73,-18,-3480-72,-18,-3480-71,-18,-3480-70,-18,-3480-69,-18,-3480-68,-18,-3480-67,-18,-3480-66,-18,-3480-65,-18,-3480-64,-18,-3480-63,-18,-3480-62,-18,-3480-61,-18,-3480-60,-18,-3480-59,-18,-3480-58,-18,-3480-57,-18,-3320-56,-18,-2520-55,-18,-1880-54,-18,-1040-53,-18,-120-52,-18,440-51,-18,40-50,-18,-160-49,-18,-160-48,-18,40-47,-18,40-46,-18,120-45,-18,80-44,-18,80-43,-18,40-42,-18,80-41,-18,80-40,-18,120-39,-18,160-38,-18,160-37,-18,160-36,-18,160-35,-18,160-34,-18,160-33,-18,160-32,-18,160-31,-18,200-30,-18,200-29,-18,200-28,-18,240-27,-18,240-26,-18,240-25,-18,240-24,-18,240-23,-18,280-22,-18,280-21,-18,280-20,-18,280-19,-18,280-18,-18,320-17,-18,320-16,-18,360-15,-18,400-14,-18,360-13,-18,320-12,-18,280-11,-18,240-10,-18,240-9,-18,240-8,-18,280-7,-18,280-6,-18,240-5,-18,280-4,-18,280-3,-18,280-2,-18,360-1,-18,4800,-18,6801,-18,8802,-18,10003,-18,9604,-18,7205,-18,5206,-18,4007,-18,3608,-18,2809,-18,28010,-18,12011,-18,-4012,-18,-4013,-18,-8014,-18,-8015,-18,-8016,-18,-12017,-18,-16018,-18,-20019,-18,-28020,-18,-40021,-18,-44022,-18,-52023,-18,-52024,-18,-44025,-18,-48026,-18,-40027,-18,-36028,-18,-36029,-18,-32030,-18,-36031,-18,-36032,-18,-40033,-18,-40034,-18,-48035,-18,-56036,-18,-76037,-18,-124038,-18,-144039,-18,-132040,-18,-136041,-18,-128042,-18,-148043,-18,-240044,-18,-296045,-18,-340046,-18,-348047,-18,-348048,-18,-348049,-18,-348050,-18,-348051,-18,-348052,-18,-348053,-18,-348054,-18,-348055,-18,-348056,-18,-348057,-18,-348058,-18,-348059,-18,-348060,-18,-348061,-18,-348062,-18,-348063,-18,-348064,-18,-348065,-18,-348066,-18,-348067,-18,-348068,-18,-348069,-18,-348070,-18,-348071,-18,-348072,-18,-348073,-18,-348074,-18,-348075,-18,-348076,-18,-348077,-18,-348078,-18,-348079,-18,-348080,-18,-348081,-18,-348082,-18,-348083,-18,-348084,-18,-348085,-18,-348086,-18,-348087,-18,-348088,-18,-348089,-18,-348090,-18,-348091,-18,-308092,-18,-264093,-18,-188094,-18,-88095,-18,-48096,-18,-32097,-18,-20098,-18,-16099,-18,-120100,-18,-160101,-18,-160102,-18,-160103,-18,-120104,-18,-80105,-18,-80106,-18,-80107,-18,-80108,-18,-40109,-18,-120110,-18,-200111,-18,-160112,-18,-160113,-18,-160114,-18,-200115,-18,-280116,-18,-680117,-18,-1200118,-18,-2040119,-18,-2560120,-18,-2680121,-18,-2680122,-18,-2680123,-18,-2880124,-18,-3320125,-18,-3480126,-18,-3480127,-18,-3480128,-18,-3480129,-18,-3480130,-18,-3480131,-18,-3480132,-18,-3480133,-18,-3480134,-18,-3480135,-18,-3480136,-18,-3480137,-18,-3480138,-18,-3480139,-18,-3480140,-18,-3480141,-18,-3480142,-18,-3480143,-18,-3480144,-18,-3480145,-18,-3480146,-18,-3480147,-18,-3480148,-18,-3480149,-18,-3480150,-18,-3480151,-18,-3480152,-18,-3480153,-18,-3480154,-18,-3480155,-18,-3480156,-18,-3480157,-18,-3480158,-18,-3480159,-18,-3480160,-18,-3480161,-18,-3480162,-18,-3480163,-18,-3480164,-18,-3480165,-18,-3480166,-18,-3480167,-18,-3480168,-18,-3480169,-18,-3480170,-18,-3480171,-18,-3480172,-18,-3480173,-18,-3480174,-18,-3480175,-18,-3480176,-18,-3480177,-18,-3480178,-18,-3480179,-18,-3480-180,-19,-3480-179,-19,-3480-178,-19,-3480-177,-19,-3480-176,-19,-3480-175,-19,-3480-174,-19,-3480-173,-19,-3480-172,-19,-3480-171,-19,-3480-170,-19,-3480-169,-19,-3480-168,-19,-3480-167,-19,-3480-166,-19,-3480-165,-19,-3480-164,-19,-3480-163,-19,-3480-162,-19,-3480-161,-19,-3480-160,-19,-3480-159,-19,-3480-158,-19,-3480-157,-19,-3480-156,-19,-3480-155,-19,-3480-154,-19,-3480-153,-19,-3480-152,-19,-3480-151,-19,-3480-150,-19,-3480-149,-19,-3480-148,-19,-3480-147,-19,-3480-146,-19,-3480-145,-19,-3480-144,-19,-3480-143,-19,-3480-142,-19,-3480-141,-19,-3480-140,-19,-3480-139,-19,-3480-138,-19,-3480-137,-19,-3480-136,-19,-3480-135,-19,-3480-134,-19,-3480-133,-19,-3480-132,-19,-3480-131,-19,-3480-130,-19,-3480-129,-19,-3480-128,-19,-3480-127,-19,-3480-126,-19,-3480-125,-19,-3480-124,-19,-3480-123,-19,-3480-122,-19,-3480-121,-19,-3480-120,-19,-3480-119,-19,-3480-118,-19,-3480-117,-19,-3480-116,-19,-3480-115,-19,-3480-114,-19,-3480-113,-19,-3480-112,-19,-3480-111,-19,-3480-110,-19,-3480-109,-19,-3480-108,-19,-3480-107,-19,-3480-106,-19,-3480-105,-19,-3480-104,-19,-3480-103,-19,-3480-102,-19,-3480-101,-19,-3480-100,-19,-3480-99,-19,-3480-98,-19,-3480-97,-19,-3480-96,-19,-3480-95,-19,-3480-94,-19,-3480-93,-19,-3480-92,-19,-3480-91,-19,-3480-90,-19,-3480-89,-19,-3480-88,-19,-3480-87,-19,-3480-86,-19,-3480-85,-19,-3480-84,-19,-3480-83,-19,-3480-82,-19,-3480-81,-19,-3480-80,-19,-3480-79,-19,-3480-78,-19,-3480-77,-19,-3480-76,-19,-3480-75,-19,-3480-74,-19,-3480-73,-19,-3480-72,-19,-3480-71,-19,-3480-70,-19,-3480-69,-19,-3480-68,-19,-3480-67,-19,-3480-66,-19,-3480-65,-19,-3480-64,-19,-3480-63,-19,-3480-62,-19,-3480-61,-19,-3480-60,-19,-3480-59,-19,-3480-58,-19,-3480-57,-19,-3480-56,-19,-2640-55,-19,-2120-54,-19,-880-53,-19,320-52,-19,1000-51,-19,280-50,-19,-80-49,-19,-120-48,-19,-40-47,-19,0-46,-19,0-45,-19,0-44,-19,80-43,-19,40-42,-19,80-41,-19,80-40,-19,80-39,-19,80-38,-19,120-37,-19,160-36,-19,120-35,-19,120-34,-19,160-33,-19,160-32,-19,160-31,-19,160-30,-19,200-29,-19,160-28,-19,200-27,-19,200-26,-19,200-25,-19,240-24,-19,240-23,-19,240-22,-19,280-21,-19,280-20,-19,240-19,-19,240-18,-19,280-17,-19,280-16,-19,280-15,-19,280-14,-19,240-13,-19,280-12,-19,280-11,-19,280-10,-19,280-9,-19,240-8,-19,240-7,-19,240-6,-19,240-5,-19,280-4,-19,280-3,-19,320-2,-19,360-1,-19,6000,-19,10001,-19,11602,-19,9603,-19,8004,-19,6805,-19,5206,-19,4407,-19,3608,-19,2809,-19,24010,-19,12011,-19,4012,-19,-4013,-19,-8014,-19,-8015,-19,-8016,-19,-12017,-19,-12018,-19,-12019,-19,-16020,-19,-28021,-19,-28022,-19,-28023,-19,-32024,-19,-28025,-19,-28026,-19,-28027,-19,-24028,-19,-24029,-19,-24030,-19,-24031,-19,-24032,-19,-24033,-19,-28034,-19,-28035,-19,-36036,-19,-48037,-19,-96038,-19,-152039,-19,-124040,-19,-124041,-19,-108042,-19,-96043,-19,-116044,-19,-180045,-19,-296046,-19,-340047,-19,-348048,-19,-348049,-19,-348050,-19,-348051,-19,-348052,-19,-348053,-19,-348054,-19,-348055,-19,-348056,-19,-348057,-19,-348058,-19,-348059,-19,-348060,-19,-348061,-19,-348062,-19,-348063,-19,-348064,-19,-348065,-19,-348066,-19,-348067,-19,-348068,-19,-348069,-19,-348070,-19,-348071,-19,-348072,-19,-348073,-19,-348074,-19,-348075,-19,-348076,-19,-348077,-19,-348078,-19,-348079,-19,-348080,-19,-348081,-19,-348082,-19,-348083,-19,-348084,-19,-348085,-19,-348086,-19,-348087,-19,-348088,-19,-348089,-19,-348090,-19,-348091,-19,-348092,-19,-300093,-19,-244094,-19,-148095,-19,-76096,-19,-36097,-19,-24098,-19,-16099,-19,-80100,-19,-120101,-19,-160102,-19,-160103,-19,-160104,-19,-120105,-19,-80106,-19,-80107,-19,-120108,-19,-120109,-19,-160110,-19,-160111,-19,-160112,-19,-160113,-19,-160114,-19,-240115,-19,-320116,-19,-520117,-19,-1120118,-19,-2360119,-19,-2680120,-19,-2680121,-19,-2680122,-19,-2680123,-19,-2680124,-19,-2680125,-19,-3400126,-19,-3400127,-19,-3240128,-19,-3160129,-19,-3400130,-19,-3480131,-19,-3480132,-19,-3480133,-19,-3480134,-19,-3480135,-19,-3480136,-19,-3480137,-19,-3480138,-19,-3480139,-19,-3480140,-19,-3480141,-19,-3480142,-19,-3480143,-19,-3480144,-19,-3480145,-19,-3480146,-19,-3480147,-19,-3480148,-19,-3480149,-19,-3480150,-19,-3480151,-19,-3480152,-19,-3480153,-19,-3480154,-19,-3480155,-19,-3480156,-19,-3480157,-19,-3480158,-19,-3480159,-19,-3480160,-19,-3480161,-19,-3480162,-19,-3480163,-19,-3480164,-19,-3480165,-19,-3480166,-19,-3480167,-19,-3480168,-19,-3480169,-19,-3480170,-19,-3480171,-19,-3480172,-19,-3480173,-19,-3480174,-19,-3480175,-19,-3480176,-19,-3480177,-19,-3480178,-19,-3480179,-19,-3480-180,-20,-3480-179,-20,-3480-178,-20,-3480-177,-20,-3480-176,-20,-3480-175,-20,-3480-174,-20,-3480-173,-20,-3480-172,-20,-3480-171,-20,-3480-170,-20,-3480-169,-20,-3480-168,-20,-3480-167,-20,-3480-166,-20,-3480-165,-20,-3480-164,-20,-3480-163,-20,-3480-162,-20,-3480-161,-20,-3480-160,-20,-3480-159,-20,-3480-158,-20,-3480-157,-20,-3480-156,-20,-3480-155,-20,-3480-154,-20,-3480-153,-20,-3480-152,-20,-3480-151,-20,-3480-150,-20,-3480-149,-20,-3480-148,-20,-3480-147,-20,-3480-146,-20,-3480-145,-20,-3480-144,-20,-3480-143,-20,-3480-142,-20,-3480-141,-20,-3480-140,-20,-3480-139,-20,-3480-138,-20,-3480-137,-20,-3480-136,-20,-3480-135,-20,-3480-134,-20,-3480-133,-20,-3480-132,-20,-3480-131,-20,-3480-130,-20,-3480-129,-20,-3480-128,-20,-3480-127,-20,-3480-126,-20,-3480-125,-20,-3480-124,-20,-3480-123,-20,-3480-122,-20,-3480-121,-20,-3480-120,-20,-3480-119,-20,-3480-118,-20,-3480-117,-20,-3480-116,-20,-3480-115,-20,-3480-114,-20,-3480-113,-20,-3480-112,-20,-3480-111,-20,-3480-110,-20,-3480-109,-20,-3480-108,-20,-3480-107,-20,-3480-106,-20,-3480-105,-20,-3480-104,-20,-3480-103,-20,-3480-102,-20,-3480-101,-20,-3480-100,-20,-3480-99,-20,-3480-98,-20,-3480-97,-20,-3480-96,-20,-3480-95,-20,-3480-94,-20,-3480-93,-20,-3480-92,-20,-3480-91,-20,-3480-90,-20,-3480-89,-20,-3480-88,-20,-3480-87,-20,-3480-86,-20,-3480-85,-20,-3480-84,-20,-3480-83,-20,-3480-82,-20,-3480-81,-20,-3480-80,-20,-3480-79,-20,-3480-78,-20,-3480-77,-20,-3480-76,-20,-3480-75,-20,-3480-74,-20,-3480-73,-20,-3480-72,-20,-3480-71,-20,-3480-70,-20,-3480-69,-20,-3480-68,-20,-3480-67,-20,-3480-66,-20,-3480-65,-20,-3480-64,-20,-3480-63,-20,-3480-62,-20,-3480-61,-20,-3480-60,-20,-3480-59,-20,-3480-58,-20,-3480-57,-20,-3480-56,-20,-2960-55,-20,-2240-54,-20,-840-53,-20,720-52,-20,1400-51,-20,440-50,-20,-40-49,-20,-160-48,-20,-80-47,-20,-40-46,-20,0-45,-20,-40-44,-20,-40-43,-20,-80-42,-20,0-41,-20,40-40,-20,40-39,-20,40-38,-20,40-37,-20,40-36,-20,80-35,-20,120-34,-20,120-33,-20,120-32,-20,160-31,-20,160-30,-20,160-29,-20,160-28,-20,160-27,-20,160-26,-20,160-25,-20,200-24,-20,240-23,-20,240-22,-20,240-21,-20,240-20,-20,240-19,-20,240-18,-20,240-17,-20,240-16,-20,240-15,-20,240-14,-20,240-13,-20,280-12,-20,280-11,-20,280-10,-20,280-9,-20,240-8,-20,280-7,-20,280-6,-20,280-5,-20,320-4,-20,280-3,-20,400-2,-20,560-1,-20,9600,-20,14401,-20,14002,-20,9203,-20,6804,-20,5605,-20,5206,-20,4007,-20,3608,-20,2409,-20,16010,-20,12011,-20,12012,-20,-4013,-20,-4014,-20,-8015,-20,-8016,-20,-8017,-20,-12018,-20,-12019,-20,-12020,-20,-12021,-20,-16022,-20,-20023,-20,-20024,-20,-20025,-20,-20026,-20,-16027,-20,-16028,-20,-16029,-20,-16030,-20,-16031,-20,-16032,-20,-24033,-20,-96034,-20,-96035,-20,-104036,-20,-108037,-20,-136038,-20,-232039,-20,-180040,-20,-112041,-20,-92042,-20,-76043,-20,-68044,-20,-112045,-20,-172046,-20,-228047,-20,-316048,-20,-340049,-20,-344050,-20,-348051,-20,-348052,-20,-348053,-20,-348054,-20,-348055,-20,-348056,-20,-348057,-20,-348058,-20,-348059,-20,-348060,-20,-348061,-20,-348062,-20,-348063,-20,-348064,-20,-348065,-20,-348066,-20,-348067,-20,-348068,-20,-348069,-20,-348070,-20,-348071,-20,-348072,-20,-348073,-20,-348074,-20,-348075,-20,-348076,-20,-348077,-20,-348078,-20,-348079,-20,-348080,-20,-348081,-20,-348082,-20,-348083,-20,-348084,-20,-348085,-20,-348086,-20,-348087,-20,-348088,-20,-348089,-20,-348090,-20,-348091,-20,-348092,-20,-348093,-20,-344094,-20,-276095,-20,-168096,-20,-80097,-20,-44098,-20,-28099,-20,-160100,-20,-120101,-20,-120102,-20,-160103,-20,-160104,-20,-160105,-20,-160106,-20,-160107,-20,-160108,-20,-120109,-20,-160110,-20,-160111,-20,-160112,-20,-160113,-20,-200114,-20,-280115,-20,-440116,-20,-760117,-20,-1360118,-20,-2480119,-20,-2680120,-20,-2680121,-20,-2680122,-20,-2680123,-20,-2680124,-20,-2520125,-20,-2240126,-20,-1720127,-20,-1520128,-20,-1600129,-20,-2080130,-20,-2360131,-20,-3080132,-20,-3400133,-20,-3480134,-20,-3480135,-20,-3480136,-20,-3480137,-20,-3480138,-20,-3480139,-20,-3480140,-20,-3480141,-20,-3480142,-20,-3480143,-20,-3480144,-20,-3480145,-20,-3480146,-20,-3480147,-20,-3480148,-20,-3480149,-20,-3480150,-20,-3480151,-20,-3480152,-20,-3480153,-20,-3480154,-20,-3480155,-20,-3480156,-20,-3480157,-20,-3480158,-20,-3480159,-20,-3480160,-20,-3480161,-20,-3480162,-20,-3480163,-20,-3480164,-20,-3480165,-20,-3480166,-20,-3480167,-20,-3480168,-20,-3480169,-20,-3480170,-20,-3480171,-20,-3480172,-20,-3480173,-20,-3480174,-20,-3480175,-20,-3480176,-20,-3480177,-20,-3480178,-20,-3480179,-20,-3480-180,-21,-3480-179,-21,-3480-178,-21,-3480-177,-21,-3480-176,-21,-3480-175,-21,-3480-174,-21,-3480-173,-21,-3480-172,-21,-3480-171,-21,-3480-170,-21,-3480-169,-21,-3480-168,-21,-3480-167,-21,-3480-166,-21,-3480-165,-21,-3480-164,-21,-3480-163,-21,-3480-162,-21,-3480-161,-21,-3480-160,-21,-3480-159,-21,-3480-158,-21,-3480-157,-21,-3480-156,-21,-3480-155,-21,-3480-154,-21,-3480-153,-21,-3480-152,-21,-3480-151,-21,-3480-150,-21,-3480-149,-21,-3480-148,-21,-3480-147,-21,-3480-146,-21,-3480-145,-21,-3480-144,-21,-3480-143,-21,-3480-142,-21,-3480-141,-21,-3480-140,-21,-3480-139,-21,-3480-138,-21,-3480-137,-21,-3480-136,-21,-3480-135,-21,-3480-134,-21,-3480-133,-21,-3480-132,-21,-3480-131,-21,-3480-130,-21,-3480-129,-21,-3480-128,-21,-3480-127,-21,-3480-126,-21,-3480-125,-21,-3480-124,-21,-3480-123,-21,-3480-122,-21,-3480-121,-21,-3480-120,-21,-3480-119,-21,-3480-118,-21,-3480-117,-21,-3480-116,-21,-3480-115,-21,-3480-114,-21,-3480-113,-21,-3480-112,-21,-3480-111,-21,-3480-110,-21,-3480-109,-21,-3480-108,-21,-3480-107,-21,-3480-106,-21,-3480-105,-21,-3480-104,-21,-3480-103,-21,-3480-102,-21,-3480-101,-21,-3480-100,-21,-3480-99,-21,-3480-98,-21,-3480-97,-21,-3480-96,-21,-3480-95,-21,-3480-94,-21,-3480-93,-21,-3480-92,-21,-3480-91,-21,-3480-90,-21,-3480-89,-21,-3480-88,-21,-3480-87,-21,-3480-86,-21,-3480-85,-21,-3480-84,-21,-3480-83,-21,-3480-82,-21,-3480-81,-21,-3480-80,-21,-3480-79,-21,-3480-78,-21,-3480-77,-21,-3480-76,-21,-3480-75,-21,-3480-74,-21,-3480-73,-21,-3480-72,-21,-3480-71,-21,-3480-70,-21,-3480-69,-21,-3480-68,-21,-3480-67,-21,-3480-66,-21,-3480-65,-21,-3480-64,-21,-3480-63,-21,-3480-62,-21,-3480-61,-21,-3480-60,-21,-3480-59,-21,-3480-58,-21,-3480-57,-21,-3480-56,-21,-3320-55,-21,-2240-54,-21,-640-53,-21,1000-52,-21,1680-51,-21,480-50,-21,-120-49,-21,-200-48,-21,-160-47,-21,-160-46,-21,-120-45,-21,-120-44,-21,-40-43,-21,-120-42,-21,-80-41,-21,-40-40,-21,-40-39,-21,-40-38,-21,-40-37,-21,-40-36,-21,0-35,-21,0-34,-21,40-33,-21,40-32,-21,80-31,-21,80-30,-21,80-29,-21,80-28,-21,120-27,-21,120-26,-21,120-25,-21,120-24,-21,200-23,-21,200-22,-21,200-21,-21,240-20,-21,240-19,-21,240-18,-21,240-17,-21,240-16,-21,240-15,-21,240-14,-21,240-13,-21,280-12,-21,280-11,-21,280-10,-21,280-9,-21,280-8,-21,280-7,-21,280-6,-21,280-5,-21,320-4,-21,360-3,-21,480-2,-21,880-1,-21,13200,-21,16401,-21,12002,-21,7203,-21,5204,-21,5205,-21,4806,-21,4007,-21,3208,-21,2009,-21,12010,-21,12011,-21,8012,-21,-4013,-21,-4014,-21,-4015,-21,-8016,-21,-8017,-21,-8018,-21,-8019,-21,-12020,-21,-12021,-21,-12022,-21,-16023,-21,-16024,-21,-16025,-21,-16026,-21,-16027,-21,-16028,-21,-16029,-21,-16030,-21,-16031,-21,-16032,-21,-36033,-21,-96034,-21,-96035,-21,-96036,-21,-96037,-21,-112038,-21,-192039,-21,-236040,-21,-132041,-21,-92042,-21,-68043,-21,-48044,-21,-52045,-21,-96046,-21,-148047,-21,-176048,-21,-200049,-21,-240050,-21,-300051,-21,-324052,-21,-336053,-21,-344054,-21,-348055,-21,-348056,-21,-348057,-21,-348058,-21,-348059,-21,-348060,-21,-348061,-21,-348062,-21,-348063,-21,-348064,-21,-348065,-21,-348066,-21,-348067,-21,-348068,-21,-348069,-21,-348070,-21,-348071,-21,-348072,-21,-348073,-21,-348074,-21,-348075,-21,-348076,-21,-348077,-21,-348078,-21,-348079,-21,-348080,-21,-348081,-21,-348082,-21,-348083,-21,-348084,-21,-348085,-21,-348086,-21,-348087,-21,-348088,-21,-348089,-21,-348090,-21,-348091,-21,-348092,-21,-348093,-21,-348094,-21,-340095,-21,-304096,-21,-216097,-21,-108098,-21,-68099,-21,-360100,-21,-240101,-21,-160102,-21,-120103,-21,-160104,-21,-200105,-21,-160106,-21,-160107,-21,-160108,-21,-160109,-21,-160110,-21,-160111,-21,-160112,-21,-200113,-21,-280114,-21,-400115,-21,-640116,-21,-1120117,-21,-1960118,-21,-2600119,-21,-2680120,-21,-2680121,-21,-2680122,-21,-2640123,-21,-2440124,-21,-1720125,-21,-920126,-21,-640127,-21,-520128,-21,-600129,-21,-880130,-21,-1360131,-21,-1640132,-21,-2440133,-21,-3360134,-21,-3480135,-21,-3480136,-21,-3480137,-21,-3480138,-21,-3480139,-21,-3480140,-21,-3480141,-21,-3480142,-21,-3480143,-21,-3480144,-21,-3480145,-21,-3480146,-21,-3480147,-21,-3480148,-21,-3480149,-21,-3480150,-21,-3480151,-21,-3480152,-21,-3480153,-21,-3480154,-21,-3480155,-21,-3480156,-21,-3480157,-21,-3480158,-21,-3480159,-21,-3480160,-21,-3480161,-21,-3480162,-21,-3480163,-21,-3480164,-21,-3480165,-21,-3480166,-21,-3480167,-21,-3480168,-21,-3480169,-21,-3480170,-21,-3480171,-21,-3480172,-21,-3480173,-21,-3480174,-21,-3480175,-21,-3480176,-21,-3480177,-21,-3480178,-21,-3480179,-21,-3480-180,-22,-3480-179,-22,-3480-178,-22,-3480-177,-22,-3480-176,-22,-3480-175,-22,-3480-174,-22,-3480-173,-22,-3480-172,-22,-3480-171,-22,-3480-170,-22,-3480-169,-22,-3480-168,-22,-3480-167,-22,-3480-166,-22,-3480-165,-22,-3480-164,-22,-3480-163,-22,-3480-162,-22,-3480-161,-22,-3480-160,-22,-3480-159,-22,-3480-158,-22,-3480-157,-22,-3480-156,-22,-3480-155,-22,-3480-154,-22,-3480-153,-22,-3480-152,-22,-3480-151,-22,-3480-150,-22,-3480-149,-22,-3480-148,-22,-3480-147,-22,-3480-146,-22,-3480-145,-22,-3480-144,-22,-3480-143,-22,-3480-142,-22,-3480-141,-22,-3480-140,-22,-3480-139,-22,-3480-138,-22,-3480-137,-22,-3480-136,-22,-3480-135,-22,-3480-134,-22,-3480-133,-22,-3480-132,-22,-3480-131,-22,-3480-130,-22,-3480-129,-22,-3480-128,-22,-3480-127,-22,-3480-126,-22,-3480-125,-22,-3480-124,-22,-3480-123,-22,-3480-122,-22,-3480-121,-22,-3480-120,-22,-3480-119,-22,-3480-118,-22,-3480-117,-22,-3480-116,-22,-3480-115,-22,-3480-114,-22,-3480-113,-22,-3480-112,-22,-3480-111,-22,-3480-110,-22,-3480-109,-22,-3480-108,-22,-3480-107,-22,-3480-106,-22,-3480-105,-22,-3480-104,-22,-3480-103,-22,-3480-102,-22,-3480-101,-22,-3480-100,-22,-3480-99,-22,-3480-98,-22,-3480-97,-22,-3480-96,-22,-3480-95,-22,-3480-94,-22,-3480-93,-22,-3480-92,-22,-3480-91,-22,-3480-90,-22,-3480-89,-22,-3480-88,-22,-3480-87,-22,-3480-86,-22,-3480-85,-22,-3480-84,-22,-3480-83,-22,-3480-82,-22,-3480-81,-22,-3480-80,-22,-3480-79,-22,-3480-78,-22,-3480-77,-22,-3480-76,-22,-3480-75,-22,-3480-74,-22,-3480-73,-22,-3480-72,-22,-3480-71,-22,-3480-70,-22,-3480-69,-22,-3480-68,-22,-3480-67,-22,-3480-66,-22,-3480-65,-22,-3480-64,-22,-3480-63,-22,-3480-62,-22,-3480-61,-22,-3480-60,-22,-3480-59,-22,-3480-58,-22,-3480-57,-22,-3480-56,-22,-3480-55,-22,-2320-54,-22,-600-53,-22,1000-52,-22,1200-51,-22,280-50,-22,-120-49,-22,-240-48,-22,-280-47,-22,-280-46,-22,-240-45,-22,-240-44,-22,-240-43,-22,-200-42,-22,-160-41,-22,-160-40,-22,-160-39,-22,-120-38,-22,-120-37,-22,-120-36,-22,-80-35,-22,-80-34,-22,-80-33,-22,-40-32,-22,-40-31,-22,-40-30,-22,-40-29,-22,0-28,-22,0-27,-22,40-26,-22,80-25,-22,80-24,-22,80-23,-22,120-22,-22,200-21,-22,160-20,-22,200-19,-22,200-18,-22,200-17,-22,240-16,-22,240-15,-22,240-14,-22,240-13,-22,280-12,-22,280-11,-22,280-10,-22,280-9,-22,280-8,-22,280-7,-22,320-6,-22,320-5,-22,360-4,-22,360-3,-22,560-2,-22,1000-1,-22,13200,-22,13201,-22,8402,-22,5203,-22,4004,-22,4805,-22,4806,-22,4007,-22,2808,-22,1609,-22,16010,-22,8011,-22,8012,-22,-4013,-22,-4014,-22,-8015,-22,-8016,-22,-8017,-22,-8018,-22,-8019,-22,-8020,-22,-12021,-22,-12022,-22,-12023,-22,-16024,-22,-16025,-22,-16026,-22,-16027,-22,-16028,-22,-16029,-22,-16030,-22,-16031,-22,-16032,-22,-16033,-22,-68034,-22,-96035,-22,-96036,-22,-96037,-22,-104038,-22,-136039,-22,-260040,-22,-260041,-22,-124042,-22,-72043,-22,-48044,-22,-40045,-22,-40046,-22,-68047,-22,-84048,-22,-100049,-22,-116050,-22,-128051,-22,-148052,-22,-212053,-22,-240054,-22,-276055,-22,-316056,-22,-328057,-22,-340058,-22,-348059,-22,-348060,-22,-348061,-22,-348062,-22,-348063,-22,-348064,-22,-348065,-22,-348066,-22,-348067,-22,-348068,-22,-348069,-22,-348070,-22,-348071,-22,-348072,-22,-348073,-22,-348074,-22,-348075,-22,-348076,-22,-348077,-22,-348078,-22,-348079,-22,-348080,-22,-348081,-22,-348082,-22,-348083,-22,-348084,-22,-348085,-22,-348086,-22,-348087,-22,-348088,-22,-348089,-22,-348090,-22,-348091,-22,-348092,-22,-348093,-22,-348094,-22,-348095,-22,-340096,-22,-308097,-22,-260098,-22,-156099,-22,-800100,-22,-440101,-22,-320102,-22,-200103,-22,-240104,-22,-280105,-22,-280106,-22,-280107,-22,-280108,-22,-240109,-22,-240110,-22,-240111,-22,-280112,-22,-280113,-22,-400114,-22,-640115,-22,-1240116,-22,-2080117,-22,-2600118,-22,-2680119,-22,-2680120,-22,-2680121,-22,-2640122,-22,-2360123,-22,-1600124,-22,-800125,-22,-480126,-22,-400127,-22,-400128,-22,-360129,-22,-400130,-22,-480131,-22,-640132,-22,-1240133,-22,-2280134,-22,-3320135,-22,-3480136,-22,-3480137,-22,-3480138,-22,-3480139,-22,-3480140,-22,-3480141,-22,-3480142,-22,-3480143,-22,-3480144,-22,-3480145,-22,-3480146,-22,-3480147,-22,-3480148,-22,-3480149,-22,-3480150,-22,-3480151,-22,-3480152,-22,-3480153,-22,-3480154,-22,-3480155,-22,-3480156,-22,-3480157,-22,-3480158,-22,-3480159,-22,-3480160,-22,-3480161,-22,-3480162,-22,-3480163,-22,-3480164,-22,-3480165,-22,-3480166,-22,-3480167,-22,-3480168,-22,-3480169,-22,-3480170,-22,-3480171,-22,-3480172,-22,-3480173,-22,-3480174,-22,-3480175,-22,-3480176,-22,-3480177,-22,-3480178,-22,-3480179,-22,-3480-180,-23,-3480-179,-23,-3480-178,-23,-3480-177,-23,-3480-176,-23,-3480-175,-23,-3480-174,-23,-3480-173,-23,-3480-172,-23,-3480-171,-23,-3480-170,-23,-3480-169,-23,-3480-168,-23,-3480-167,-23,-3480-166,-23,-3480-165,-23,-3480-164,-23,-3480-163,-23,-3480-162,-23,-3480-161,-23,-3480-160,-23,-3480-159,-23,-3480-158,-23,-3480-157,-23,-3480-156,-23,-3480-155,-23,-3480-154,-23,-3480-153,-23,-3480-152,-23,-3480-151,-23,-3480-150,-23,-3480-149,-23,-3480-148,-23,-3480-147,-23,-3480-146,-23,-3480-145,-23,-3480-144,-23,-3480-143,-23,-3480-142,-23,-3480-141,-23,-3480-140,-23,-3480-139,-23,-3480-138,-23,-3480-137,-23,-3480-136,-23,-3480-135,-23,-3480-134,-23,-3480-133,-23,-3480-132,-23,-3480-131,-23,-3480-130,-23,-3480-129,-23,-3480-128,-23,-3480-127,-23,-3480-126,-23,-3480-125,-23,-3480-124,-23,-3480-123,-23,-3480-122,-23,-3480-121,-23,-3480-120,-23,-3480-119,-23,-3480-118,-23,-3480-117,-23,-3480-116,-23,-3480-115,-23,-3480-114,-23,-3480-113,-23,-3480-112,-23,-3480-111,-23,-3480-110,-23,-3480-109,-23,-3480-108,-23,-3480-107,-23,-3480-106,-23,-3480-105,-23,-3480-104,-23,-3480-103,-23,-3480-102,-23,-3480-101,-23,-3480-100,-23,-3480-99,-23,-3480-98,-23,-3480-97,-23,-3480-96,-23,-3480-95,-23,-3480-94,-23,-3480-93,-23,-3480-92,-23,-3480-91,-23,-3480-90,-23,-3480-89,-23,-3480-88,-23,-3480-87,-23,-3480-86,-23,-3480-85,-23,-3480-84,-23,-3480-83,-23,-3480-82,-23,-3480-81,-23,-3480-80,-23,-3480-79,-23,-3480-78,-23,-3480-77,-23,-3480-76,-23,-3480-75,-23,-3480-74,-23,-3480-73,-23,-3480-72,-23,-3480-71,-23,-3480-70,-23,-3480-69,-23,-3480-68,-23,-3480-67,-23,-3480-66,-23,-3480-65,-23,-3480-64,-23,-3480-63,-23,-3480-62,-23,-3480-61,-23,-3480-60,-23,-3480-59,-23,-3480-58,-23,-3480-57,-23,-3480-56,-23,-3480-55,-23,-2520-54,-23,-840-53,-23,1000-52,-23,1040-51,-23,320-50,-23,-120-49,-23,-280-48,-23,-320-47,-23,-320-46,-23,-320-45,-23,-400-44,-23,-440-43,-23,-440-42,-23,-440-41,-23,-440-40,-23,-360-39,-23,-280-38,-23,-240-37,-23,-240-36,-23,-200-35,-23,-200-34,-23,-160-33,-23,-160-32,-23,-160-31,-23,-200-30,-23,-120-29,-23,-160-28,-23,-40-27,-23,-40-26,-23,-40-25,-23,0-24,-23,40-23,-23,40-22,-23,80-21,-23,120-20,-23,160-19,-23,160-18,-23,200-17,-23,200-16,-23,200-15,-23,240-14,-23,240-13,-23,240-12,-23,240-11,-23,280-10,-23,280-9,-23,320-8,-23,320-7,-23,320-6,-23,360-5,-23,400-4,-23,480-3,-23,640-2,-23,960-1,-23,10400,-23,8401,-23,5602,-23,4003,-23,4004,-23,4405,-23,5206,-23,4407,-23,2808,-23,1209,-23,8010,-23,4011,-23,8012,-23,013,-23,-4014,-23,-8015,-23,-8016,-23,-8017,-23,-8018,-23,-8019,-23,-8020,-23,-8021,-23,-8022,-23,-12023,-23,-12024,-23,-16025,-23,-16026,-23,-16027,-23,-16028,-23,-16029,-23,-16030,-23,-16031,-23,-16032,-23,-16033,-23,-16034,-23,-40035,-23,-84036,-23,-96037,-23,-96038,-23,-108039,-23,-188040,-23,-284041,-23,-256042,-23,-120043,-23,-72044,-23,-44045,-23,-32046,-23,-32047,-23,-40048,-23,-48049,-23,-56050,-23,-60051,-23,-52052,-23,-60053,-23,-112054,-23,-168055,-23,-208056,-23,-240057,-23,-268058,-23,-304059,-23,-328060,-23,-340061,-23,-348062,-23,-348063,-23,-348064,-23,-348065,-23,-348066,-23,-348067,-23,-348068,-23,-348069,-23,-348070,-23,-348071,-23,-348072,-23,-348073,-23,-348074,-23,-348075,-23,-348076,-23,-348077,-23,-348078,-23,-348079,-23,-348080,-23,-348081,-23,-348082,-23,-348083,-23,-348084,-23,-348085,-23,-348086,-23,-348087,-23,-348088,-23,-348089,-23,-348090,-23,-348091,-23,-348092,-23,-348093,-23,-348094,-23,-348095,-23,-348096,-23,-348097,-23,-340098,-23,-308099,-23,-2480100,-23,-1400101,-23,-720102,-23,-480103,-23,-400104,-23,-400105,-23,-400106,-23,-400107,-23,-400108,-23,-400109,-23,-400110,-23,-400111,-23,-440112,-23,-520113,-23,-760114,-23,-1400115,-23,-2280116,-23,-2680117,-23,-2680118,-23,-2680119,-23,-2680120,-23,-2680121,-23,-2240122,-23,-1480123,-23,-760124,-23,-440125,-23,-320126,-23,-280127,-23,-240128,-23,-240129,-23,-240130,-23,-280131,-23,-360132,-23,-560133,-23,-1240134,-23,-2960135,-23,-3400136,-23,-3480137,-23,-3480138,-23,-3480139,-23,-3480140,-23,-3480141,-23,-3480142,-23,-3480143,-23,-3480144,-23,-3480145,-23,-3480146,-23,-3480147,-23,-3480148,-23,-3480149,-23,-3480150,-23,-3480151,-23,-3480152,-23,-3480153,-23,-3480154,-23,-3480155,-23,-3480156,-23,-3480157,-23,-3480158,-23,-3480159,-23,-3480160,-23,-3480161,-23,-3480162,-23,-3480163,-23,-3480164,-23,-3480165,-23,-3480166,-23,-3480167,-23,-3480168,-23,-3480169,-23,-3480170,-23,-3480171,-23,-3480172,-23,-3480173,-23,-3480174,-23,-3480175,-23,-3480176,-23,-3480177,-23,-3480178,-23,-3480179,-23,-3480-180,-24,-3480-179,-24,-3480-178,-24,-3480-177,-24,-3480-176,-24,-3480-175,-24,-3480-174,-24,-3480-173,-24,-3480-172,-24,-3480-171,-24,-3480-170,-24,-3480-169,-24,-3480-168,-24,-3480-167,-24,-3480-166,-24,-3480-165,-24,-3480-164,-24,-3480-163,-24,-3480-162,-24,-3480-161,-24,-3480-160,-24,-3480-159,-24,-3480-158,-24,-3480-157,-24,-3480-156,-24,-3480-155,-24,-3480-154,-24,-3480-153,-24,-3480-152,-24,-3480-151,-24,-3480-150,-24,-3480-149,-24,-3480-148,-24,-3480-147,-24,-3480-146,-24,-3480-145,-24,-3480-144,-24,-3480-143,-24,-3480-142,-24,-3480-141,-24,-3480-140,-24,-3480-139,-24,-3480-138,-24,-3480-137,-24,-3480-136,-24,-3480-135,-24,-3480-134,-24,-3480-133,-24,-3480-132,-24,-3480-131,-24,-3480-130,-24,-3480-129,-24,-3480-128,-24,-3480-127,-24,-3480-126,-24,-3480-125,-24,-3480-124,-24,-3480-123,-24,-3480-122,-24,-3480-121,-24,-3480-120,-24,-3480-119,-24,-3480-118,-24,-3480-117,-24,-3480-116,-24,-3480-115,-24,-3480-114,-24,-3480-113,-24,-3480-112,-24,-3480-111,-24,-3480-110,-24,-3480-109,-24,-3480-108,-24,-3480-107,-24,-3480-106,-24,-3480-105,-24,-3480-104,-24,-3480-103,-24,-3480-102,-24,-3480-101,-24,-3480-100,-24,-3480-99,-24,-3480-98,-24,-3480-97,-24,-3480-96,-24,-3480-95,-24,-3480-94,-24,-3480-93,-24,-3480-92,-24,-3480-91,-24,-3480-90,-24,-3480-89,-24,-3480-88,-24,-3480-87,-24,-3480-86,-24,-3480-85,-24,-3480-84,-24,-3480-83,-24,-3480-82,-24,-3480-81,-24,-3480-80,-24,-3480-79,-24,-3480-78,-24,-3480-77,-24,-3480-76,-24,-3480-75,-24,-3480-74,-24,-3480-73,-24,-3480-72,-24,-3480-71,-24,-3480-70,-24,-3480-69,-24,-3480-68,-24,-3480-67,-24,-3480-66,-24,-3480-65,-24,-3480-64,-24,-3480-63,-24,-3480-62,-24,-3480-61,-24,-3480-60,-24,-3480-59,-24,-3480-58,-24,-3480-57,-24,-3480-56,-24,-3480-55,-24,-2680-54,-24,-920-53,-24,1000-52,-24,1320-51,-24,440-50,-24,-200-49,-24,-360-48,-24,-440-47,-24,-520-46,-24,-480-45,-24,-560-44,-24,-560-43,-24,-600-42,-24,-640-41,-24,-680-40,-24,-640-39,-24,-560-38,-24,-520-37,-24,-400-36,-24,-440-35,-24,-400-34,-24,-400-33,-24,-400-32,-24,-400-31,-24,-360-30,-24,-360-29,-24,-320-28,-24,-320-27,-24,-320-26,-24,-240-25,-24,-200-24,-24,-120-23,-24,-40-22,-24,-40-21,-24,80-20,-24,80-19,-24,80-18,-24,120-17,-24,160-16,-24,200-15,-24,200-14,-24,240-13,-24,240-12,-24,240-11,-24,280-10,-24,320-9,-24,320-8,-24,320-7,-24,360-6,-24,400-5,-24,520-4,-24,680-3,-24,800-2,-24,880-1,-24,7600,-24,5601,-24,3602,-24,3603,-24,3604,-24,5205,-24,5606,-24,4807,-24,2808,-24,1609,-24,8010,-24,4011,-24,4012,-24,013,-24,-4014,-24,-8015,-24,-8016,-24,-8017,-24,-8018,-24,-8019,-24,-4020,-24,-4021,-24,-4022,-24,-12023,-24,-12024,-24,-16025,-24,-12026,-24,-12027,-24,-12028,-24,-16029,-24,-16030,-24,-16031,-24,-16032,-24,-16033,-24,-16034,-24,-16035,-24,-16036,-24,-16037,-24,-16038,-24,-20039,-24,-72040,-24,-184041,-24,-264042,-24,-268043,-24,-136044,-24,-64045,-24,-44046,-24,-32047,-24,-24048,-24,-28049,-24,-32050,-24,-32051,-24,-36052,-24,-40053,-24,-40054,-24,-64055,-24,-124056,-24,-156057,-24,-164058,-24,-188059,-24,-224060,-24,-260061,-24,-300062,-24,-332063,-24,-348064,-24,-348065,-24,-348066,-24,-348067,-24,-348068,-24,-348069,-24,-348070,-24,-348071,-24,-348072,-24,-348073,-24,-348074,-24,-348075,-24,-348076,-24,-348077,-24,-348078,-24,-348079,-24,-348080,-24,-348081,-24,-348082,-24,-348083,-24,-348084,-24,-348085,-24,-348086,-24,-348087,-24,-348088,-24,-348089,-24,-348090,-24,-348091,-24,-348092,-24,-348093,-24,-348094,-24,-348095,-24,-348096,-24,-348097,-24,-348098,-24,-348099,-24,-3400100,-24,-3200101,-24,-2440102,-24,-1400103,-24,-880104,-24,-680105,-24,-640106,-24,-640107,-24,-680108,-24,-680109,-24,-720110,-24,-760111,-24,-760112,-24,-1040113,-24,-1760114,-24,-2440115,-24,-2680116,-24,-2680117,-24,-2680118,-24,-2680119,-24,-2680120,-24,-2440121,-24,-1600122,-24,-880123,-24,-520124,-24,-320125,-24,-240126,-24,-200127,-24,-160128,-24,-160129,-24,-160130,-24,-200131,-24,-280132,-24,-400133,-24,-760134,-24,-1680135,-24,-3200136,-24,-3440137,-24,-3480138,-24,-3480139,-24,-3480140,-24,-3480141,-24,-3480142,-24,-3480143,-24,-3480144,-24,-3480145,-24,-3480146,-24,-3480147,-24,-3480148,-24,-3480149,-24,-3480150,-24,-3480151,-24,-3480152,-24,-3480153,-24,-3480154,-24,-3480155,-24,-3480156,-24,-3480157,-24,-3480158,-24,-3480159,-24,-3480160,-24,-3480161,-24,-3480162,-24,-3480163,-24,-3480164,-24,-3480165,-24,-3480166,-24,-3480167,-24,-3480168,-24,-3480169,-24,-3480170,-24,-3480171,-24,-3480172,-24,-3480173,-24,-3480174,-24,-3480175,-24,-3480176,-24,-3480177,-24,-3480178,-24,-3480179,-24,-3480-180,-25,-3480-179,-25,-3480-178,-25,-3480-177,-25,-3480-176,-25,-3480-175,-25,-3480-174,-25,-3480-173,-25,-3480-172,-25,-3480-171,-25,-3480-170,-25,-3480-169,-25,-3480-168,-25,-3480-167,-25,-3480-166,-25,-3480-165,-25,-3480-164,-25,-3480-163,-25,-3480-162,-25,-3480-161,-25,-3480-160,-25,-3480-159,-25,-3480-158,-25,-3480-157,-25,-3480-156,-25,-3480-155,-25,-3480-154,-25,-3480-153,-25,-3480-152,-25,-3480-151,-25,-3480-150,-25,-3480-149,-25,-3480-148,-25,-3480-147,-25,-3480-146,-25,-3480-145,-25,-3480-144,-25,-3480-143,-25,-3480-142,-25,-3480-141,-25,-3480-140,-25,-3480-139,-25,-3480-138,-25,-3480-137,-25,-3480-136,-25,-3480-135,-25,-3480-134,-25,-3480-133,-25,-3480-132,-25,-3480-131,-25,-3480-130,-25,-3480-129,-25,-3480-128,-25,-3480-127,-25,-3480-126,-25,-3480-125,-25,-3480-124,-25,-3480-123,-25,-3480-122,-25,-3480-121,-25,-3480-120,-25,-3480-119,-25,-3480-118,-25,-3480-117,-25,-3480-116,-25,-3480-115,-25,-3480-114,-25,-3480-113,-25,-3480-112,-25,-3480-111,-25,-3480-110,-25,-3480-109,-25,-3480-108,-25,-3480-107,-25,-3480-106,-25,-3480-105,-25,-3480-104,-25,-3480-103,-25,-3480-102,-25,-3480-101,-25,-3480-100,-25,-3480-99,-25,-3480-98,-25,-3480-97,-25,-3480-96,-25,-3480-95,-25,-3480-94,-25,-3480-93,-25,-3480-92,-25,-3480-91,-25,-3480-90,-25,-3480-89,-25,-3480-88,-25,-3480-87,-25,-3480-86,-25,-3480-85,-25,-3480-84,-25,-3480-83,-25,-3480-82,-25,-3480-81,-25,-3480-80,-25,-3480-79,-25,-3480-78,-25,-3480-77,-25,-3480-76,-25,-3480-75,-25,-3480-74,-25,-3480-73,-25,-3480-72,-25,-3480-71,-25,-3480-70,-25,-3480-69,-25,-3480-68,-25,-3480-67,-25,-3480-66,-25,-3480-65,-25,-3480-64,-25,-3480-63,-25,-3480-62,-25,-3480-61,-25,-3480-60,-25,-3480-59,-25,-3480-58,-25,-3480-57,-25,-3480-56,-25,-3480-55,-25,-2760-54,-25,-1040-53,-25,800-52,-25,1280-51,-25,360-50,-25,-240-49,-25,-440-48,-25,-560-47,-25,-640-46,-25,-680-45,-25,-720-44,-25,-760-43,-25,-800-42,-25,-840-41,-25,-880-40,-25,-880-39,-25,-800-38,-25,-720-37,-25,-680-36,-25,-680-35,-25,-680-34,-25,-680-33,-25,-680-32,-25,-680-31,-25,-640-30,-25,-600-29,-25,-600-28,-25,-600-27,-25,-520-26,-25,-520-25,-25,-520-24,-25,-440-23,-25,-360-22,-25,-200-21,-25,-80-20,-25,0-19,-25,80-18,-25,80-17,-25,120-16,-25,120-15,-25,160-14,-25,200-13,-25,240-12,-25,240-11,-25,280-10,-25,280-9,-25,320-8,-25,360-7,-25,400-6,-25,440-5,-25,560-4,-25,840-3,-25,960-2,-25,800-1,-25,5200,-25,3601,-25,2802,-25,3603,-25,3604,-25,6005,-25,5206,-25,4407,-25,2808,-25,1209,-25,8010,-25,4011,-25,-4012,-25,-4013,-25,-4014,-25,-4015,-25,-8016,-25,-8017,-25,-8018,-25,-8019,-25,020,-25,4021,-25,4022,-25,023,-25,-4024,-25,-8025,-25,-8026,-25,-12027,-25,-12028,-25,-16029,-25,-16030,-25,-16031,-25,-16032,-25,-16033,-25,-16034,-25,-16035,-25,-16036,-25,-16037,-25,-16038,-25,-16039,-25,-20040,-25,-36041,-25,-92042,-25,-252043,-25,-284044,-25,-124045,-25,-64046,-25,-40047,-25,-28048,-25,-20049,-25,-20050,-25,-20051,-25,-28052,-25,-28053,-25,-28054,-25,-32055,-25,-32056,-25,-40057,-25,-52058,-25,-64059,-25,-80060,-25,-104061,-25,-148062,-25,-224063,-25,-320064,-25,-348065,-25,-348066,-25,-348067,-25,-348068,-25,-348069,-25,-348070,-25,-348071,-25,-348072,-25,-348073,-25,-348074,-25,-348075,-25,-348076,-25,-348077,-25,-348078,-25,-348079,-25,-348080,-25,-348081,-25,-348082,-25,-348083,-25,-348084,-25,-348085,-25,-348086,-25,-348087,-25,-348088,-25,-348089,-25,-348090,-25,-348091,-25,-348092,-25,-348093,-25,-348094,-25,-348095,-25,-348096,-25,-348097,-25,-348098,-25,-348099,-25,-3480100,-25,-3480101,-25,-3440102,-25,-3280103,-25,-2440104,-25,-1640105,-25,-1200106,-25,-1040107,-25,-1080108,-25,-1120109,-25,-1200110,-25,-1240111,-25,-1520112,-25,-2080113,-25,-2600114,-25,-2680115,-25,-2680116,-25,-2680117,-25,-2680118,-25,-2680119,-25,-2600120,-25,-2080121,-25,-1240122,-25,-640123,-25,-400124,-25,-280125,-25,-200126,-25,-160127,-25,-160128,-25,-160129,-25,-160130,-25,-160131,-25,-240132,-25,-360133,-25,-600134,-25,-1000135,-25,-2760136,-25,-3400137,-25,-3480138,-25,-3480139,-25,-3480140,-25,-3480141,-25,-3480142,-25,-3480143,-25,-3480144,-25,-3480145,-25,-3480146,-25,-3480147,-25,-3480148,-25,-3480149,-25,-3480150,-25,-3480151,-25,-3480152,-25,-3480153,-25,-3480154,-25,-3480155,-25,-3480156,-25,-3480157,-25,-3480158,-25,-3480159,-25,-3480160,-25,-3480161,-25,-3480162,-25,-3480163,-25,-3480164,-25,-3480165,-25,-3480166,-25,-3480167,-25,-3480168,-25,-3480169,-25,-3480170,-25,-3480171,-25,-3480172,-25,-3480173,-25,-3480174,-25,-3480175,-25,-3480176,-25,-3480177,-25,-3480178,-25,-3480179,-25,-3480-180,-26,-3480-179,-26,-3480-178,-26,-3480-177,-26,-3480-176,-26,-3480-175,-26,-3480-174,-26,-3480-173,-26,-3480-172,-26,-3480-171,-26,-3480-170,-26,-3480-169,-26,-3480-168,-26,-3480-167,-26,-3480-166,-26,-3480-165,-26,-3480-164,-26,-3480-163,-26,-3480-162,-26,-3480-161,-26,-3480-160,-26,-3480-159,-26,-3480-158,-26,-3480-157,-26,-3480-156,-26,-3480-155,-26,-3480-154,-26,-3480-153,-26,-3480-152,-26,-3480-151,-26,-3480-150,-26,-3480-149,-26,-3480-148,-26,-3480-147,-26,-3480-146,-26,-3480-145,-26,-3480-144,-26,-3480-143,-26,-3480-142,-26,-3480-141,-26,-3480-140,-26,-3480-139,-26,-3480-138,-26,-3480-137,-26,-3480-136,-26,-3480-135,-26,-3480-134,-26,-3480-133,-26,-3480-132,-26,-3480-131,-26,-3480-130,-26,-3480-129,-26,-3480-128,-26,-3480-127,-26,-3480-126,-26,-3480-125,-26,-3480-124,-26,-3480-123,-26,-3480-122,-26,-3480-121,-26,-3480-120,-26,-3480-119,-26,-3480-118,-26,-3480-117,-26,-3480-116,-26,-3480-115,-26,-3480-114,-26,-3480-113,-26,-3480-112,-26,-3480-111,-26,-3480-110,-26,-3480-109,-26,-3480-108,-26,-3480-107,-26,-3480-106,-26,-3480-105,-26,-3480-104,-26,-3480-103,-26,-3480-102,-26,-3480-101,-26,-3480-100,-26,-3480-99,-26,-3480-98,-26,-3480-97,-26,-3480-96,-26,-3480-95,-26,-3480-94,-26,-3480-93,-26,-3480-92,-26,-3480-91,-26,-3480-90,-26,-3480-89,-26,-3480-88,-26,-3480-87,-26,-3480-86,-26,-3480-85,-26,-3480-84,-26,-3480-83,-26,-3480-82,-26,-3480-81,-26,-3480-80,-26,-3480-79,-26,-3480-78,-26,-3480-77,-26,-3480-76,-26,-3480-75,-26,-3480-74,-26,-3480-73,-26,-3480-72,-26,-3480-71,-26,-3480-70,-26,-3480-69,-26,-3480-68,-26,-3480-67,-26,-3480-66,-26,-3480-65,-26,-3480-64,-26,-3480-63,-26,-3480-62,-26,-3480-61,-26,-3480-60,-26,-3480-59,-26,-3480-58,-26,-3480-57,-26,-3480-56,-26,-3480-55,-26,-2800-54,-26,-920-53,-26,440-52,-26,880-51,-26,120-50,-26,-280-49,-26,-520-48,-26,-680-47,-26,-800-46,-26,-760-45,-26,-760-44,-26,-760-43,-26,-760-42,-26,-760-41,-26,-800-40,-26,-760-39,-26,-680-38,-26,-640-37,-26,-640-36,-26,-640-35,-26,-600-34,-26,-640-33,-26,-600-32,-26,-600-31,-26,-600-30,-26,-640-29,-26,-640-28,-26,-640-27,-26,-600-26,-26,-600-25,-26,-600-24,-26,-600-23,-26,-560-22,-26,-520-21,-26,-320-20,-26,-200-19,-26,-80-18,-26,40-17,-26,80-16,-26,120-15,-26,120-14,-26,120-13,-26,160-12,-26,200-11,-26,280-10,-26,320-9,-26,360-8,-26,360-7,-26,480-6,-26,560-5,-26,760-4,-26,920-3,-26,800-2,-26,560-1,-26,3600,-26,2801,-26,2802,-26,3203,-26,4804,-26,6805,-26,6406,-26,4807,-26,3208,-26,2009,-26,12010,-26,011,-26,-4012,-26,-4013,-26,-4014,-26,-4015,-26,-8016,-26,-8017,-26,-8018,-26,019,-26,4020,-26,4021,-26,8022,-26,4023,-26,4024,-26,4025,-26,026,-26,-8027,-26,-8028,-26,-12029,-26,-12030,-26,-12031,-26,-16032,-26,-16033,-26,-16034,-26,-16035,-26,-16036,-26,-16037,-26,-12038,-26,-8039,-26,-8040,-26,-8041,-26,-24042,-26,-80043,-26,-244044,-26,-264045,-26,-116046,-26,-68047,-26,-44048,-26,-28049,-26,-24050,-26,-28051,-26,-20052,-26,-20053,-26,-20054,-26,-24055,-26,-24056,-26,-28057,-26,-32058,-26,-52059,-26,-64060,-26,-76061,-26,-84062,-26,-120063,-26,-192064,-26,-332065,-26,-348066,-26,-348067,-26,-348068,-26,-348069,-26,-348070,-26,-348071,-26,-348072,-26,-348073,-26,-348074,-26,-348075,-26,-348076,-26,-348077,-26,-348078,-26,-348079,-26,-348080,-26,-348081,-26,-348082,-26,-348083,-26,-348084,-26,-348085,-26,-348086,-26,-348087,-26,-348088,-26,-348089,-26,-348090,-26,-348091,-26,-348092,-26,-348093,-26,-348094,-26,-348095,-26,-348096,-26,-348097,-26,-348098,-26,-348099,-26,-3480100,-26,-3480101,-26,-3480102,-26,-3480103,-26,-3480104,-26,-3360105,-26,-2600106,-26,-2240107,-26,-2080108,-26,-2160109,-26,-2200110,-26,-2360111,-26,-2520112,-26,-2640113,-26,-2680114,-26,-2680115,-26,-2680116,-26,-2680117,-26,-2680118,-26,-2680119,-26,-2480120,-26,-1680121,-26,-880122,-26,-520123,-26,-360124,-26,-240125,-26,-160126,-26,-160127,-26,-160128,-26,-160129,-26,-160130,-26,-160131,-26,-200132,-26,-400133,-26,-640134,-26,-840135,-26,-2120136,-26,-3160137,-26,-3480138,-26,-3480139,-26,-3480140,-26,-3480141,-26,-3480142,-26,-3480143,-26,-3480144,-26,-3480145,-26,-3480146,-26,-3480147,-26,-3480148,-26,-3480149,-26,-3480150,-26,-3480151,-26,-3480152,-26,-3480153,-26,-3480154,-26,-3480155,-26,-3480156,-26,-3480157,-26,-3480158,-26,-3480159,-26,-3480160,-26,-3480161,-26,-3480162,-26,-3480163,-26,-3480164,-26,-3480165,-26,-3480166,-26,-3480167,-26,-3480168,-26,-3480169,-26,-3480170,-26,-3480171,-26,-3480172,-26,-3480173,-26,-3480174,-26,-3480175,-26,-3480176,-26,-3480177,-26,-3480178,-26,-3480179,-26,-3480-180,-27,-3480-179,-27,-3480-178,-27,-3480-177,-27,-3480-176,-27,-3480-175,-27,-3480-174,-27,-3480-173,-27,-3480-172,-27,-3480-171,-27,-3480-170,-27,-3480-169,-27,-3480-168,-27,-3480-167,-27,-3480-166,-27,-3480-165,-27,-3480-164,-27,-3480-163,-27,-3480-162,-27,-3480-161,-27,-3480-160,-27,-3480-159,-27,-3480-158,-27,-3480-157,-27,-3480-156,-27,-3480-155,-27,-3480-154,-27,-3480-153,-27,-3480-152,-27,-3480-151,-27,-3480-150,-27,-3480-149,-27,-3480-148,-27,-3480-147,-27,-3480-146,-27,-3480-145,-27,-3480-144,-27,-3480-143,-27,-3480-142,-27,-3480-141,-27,-3480-140,-27,-3480-139,-27,-3480-138,-27,-3480-137,-27,-3480-136,-27,-3480-135,-27,-3480-134,-27,-3480-133,-27,-3480-132,-27,-3480-131,-27,-3480-130,-27,-3480-129,-27,-3480-128,-27,-3480-127,-27,-3480-126,-27,-3480-125,-27,-3480-124,-27,-3480-123,-27,-3480-122,-27,-3480-121,-27,-3480-120,-27,-3480-119,-27,-3480-118,-27,-3480-117,-27,-3480-116,-27,-3480-115,-27,-3480-114,-27,-3480-113,-27,-3480-112,-27,-3480-111,-27,-3480-110,-27,-3480-109,-27,-3480-108,-27,-3480-107,-27,-3480-106,-27,-3480-105,-27,-3480-104,-27,-3480-103,-27,-3480-102,-27,-3480-101,-27,-3480-100,-27,-3480-99,-27,-3480-98,-27,-3480-97,-27,-3480-96,-27,-3480-95,-27,-3480-94,-27,-3480-93,-27,-3480-92,-27,-3480-91,-27,-3480-90,-27,-3480-89,-27,-3480-88,-27,-3480-87,-27,-3480-86,-27,-3480-85,-27,-3480-84,-27,-3480-83,-27,-3480-82,-27,-3480-81,-27,-3480-80,-27,-3480-79,-27,-3480-78,-27,-3480-77,-27,-3480-76,-27,-3480-75,-27,-3480-74,-27,-3480-73,-27,-3480-72,-27,-3480-71,-27,-3480-70,-27,-3480-69,-27,-3480-68,-27,-3480-67,-27,-3480-66,-27,-3480-65,-27,-3480-64,-27,-3480-63,-27,-3480-62,-27,-3480-61,-27,-3480-60,-27,-3480-59,-27,-3480-58,-27,-3480-57,-27,-3480-56,-27,-3480-55,-27,-2680-54,-27,-880-53,-27,200-52,-27,520-51,-27,0-50,-27,-280-49,-27,-480-48,-27,-640-47,-27,-800-46,-27,-760-45,-27,-680-44,-27,-640-43,-27,-520-42,-27,-480-41,-27,-480-40,-27,-440-39,-27,-400-38,-27,-400-37,-27,-360-36,-27,-360-35,-27,-360-34,-27,-400-33,-27,-320-32,-27,-360-31,-27,-320-30,-27,-400-29,-27,-400-28,-27,-440-27,-27,-480-26,-27,-480-25,-27,-520-24,-27,-600-23,-27,-600-22,-27,-640-21,-27,-560-20,-27,-400-19,-27,-280-18,-27,-80-17,-27,0-16,-27,40-15,-27,80-14,-27,80-13,-27,120-12,-27,200-11,-27,240-10,-27,360-9,-27,480-8,-27,520-7,-27,760-6,-27,800-5,-27,840-4,-27,800-3,-27,640-2,-27,440-1,-27,3200,-27,3201,-27,2802,-27,3203,-27,5204,-27,8405,-27,8006,-27,5207,-27,4008,-27,2809,-27,16010,-27,12011,-27,012,-27,013,-27,-4014,-27,-8015,-27,-4016,-27,-4017,-27,-4018,-27,019,-27,4020,-27,8021,-27,12022,-27,12023,-27,8024,-27,4025,-27,026,-27,-4027,-27,-8028,-27,-8029,-27,-12030,-27,-12031,-27,-16032,-27,-16033,-27,-12034,-27,-8035,-27,-8036,-27,037,-27,038,-27,-4039,-27,040,-27,041,-27,042,-27,-20043,-27,-92044,-27,-216045,-27,-256046,-27,-112047,-27,-64048,-27,-52049,-27,-32050,-27,-24051,-27,-20052,-27,-16053,-27,-16054,-27,-16055,-27,-16056,-27,-20057,-27,-28058,-27,-40059,-27,-52060,-27,-68061,-27,-72062,-27,-88063,-27,-136064,-27,-196065,-27,-328066,-27,-348067,-27,-348068,-27,-348069,-27,-348070,-27,-348071,-27,-348072,-27,-348073,-27,-348074,-27,-348075,-27,-348076,-27,-348077,-27,-348078,-27,-348079,-27,-348080,-27,-348081,-27,-348082,-27,-348083,-27,-348084,-27,-348085,-27,-348086,-27,-348087,-27,-348088,-27,-348089,-27,-348090,-27,-348091,-27,-348092,-27,-348093,-27,-348094,-27,-348095,-27,-348096,-27,-348097,-27,-348098,-27,-348099,-27,-3480100,-27,-3480101,-27,-3480102,-27,-3480103,-27,-3480104,-27,-3480105,-27,-3480106,-27,-3280107,-27,-2640108,-27,-2640109,-27,-2680110,-27,-2680111,-27,-2680112,-27,-2680113,-27,-2680114,-27,-2680115,-27,-2680116,-27,-2680117,-27,-2680118,-27,-2640119,-27,-2080120,-27,-1360121,-27,-760122,-27,-480123,-27,-320124,-27,-200125,-27,-160126,-27,-160127,-27,-160128,-27,-160129,-27,-160130,-27,-160131,-27,-280132,-27,-440133,-27,-720134,-27,-960135,-27,-1840136,-27,-2720137,-27,-3440138,-27,-3480139,-27,-3480140,-27,-3480141,-27,-3480142,-27,-3480143,-27,-3480144,-27,-3480145,-27,-3480146,-27,-3480147,-27,-3480148,-27,-3480149,-27,-3480150,-27,-3480151,-27,-3480152,-27,-3480153,-27,-3480154,-27,-3480155,-27,-3480156,-27,-3480157,-27,-3480158,-27,-3480159,-27,-3480160,-27,-3480161,-27,-3480162,-27,-3480163,-27,-3480164,-27,-3480165,-27,-3480166,-27,-3480167,-27,-3480168,-27,-3480169,-27,-3480170,-27,-3480171,-27,-3480172,-27,-3480173,-27,-3480174,-27,-3480175,-27,-3480176,-27,-3480177,-27,-3480178,-27,-3480179,-27,-3480-180,-28,-3480-179,-28,-3480-178,-28,-3480-177,-28,-3480-176,-28,-3480-175,-28,-3480-174,-28,-3480-173,-28,-3480-172,-28,-3480-171,-28,-3480-170,-28,-3480-169,-28,-3480-168,-28,-3480-167,-28,-3480-166,-28,-3480-165,-28,-3480-164,-28,-3480-163,-28,-3480-162,-28,-3480-161,-28,-3480-160,-28,-3480-159,-28,-3480-158,-28,-3480-157,-28,-3480-156,-28,-3480-155,-28,-3480-154,-28,-3480-153,-28,-3480-152,-28,-3480-151,-28,-3480-150,-28,-3480-149,-28,-3480-148,-28,-3480-147,-28,-3480-146,-28,-3480-145,-28,-3480-144,-28,-3480-143,-28,-3480-142,-28,-3480-141,-28,-3480-140,-28,-3480-139,-28,-3480-138,-28,-3480-137,-28,-3480-136,-28,-3480-135,-28,-3480-134,-28,-3480-133,-28,-3480-132,-28,-3480-131,-28,-3480-130,-28,-3480-129,-28,-3480-128,-28,-3480-127,-28,-3480-126,-28,-3480-125,-28,-3480-124,-28,-3480-123,-28,-3480-122,-28,-3480-121,-28,-3480-120,-28,-3480-119,-28,-3480-118,-28,-3480-117,-28,-3480-116,-28,-3480-115,-28,-3480-114,-28,-3480-113,-28,-3480-112,-28,-3480-111,-28,-3480-110,-28,-3480-109,-28,-3480-108,-28,-3480-107,-28,-3480-106,-28,-3480-105,-28,-3480-104,-28,-3480-103,-28,-3480-102,-28,-3480-101,-28,-3480-100,-28,-3480-99,-28,-3480-98,-28,-3480-97,-28,-3480-96,-28,-3480-95,-28,-3480-94,-28,-3480-93,-28,-3480-92,-28,-3480-91,-28,-3480-90,-28,-3480-89,-28,-3480-88,-28,-3480-87,-28,-3480-86,-28,-3480-85,-28,-3480-84,-28,-3480-83,-28,-3480-82,-28,-3480-81,-28,-3480-80,-28,-3480-79,-28,-3480-78,-28,-3480-77,-28,-3480-76,-28,-3480-75,-28,-3480-74,-28,-3480-73,-28,-3480-72,-28,-3480-71,-28,-3480-70,-28,-3480-69,-28,-3480-68,-28,-3480-67,-28,-3480-66,-28,-3480-65,-28,-3480-64,-28,-3480-63,-28,-3480-62,-28,-3480-61,-28,-3480-60,-28,-3480-59,-28,-3480-58,-28,-3480-57,-28,-3480-56,-28,-3480-55,-28,-2560-54,-28,-800-53,-28,80-52,-28,320-51,-28,-80-50,-28,-280-49,-28,-400-48,-28,-520-47,-28,-640-46,-28,-560-45,-28,-520-44,-28,-440-43,-28,-320-42,-28,-160-41,-28,-120-40,-28,-80-39,-28,-120-38,-28,-80-37,-28,-120-36,-28,-160-35,-28,-160-34,-28,-160-33,-28,-160-32,-28,-160-31,-28,-160-30,-28,-160-29,-28,-160-28,-28,-200-27,-28,-200-26,-28,-240-25,-28,-280-24,-28,-400-23,-28,-480-22,-28,-520-21,-28,-640-20,-28,-600-19,-28,-440-18,-28,-280-17,-28,-160-16,-28,-40-15,-28,40-14,-28,40-13,-28,80-12,-28,160-11,-28,240-10,-28,400-9,-28,640-8,-28,960-7,-28,1240-6,-28,1040-5,-28,760-4,-28,600-3,-28,440-2,-28,320-1,-28,3200,-28,2801,-28,3202,-28,4003,-28,6804,-28,13205,-28,12406,-28,6807,-28,4808,-28,3209,-28,20010,-28,12011,-28,8012,-28,4013,-28,-4014,-28,-4015,-28,-4016,-28,-4017,-28,018,-28,4019,-28,8020,-28,12021,-28,16022,-28,16023,-28,16024,-28,12025,-28,8026,-28,4027,-28,-4028,-28,-8029,-28,-8030,-28,-8031,-28,-12032,-28,-12033,-28,-4034,-28,-4035,-28,4036,-28,4037,-28,038,-28,039,-28,040,-28,4041,-28,4042,-28,043,-28,-24044,-28,-96045,-28,-212046,-28,-236047,-28,-100048,-28,-60049,-28,-44050,-28,-28051,-28,-24052,-28,-20053,-28,-16054,-28,-16055,-28,-16056,-28,-16057,-28,-16058,-28,-28059,-28,-40060,-28,-56061,-28,-64062,-28,-84063,-28,-96064,-28,-140065,-28,-212066,-28,-304067,-28,-340068,-28,-348069,-28,-348070,-28,-348071,-28,-348072,-28,-348073,-28,-348074,-28,-348075,-28,-348076,-28,-348077,-28,-348078,-28,-348079,-28,-348080,-28,-348081,-28,-348082,-28,-348083,-28,-348084,-28,-348085,-28,-348086,-28,-348087,-28,-348088,-28,-348089,-28,-348090,-28,-348091,-28,-348092,-28,-348093,-28,-348094,-28,-348095,-28,-348096,-28,-348097,-28,-348098,-28,-348099,-28,-3480100,-28,-3480101,-28,-3480102,-28,-3480103,-28,-3480104,-28,-3480105,-28,-3480106,-28,-3480107,-28,-3480108,-28,-2920109,-28,-2720110,-28,-2680111,-28,-2680112,-28,-2680113,-28,-2680114,-28,-2680115,-28,-2680116,-28,-2680117,-28,-2680118,-28,-2440119,-28,-1640120,-28,-1040121,-28,-640122,-28,-400123,-28,-280124,-28,-200125,-28,-160126,-28,-160127,-28,-160128,-28,-160129,-28,-160130,-28,-200131,-28,-320132,-28,-520133,-28,-760134,-28,-1200135,-28,-1720136,-28,-3080137,-28,-3400138,-28,-3480139,-28,-3480140,-28,-3480141,-28,-3480142,-28,-3480143,-28,-3480144,-28,-3480145,-28,-3480146,-28,-3480147,-28,-3480148,-28,-3480149,-28,-3480150,-28,-3480151,-28,-3480152,-28,-3480153,-28,-3480154,-28,-3480155,-28,-3480156,-28,-3480157,-28,-3480158,-28,-3480159,-28,-3480160,-28,-3480161,-28,-3480162,-28,-3480163,-28,-3480164,-28,-3480165,-28,-3480166,-28,-3480167,-28,-3480168,-28,-3480169,-28,-3480170,-28,-3480171,-28,-3480172,-28,-3480173,-28,-3480174,-28,-3480175,-28,-3480176,-28,-3480177,-28,-3480178,-28,-3480179,-28,-3480-180,-29,-3480-179,-29,-3480-178,-29,-3480-177,-29,-3480-176,-29,-3480-175,-29,-3480-174,-29,-3480-173,-29,-3480-172,-29,-3480-171,-29,-3480-170,-29,-3480-169,-29,-3480-168,-29,-3480-167,-29,-3480-166,-29,-3480-165,-29,-3480-164,-29,-3480-163,-29,-3480-162,-29,-3480-161,-29,-3480-160,-29,-3480-159,-29,-3480-158,-29,-3480-157,-29,-3480-156,-29,-3480-155,-29,-3480-154,-29,-3480-153,-29,-3480-152,-29,-3480-151,-29,-3480-150,-29,-3480-149,-29,-3480-148,-29,-3480-147,-29,-3480-146,-29,-3480-145,-29,-3480-144,-29,-3480-143,-29,-3480-142,-29,-3480-141,-29,-3480-140,-29,-3480-139,-29,-3480-138,-29,-3480-137,-29,-3480-136,-29,-3480-135,-29,-3480-134,-29,-3480-133,-29,-3480-132,-29,-3480-131,-29,-3480-130,-29,-3480-129,-29,-3480-128,-29,-3480-127,-29,-3480-126,-29,-3480-125,-29,-3480-124,-29,-3480-123,-29,-3480-122,-29,-3480-121,-29,-3480-120,-29,-3480-119,-29,-3480-118,-29,-3480-117,-29,-3480-116,-29,-3480-115,-29,-3480-114,-29,-3480-113,-29,-3480-112,-29,-3480-111,-29,-3480-110,-29,-3480-109,-29,-3480-108,-29,-3480-107,-29,-3480-106,-29,-3480-105,-29,-3480-104,-29,-3480-103,-29,-3480-102,-29,-3480-101,-29,-3480-100,-29,-3480-99,-29,-3480-98,-29,-3480-97,-29,-3480-96,-29,-3480-95,-29,-3480-94,-29,-3480-93,-29,-3480-92,-29,-3480-91,-29,-3480-90,-29,-3480-89,-29,-3480-88,-29,-3480-87,-29,-3480-86,-29,-3480-85,-29,-3480-84,-29,-3480-83,-29,-3480-82,-29,-3480-81,-29,-3480-80,-29,-3480-79,-29,-3480-78,-29,-3480-77,-29,-3480-76,-29,-3480-75,-29,-3480-74,-29,-3480-73,-29,-3480-72,-29,-3480-71,-29,-3480-70,-29,-3480-69,-29,-3480-68,-29,-3480-67,-29,-3480-66,-29,-3480-65,-29,-3480-64,-29,-3480-63,-29,-3480-62,-29,-3480-61,-29,-3480-60,-29,-3480-59,-29,-3480-58,-29,-3480-57,-29,-3480-56,-29,-3440-55,-29,-2320-54,-29,-680-53,-29,80-52,-29,280-51,-29,-120-50,-29,-240-49,-29,-280-48,-29,-400-47,-29,-440-46,-29,-400-45,-29,-320-44,-29,-200-43,-29,-120-42,-29,0-41,-29,40-40,-29,40-39,-29,40-38,-29,-80-37,-29,-40-36,-29,-40-35,-29,-40-34,-29,-40-33,-29,-40-32,-29,0-31,-29,40-30,-29,40-29,-29,80-28,-29,-40-27,-29,-40-26,-29,-80-25,-29,-80-24,-29,-200-23,-29,-240-22,-29,-320-21,-29,-480-20,-29,-640-19,-29,-600-18,-29,-400-17,-29,-280-16,-29,-160-15,-29,-120-14,-29,-80-13,-29,0-12,-29,40-11,-29,200-10,-29,440-9,-29,760-8,-29,960-7,-29,1120-6,-29,920-5,-29,640-4,-29,480-3,-29,360-2,-29,360-1,-29,2800,-29,3201,-29,3202,-29,4003,-29,6804,-29,12405,-29,13606,-29,7607,-29,4408,-29,3209,-29,28010,-29,24011,-29,12012,-29,8013,-29,8014,-29,8015,-29,4016,-29,017,-29,4018,-29,8019,-29,16020,-29,16021,-29,16022,-29,16023,-29,16024,-29,16025,-29,16026,-29,12027,-29,4028,-29,029,-29,030,-29,-4031,-29,-4032,-29,033,-29,034,-29,035,-29,4036,-29,4037,-29,4038,-29,039,-29,8040,-29,12041,-29,4042,-29,8043,-29,044,-29,-32045,-29,-120046,-29,-212047,-29,-224048,-29,-96049,-29,-60050,-29,-40051,-29,-24052,-29,-16053,-29,-16054,-29,-16055,-29,-16056,-29,-16057,-29,-16058,-29,-24059,-29,-28060,-29,-40061,-29,-52062,-29,-56063,-29,-72064,-29,-116065,-29,-184066,-29,-268067,-29,-280068,-29,-300069,-29,-344070,-29,-348071,-29,-348072,-29,-348073,-29,-348074,-29,-348075,-29,-348076,-29,-348077,-29,-348078,-29,-348079,-29,-348080,-29,-348081,-29,-348082,-29,-348083,-29,-348084,-29,-348085,-29,-348086,-29,-348087,-29,-348088,-29,-348089,-29,-348090,-29,-348091,-29,-348092,-29,-348093,-29,-348094,-29,-348095,-29,-348096,-29,-348097,-29,-348098,-29,-348099,-29,-3480100,-29,-3480101,-29,-3480102,-29,-3480103,-29,-3480104,-29,-3480105,-29,-3480106,-29,-3480107,-29,-3480108,-29,-3480109,-29,-3480110,-29,-2840111,-29,-2680112,-29,-2680113,-29,-2680114,-29,-2680115,-29,-2680116,-29,-2680117,-29,-2600118,-29,-2080119,-29,-1360120,-29,-840121,-29,-560122,-29,-360123,-29,-240124,-29,-160125,-29,-160126,-29,-160127,-29,-160128,-29,-160129,-29,-160130,-29,-240131,-29,-360132,-29,-600133,-29,-800134,-29,-1240135,-29,-1960136,-29,-3240137,-29,-3440138,-29,-3480139,-29,-3480140,-29,-3480141,-29,-3480142,-29,-3480143,-29,-3480144,-29,-3480145,-29,-3480146,-29,-3480147,-29,-3480148,-29,-3480149,-29,-3480150,-29,-3480151,-29,-3480152,-29,-3480153,-29,-3480154,-29,-3480155,-29,-3480156,-29,-3480157,-29,-3480158,-29,-3480159,-29,-3480160,-29,-3480161,-29,-3480162,-29,-3480163,-29,-3480164,-29,-3480165,-29,-3480166,-29,-3480167,-29,-3480168,-29,-3480169,-29,-3480170,-29,-3480171,-29,-3480172,-29,-3480173,-29,-3480174,-29,-3480175,-29,-3480176,-29,-3480177,-29,-3480178,-29,-3480179,-29,-3480-180,-30,-3480-179,-30,-3480-178,-30,-3480-177,-30,-3480-176,-30,-3480-175,-30,-3480-174,-30,-3480-173,-30,-3480-172,-30,-3480-171,-30,-3480-170,-30,-3480-169,-30,-3480-168,-30,-3480-167,-30,-3480-166,-30,-3480-165,-30,-3480-164,-30,-3480-163,-30,-3480-162,-30,-3480-161,-30,-3480-160,-30,-3480-159,-30,-3480-158,-30,-3480-157,-30,-3480-156,-30,-3480-155,-30,-3480-154,-30,-3480-153,-30,-3480-152,-30,-3480-151,-30,-3480-150,-30,-3480-149,-30,-3480-148,-30,-3480-147,-30,-3480-146,-30,-3480-145,-30,-3480-144,-30,-3480-143,-30,-3480-142,-30,-3480-141,-30,-3480-140,-30,-3480-139,-30,-3480-138,-30,-3480-137,-30,-3480-136,-30,-3480-135,-30,-3480-134,-30,-3480-133,-30,-3480-132,-30,-3480-131,-30,-3480-130,-30,-3480-129,-30,-3480-128,-30,-3480-127,-30,-3480-126,-30,-3480-125,-30,-3480-124,-30,-3480-123,-30,-3480-122,-30,-3480-121,-30,-3480-120,-30,-3480-119,-30,-3480-118,-30,-3480-117,-30,-3480-116,-30,-3480-115,-30,-3480-114,-30,-3480-113,-30,-3480-112,-30,-3480-111,-30,-3480-110,-30,-3480-109,-30,-3480-108,-30,-3480-107,-30,-3480-106,-30,-3480-105,-30,-3480-104,-30,-3480-103,-30,-3480-102,-30,-3480-101,-30,-3480-100,-30,-3480-99,-30,-3480-98,-30,-3480-97,-30,-3480-96,-30,-3480-95,-30,-3480-94,-30,-3480-93,-30,-3480-92,-30,-3480-91,-30,-3480-90,-30,-3480-89,-30,-3480-88,-30,-3480-87,-30,-3480-86,-30,-3480-85,-30,-3480-84,-30,-3480-83,-30,-3480-82,-30,-3480-81,-30,-3480-80,-30,-3480-79,-30,-3480-78,-30,-3480-77,-30,-3480-76,-30,-3480-75,-30,-3480-74,-30,-3480-73,-30,-3480-72,-30,-3480-71,-30,-3480-70,-30,-3480-69,-30,-3480-68,-30,-3480-67,-30,-3480-66,-30,-3480-65,-30,-3480-64,-30,-3480-63,-30,-3480-62,-30,-3480-61,-30,-3480-60,-30,-3480-59,-30,-3480-58,-30,-3480-57,-30,-3480-56,-30,-3400-55,-30,-2040-54,-30,-520-53,-30,320-52,-30,440-51,-30,-40-50,-30,-160-49,-30,-240-48,-30,-280-47,-30,-280-46,-30,-240-45,-30,-200-44,-30,-80-43,-30,40-42,-30,80-41,-30,80-40,-30,80-39,-30,80-38,-30,80-37,-30,40-36,-30,40-35,-30,0-34,-30,0-33,-30,0-32,-30,40-31,-30,40-30,-30,0-29,-30,80-28,-30,80-27,-30,40-26,-30,40-25,-30,40-24,-30,-80-23,-30,-120-22,-30,-240-21,-30,-360-20,-30,-440-19,-30,-520-18,-30,-400-17,-30,-240-16,-30,-120-15,-30,-120-14,-30,-120-13,-30,-120-12,-30,-40-11,-30,40-10,-30,240-9,-30,480-8,-30,600-7,-30,640-6,-30,560-5,-30,480-4,-30,360-3,-30,320-2,-30,320-1,-30,3200,-30,2801,-30,3602,-30,4403,-30,6804,-30,10005,-30,11606,-30,6807,-30,5208,-30,4009,-30,32010,-30,24011,-30,24012,-30,20013,-30,12014,-30,8015,-30,4016,-30,4017,-30,8018,-30,8019,-30,16020,-30,16021,-30,16022,-30,20023,-30,20024,-30,20025,-30,16026,-30,16027,-30,16028,-30,12029,-30,8030,-30,4031,-30,4032,-30,4033,-30,8034,-30,4035,-30,8036,-30,4037,-30,8038,-30,12039,-30,12040,-30,12041,-30,8042,-30,8043,-30,4044,-30,-4045,-30,-48046,-30,-164047,-30,-220048,-30,-188049,-30,-96050,-30,-60051,-30,-36052,-30,-20053,-30,-16054,-30,-12055,-30,-16056,-30,-20057,-30,-20058,-30,-16059,-30,-24060,-30,-28061,-30,-40062,-30,-44063,-30,-40064,-30,-60065,-30,-148066,-30,-220067,-30,-284068,-30,-272069,-30,-280070,-30,-340071,-30,-348072,-30,-348073,-30,-348074,-30,-348075,-30,-348076,-30,-348077,-30,-348078,-30,-348079,-30,-348080,-30,-348081,-30,-348082,-30,-348083,-30,-348084,-30,-348085,-30,-348086,-30,-348087,-30,-348088,-30,-348089,-30,-348090,-30,-348091,-30,-348092,-30,-348093,-30,-348094,-30,-348095,-30,-348096,-30,-348097,-30,-348098,-30,-348099,-30,-3480100,-30,-3480101,-30,-3480102,-30,-3480103,-30,-3480104,-30,-3480105,-30,-3480106,-30,-3480107,-30,-3480108,-30,-3480109,-30,-3480110,-30,-3480111,-30,-3440112,-30,-2800113,-30,-2680114,-30,-2680115,-30,-2680116,-30,-2680117,-30,-2400118,-30,-1840119,-30,-1080120,-30,-640121,-30,-400122,-30,-280123,-30,-200124,-30,-160125,-30,-160126,-30,-160127,-30,-160128,-30,-200129,-30,-280130,-30,-360131,-30,-480132,-30,-640133,-30,-840134,-30,-1120135,-30,-1920136,-30,-2800137,-30,-3440138,-30,-3480139,-30,-3480140,-30,-3480141,-30,-3480142,-30,-3480143,-30,-3480144,-30,-3480145,-30,-3480146,-30,-3480147,-30,-3480148,-30,-3480149,-30,-3480150,-30,-3480151,-30,-3480152,-30,-3480153,-30,-3480154,-30,-3480155,-30,-3480156,-30,-3480157,-30,-3480158,-30,-3480159,-30,-3480160,-30,-3480161,-30,-3480162,-30,-3480163,-30,-3480164,-30,-3480165,-30,-3480166,-30,-3480167,-30,-3480168,-30,-3480169,-30,-3480170,-30,-3480171,-30,-3480172,-30,-3480173,-30,-3480174,-30,-3480175,-30,-3480176,-30,-3480177,-30,-3480178,-30,-3480179,-30,-3480-180,-31,-3480-179,-31,-3480-178,-31,-3480-177,-31,-3480-176,-31,-3480-175,-31,-3480-174,-31,-3480-173,-31,-3480-172,-31,-3480-171,-31,-3480-170,-31,-3480-169,-31,-3480-168,-31,-3480-167,-31,-3480-166,-31,-3480-165,-31,-3480-164,-31,-3480-163,-31,-3480-162,-31,-3480-161,-31,-3480-160,-31,-3480-159,-31,-3480-158,-31,-3480-157,-31,-3480-156,-31,-3480-155,-31,-3480-154,-31,-3480-153,-31,-3480-152,-31,-3480-151,-31,-3480-150,-31,-3480-149,-31,-3480-148,-31,-3480-147,-31,-3480-146,-31,-3480-145,-31,-3480-144,-31,-3480-143,-31,-3480-142,-31,-3480-141,-31,-3480-140,-31,-3480-139,-31,-3480-138,-31,-3480-137,-31,-3480-136,-31,-3480-135,-31,-3480-134,-31,-3480-133,-31,-3480-132,-31,-3480-131,-31,-3480-130,-31,-3480-129,-31,-3480-128,-31,-3480-127,-31,-3480-126,-31,-3480-125,-31,-3480-124,-31,-3480-123,-31,-3480-122,-31,-3480-121,-31,-3480-120,-31,-3480-119,-31,-3480-118,-31,-3480-117,-31,-3480-116,-31,-3480-115,-31,-3480-114,-31,-3480-113,-31,-3480-112,-31,-3480-111,-31,-3480-110,-31,-3480-109,-31,-3480-108,-31,-3480-107,-31,-3480-106,-31,-3480-105,-31,-3480-104,-31,-3480-103,-31,-3480-102,-31,-3480-101,-31,-3480-100,-31,-3480-99,-31,-3480-98,-31,-3480-97,-31,-3480-96,-31,-3480-95,-31,-3480-94,-31,-3480-93,-31,-3480-92,-31,-3480-91,-31,-3480-90,-31,-3480-89,-31,-3480-88,-31,-3480-87,-31,-3480-86,-31,-3480-85,-31,-3480-84,-31,-3480-83,-31,-3480-82,-31,-3480-81,-31,-3480-80,-31,-3480-79,-31,-3480-78,-31,-3480-77,-31,-3480-76,-31,-3480-75,-31,-3480-74,-31,-3480-73,-31,-3480-72,-31,-3480-71,-31,-3480-70,-31,-3480-69,-31,-3480-68,-31,-3480-67,-31,-3480-66,-31,-3480-65,-31,-3480-64,-31,-3480-63,-31,-3480-62,-31,-3480-61,-31,-3480-60,-31,-3480-59,-31,-3480-58,-31,-3480-57,-31,-3480-56,-31,-3320-55,-31,-1720-54,-31,-240-53,-31,760-52,-31,560-51,-31,-40-50,-31,-160-49,-31,-160-48,-31,-200-47,-31,-200-46,-31,-160-45,-31,-80-44,-31,-40-43,-31,80-42,-31,80-41,-31,120-40,-31,120-39,-31,120-38,-31,160-37,-31,160-36,-31,120-35,-31,120-34,-31,120-33,-31,80-32,-31,80-31,-31,80-30,-31,80-29,-31,160-28,-31,160-27,-31,160-26,-31,80-25,-31,40-24,-31,-40-23,-31,-80-22,-31,-80-21,-31,-240-20,-31,-240-19,-31,-360-18,-31,-320-17,-31,-240-16,-31,-120-15,-31,-120-14,-31,-120-13,-31,-120-12,-31,-120-11,-31,-40-10,-31,0-9,-31,80-8,-31,200-7,-31,240-6,-31,280-5,-31,280-4,-31,280-3,-31,280-2,-31,280-1,-31,2800,-31,3201,-31,4002,-31,5203,-31,8804,-31,9205,-31,8406,-31,6007,-31,4808,-31,4809,-31,40010,-31,32011,-31,24012,-31,24013,-31,20014,-31,8015,-31,4016,-31,017,-31,018,-31,4019,-31,12020,-31,16021,-31,16022,-31,20023,-31,20024,-31,20025,-31,20026,-31,24027,-31,24028,-31,16029,-31,16030,-31,12031,-31,12032,-31,12033,-31,12034,-31,16035,-31,20036,-31,16037,-31,16038,-31,16039,-31,12040,-31,12041,-31,8042,-31,8043,-31,12044,-31,4045,-31,-16046,-31,-104047,-31,-188048,-31,-204049,-31,-188050,-31,-116051,-31,-60052,-31,-32053,-31,-20054,-31,-16055,-31,-16056,-31,-16057,-31,-28058,-31,-16059,-31,-20060,-31,-24061,-31,-28062,-31,-28063,-31,-28064,-31,-32065,-31,-52066,-31,-112067,-31,-188068,-31,-260069,-31,-264070,-31,-272071,-31,-324072,-31,-348073,-31,-348074,-31,-348075,-31,-348076,-31,-348077,-31,-348078,-31,-348079,-31,-348080,-31,-348081,-31,-348082,-31,-348083,-31,-348084,-31,-348085,-31,-348086,-31,-348087,-31,-348088,-31,-348089,-31,-348090,-31,-348091,-31,-348092,-31,-348093,-31,-348094,-31,-348095,-31,-348096,-31,-348097,-31,-348098,-31,-348099,-31,-3480100,-31,-3480101,-31,-3480102,-31,-3480103,-31,-3480104,-31,-3480105,-31,-3480106,-31,-3480107,-31,-3480108,-31,-3480109,-31,-3480110,-31,-3480111,-31,-3480112,-31,-3480113,-31,-3320114,-31,-2720115,-31,-2680116,-31,-2560117,-31,-2200118,-31,-1360119,-31,-640120,-31,-360121,-31,-320122,-31,-240123,-31,-160124,-31,-160125,-31,-160126,-31,-160127,-31,-240128,-31,-280129,-31,-400130,-31,-520131,-31,-600132,-31,-760133,-31,-840134,-31,-880135,-31,-1640136,-31,-2480137,-31,-3440138,-31,-3480139,-31,-3480140,-31,-3480141,-31,-3480142,-31,-3480143,-31,-3480144,-31,-3480145,-31,-3480146,-31,-3480147,-31,-3480148,-31,-3480149,-31,-3480150,-31,-3480151,-31,-3480152,-31,-3480153,-31,-3480154,-31,-3480155,-31,-3480156,-31,-3480157,-31,-3480158,-31,-3480159,-31,-3480160,-31,-3480161,-31,-3480162,-31,-3480163,-31,-3480164,-31,-3480165,-31,-3480166,-31,-3480167,-31,-3480168,-31,-3480169,-31,-3480170,-31,-3480171,-31,-3480172,-31,-3480173,-31,-3480174,-31,-3480175,-31,-3480176,-31,-3480177,-31,-3480178,-31,-3480179,-31,-3480-180,-32,-3480-179,-32,-3480-178,-32,-3480-177,-32,-3480-176,-32,-3480-175,-32,-3480-174,-32,-3480-173,-32,-3480-172,-32,-3480-171,-32,-3480-170,-32,-3480-169,-32,-3480-168,-32,-3480-167,-32,-3480-166,-32,-3480-165,-32,-3480-164,-32,-3480-163,-32,-3480-162,-32,-3480-161,-32,-3480-160,-32,-3480-159,-32,-3480-158,-32,-3480-157,-32,-3480-156,-32,-3480-155,-32,-3480-154,-32,-3480-153,-32,-3480-152,-32,-3480-151,-32,-3480-150,-32,-3480-149,-32,-3480-148,-32,-3480-147,-32,-3480-146,-32,-3480-145,-32,-3480-144,-32,-3480-143,-32,-3480-142,-32,-3480-141,-32,-3480-140,-32,-3480-139,-32,-3480-138,-32,-3480-137,-32,-3480-136,-32,-3480-135,-32,-3480-134,-32,-3480-133,-32,-3480-132,-32,-3480-131,-32,-3480-130,-32,-3480-129,-32,-3480-128,-32,-3480-127,-32,-3480-126,-32,-3480-125,-32,-3480-124,-32,-3480-123,-32,-3480-122,-32,-3480-121,-32,-3480-120,-32,-3480-119,-32,-3480-118,-32,-3480-117,-32,-3480-116,-32,-3480-115,-32,-3480-114,-32,-3480-113,-32,-3480-112,-32,-3480-111,-32,-3480-110,-32,-3480-109,-32,-3480-108,-32,-3480-107,-32,-3480-106,-32,-3480-105,-32,-3480-104,-32,-3480-103,-32,-3480-102,-32,-3480-101,-32,-3480-100,-32,-3480-99,-32,-3480-98,-32,-3480-97,-32,-3480-96,-32,-3480-95,-32,-3480-94,-32,-3480-93,-32,-3480-92,-32,-3480-91,-32,-3480-90,-32,-3480-89,-32,-3480-88,-32,-3480-87,-32,-3480-86,-32,-3480-85,-32,-3480-84,-32,-3480-83,-32,-3480-82,-32,-3480-81,-32,-3480-80,-32,-3480-79,-32,-3480-78,-32,-3480-77,-32,-3480-76,-32,-3480-75,-32,-3480-74,-32,-3480-73,-32,-3480-72,-32,-3480-71,-32,-3480-70,-32,-3480-69,-32,-3480-68,-32,-3480-67,-32,-3480-66,-32,-3480-65,-32,-3480-64,-32,-3480-63,-32,-3480-62,-32,-3480-61,-32,-3480-60,-32,-3480-59,-32,-3480-58,-32,-3480-57,-32,-3480-56,-32,-2840-55,-32,-1320-54,-32,320-53,-32,1160-52,-32,360-51,-32,-40-50,-32,0-49,-32,0-48,-32,-80-47,-32,-120-46,-32,-120-45,-32,-80-44,-32,0-43,-32,80-42,-32,80-41,-32,120-40,-32,200-39,-32,200-38,-32,200-37,-32,240-36,-32,280-35,-32,280-34,-32,200-33,-32,200-32,-32,200-31,-32,200-30,-32,200-29,-32,240-28,-32,280-27,-32,240-26,-32,160-25,-32,80-24,-32,40-23,-32,-40-22,-32,-80-21,-32,-120-20,-32,-160-19,-32,-200-18,-32,-240-17,-32,-120-16,-32,-120-15,-32,-120-14,-32,-160-13,-32,-160-12,-32,-120-11,-32,-120-10,-32,-120-9,-32,-40-8,-32,40-7,-32,80-6,-32,160-5,-32,200-4,-32,200-3,-32,240-2,-32,280-1,-32,2800,-32,3201,-32,4002,-32,9203,-32,12804,-32,10405,-32,7206,-32,6007,-32,5208,-32,4409,-32,36010,-32,32011,-32,28012,-32,24013,-32,24014,-32,12015,-32,4016,-32,017,-32,4018,-32,4019,-32,8020,-32,12021,-32,16022,-32,16023,-32,16024,-32,20025,-32,20026,-32,24027,-32,24028,-32,24029,-32,16030,-32,16031,-32,16032,-32,16033,-32,20034,-32,20035,-32,16036,-32,20037,-32,20038,-32,20039,-32,16040,-32,16041,-32,12042,-32,8043,-32,8044,-32,4045,-32,-4046,-32,-44047,-32,-124048,-32,-180049,-32,-200050,-32,-220051,-32,-120052,-32,-56053,-32,-32054,-32,-24055,-32,-16056,-32,-16057,-32,-20058,-32,-28059,-32,-24060,-32,-20061,-32,-20062,-32,-20063,-32,-20064,-32,-24065,-32,-28066,-32,-40067,-32,-76068,-32,-152069,-32,-224070,-32,-260071,-32,-276072,-32,-276073,-32,-332074,-32,-344075,-32,-348076,-32,-348077,-32,-348078,-32,-348079,-32,-348080,-32,-348081,-32,-348082,-32,-348083,-32,-348084,-32,-348085,-32,-348086,-32,-348087,-32,-348088,-32,-348089,-32,-348090,-32,-348091,-32,-348092,-32,-348093,-32,-348094,-32,-348095,-32,-348096,-32,-348097,-32,-348098,-32,-348099,-32,-3480100,-32,-3480101,-32,-3480102,-32,-3480103,-32,-3480104,-32,-3480105,-32,-3480106,-32,-3480107,-32,-3480108,-32,-3480109,-32,-3480110,-32,-3480111,-32,-3480112,-32,-3480113,-32,-3480114,-32,-2840115,-32,-2560116,-32,-2280117,-32,-1560118,-32,-720119,-32,-400120,-32,-200121,-32,-200122,-32,-160123,-32,-160124,-32,-160125,-32,-200126,-32,-240127,-32,-280128,-32,-400129,-32,-520130,-32,-680131,-32,-800132,-32,-840133,-32,-840134,-32,-840135,-32,-1120136,-32,-2640137,-32,-3440138,-32,-3480139,-32,-3480140,-32,-3480141,-32,-3480142,-32,-3480143,-32,-3480144,-32,-3480145,-32,-3480146,-32,-3480147,-32,-3480148,-32,-3480149,-32,-3480150,-32,-3480151,-32,-3480152,-32,-3480153,-32,-3480154,-32,-3480155,-32,-3480156,-32,-3480157,-32,-3480158,-32,-3480159,-32,-3480160,-32,-3480161,-32,-3480162,-32,-3480163,-32,-3480164,-32,-3480165,-32,-3480166,-32,-3480167,-32,-3480168,-32,-3480169,-32,-3480170,-32,-3480171,-32,-3480172,-32,-3480173,-32,-3480174,-32,-3480175,-32,-3480176,-32,-3480177,-32,-3480178,-32,-3480179,-32,-3480-180,-33,-3480-179,-33,-3480-178,-33,-3480-177,-33,-3480-176,-33,-3480-175,-33,-3480-174,-33,-3480-173,-33,-3480-172,-33,-3480-171,-33,-3480-170,-33,-3480-169,-33,-3480-168,-33,-3480-167,-33,-3480-166,-33,-3480-165,-33,-3480-164,-33,-3480-163,-33,-3480-162,-33,-3480-161,-33,-3480-160,-33,-3480-159,-33,-3480-158,-33,-3480-157,-33,-3480-156,-33,-3480-155,-33,-3480-154,-33,-3480-153,-33,-3480-152,-33,-3480-151,-33,-3480-150,-33,-3480-149,-33,-3480-148,-33,-3480-147,-33,-3480-146,-33,-3480-145,-33,-3480-144,-33,-3480-143,-33,-3480-142,-33,-3480-141,-33,-3480-140,-33,-3480-139,-33,-3480-138,-33,-3480-137,-33,-3480-136,-33,-3480-135,-33,-3480-134,-33,-3480-133,-33,-3480-132,-33,-3480-131,-33,-3480-130,-33,-3480-129,-33,-3480-128,-33,-3480-127,-33,-3480-126,-33,-3480-125,-33,-3480-124,-33,-3480-123,-33,-3480-122,-33,-3480-121,-33,-3480-120,-33,-3480-119,-33,-3480-118,-33,-3480-117,-33,-3480-116,-33,-3480-115,-33,-3480-114,-33,-3480-113,-33,-3480-112,-33,-3480-111,-33,-3480-110,-33,-3480-109,-33,-3480-108,-33,-3480-107,-33,-3480-106,-33,-3480-105,-33,-3480-104,-33,-3480-103,-33,-3480-102,-33,-3480-101,-33,-3480-100,-33,-3480-99,-33,-3480-98,-33,-3480-97,-33,-3480-96,-33,-3480-95,-33,-3480-94,-33,-3480-93,-33,-3480-92,-33,-3480-91,-33,-3480-90,-33,-3480-89,-33,-3480-88,-33,-3480-87,-33,-3480-86,-33,-3480-85,-33,-3480-84,-33,-3480-83,-33,-3480-82,-33,-3480-81,-33,-3480-80,-33,-3480-79,-33,-3480-78,-33,-3480-77,-33,-3480-76,-33,-3480-75,-33,-3480-74,-33,-3480-73,-33,-3480-72,-33,-3480-71,-33,-3480-70,-33,-3480-69,-33,-3480-68,-33,-3480-67,-33,-3480-66,-33,-3480-65,-33,-3480-64,-33,-3480-63,-33,-3480-62,-33,-3480-61,-33,-3480-60,-33,-3480-59,-33,-3480-58,-33,-3480-57,-33,-3520-56,-33,-2480-55,-33,-960-54,-33,960-53,-33,1080-52,-33,160-51,-33,280-50,-33,600-49,-33,480-48,-33,120-47,-33,-120-46,-33,-120-45,-33,-80-44,-33,-40-43,-33,40-42,-33,80-41,-33,160-40,-33,200-39,-33,200-38,-33,240-37,-33,360-36,-33,400-35,-33,440-34,-33,400-33,-33,320-32,-33,280-31,-33,240-30,-33,240-29,-33,320-28,-33,440-27,-33,480-26,-33,280-25,-33,160-24,-33,80-23,-33,-40-22,-33,-80-21,-33,-80-20,-33,-120-19,-33,-120-18,-33,-160-17,-33,-160-16,-33,-120-15,-33,-120-14,-33,-160-13,-33,-160-12,-33,-160-11,-33,-160-10,-33,-120-9,-33,-120-8,-33,0-7,-33,0-6,-33,80-5,-33,120-4,-33,160-3,-33,200-2,-33,240-1,-33,2800,-33,3601,-33,4402,-33,8003,-33,13204,-33,10805,-33,6806,-33,5607,-33,4808,-33,4409,-33,36010,-33,32011,-33,28012,-33,28013,-33,24014,-33,8015,-33,4016,-33,017,-33,4018,-33,8019,-33,8020,-33,8021,-33,8022,-33,12023,-33,16024,-33,16025,-33,16026,-33,20027,-33,24028,-33,24029,-33,20030,-33,20031,-33,20032,-33,20033,-33,20034,-33,24035,-33,20036,-33,20037,-33,20038,-33,20039,-33,20040,-33,16041,-33,16042,-33,12043,-33,8044,-33,8045,-33,8046,-33,-8047,-33,-60048,-33,-116049,-33,-168050,-33,-200051,-33,-220052,-33,-120053,-33,-52054,-33,-28055,-33,-24056,-33,-16057,-33,-16058,-33,-16059,-33,-24060,-33,-28061,-33,-20062,-33,-16063,-33,-16064,-33,-16065,-33,-20066,-33,-24067,-33,-32068,-33,-52069,-33,-116070,-33,-192071,-33,-252072,-33,-264073,-33,-268074,-33,-324075,-33,-340076,-33,-348077,-33,-348078,-33,-348079,-33,-348080,-33,-348081,-33,-348082,-33,-348083,-33,-348084,-33,-348085,-33,-348086,-33,-348087,-33,-348088,-33,-348089,-33,-348090,-33,-348091,-33,-348092,-33,-348093,-33,-348094,-33,-348095,-33,-348096,-33,-348097,-33,-348098,-33,-348099,-33,-3480100,-33,-3480101,-33,-3480102,-33,-3480103,-33,-3480104,-33,-3480105,-33,-3480106,-33,-3480107,-33,-3480108,-33,-3480109,-33,-3480110,-33,-3520111,-33,-3480112,-33,-3480113,-33,-3400114,-33,-2480115,-33,-1960116,-33,-1400117,-33,-760118,-33,-440119,-33,-240120,-33,-200121,-33,-160122,-33,-160123,-33,-160124,-33,-200125,-33,-240126,-33,-320127,-33,-400128,-33,-520129,-33,-720130,-33,-960131,-33,-1120132,-33,-1160133,-33,-1120134,-33,-1200135,-33,-1920136,-33,-2240137,-33,-3000138,-33,-3400139,-33,-3480140,-33,-3440141,-33,-3440142,-33,-3480143,-33,-3480144,-33,-3480145,-33,-3480146,-33,-3480147,-33,-3480148,-33,-3480149,-33,-3480150,-33,-3480151,-33,-3480152,-33,-3480153,-33,-3480154,-33,-3480155,-33,-3480156,-33,-3480157,-33,-3480158,-33,-3480159,-33,-3480160,-33,-3480161,-33,-3480162,-33,-3480163,-33,-3480164,-33,-3480165,-33,-3480166,-33,-3480167,-33,-3480168,-33,-3480169,-33,-3480170,-33,-3480171,-33,-3480172,-33,-3480173,-33,-3480174,-33,-3480175,-33,-3480176,-33,-3480177,-33,-3480178,-33,-3480179,-33,-3480-180,-34,-3400-179,-34,-3480-178,-34,-3480-177,-34,-3480-176,-34,-3480-175,-34,-3480-174,-34,-3480-173,-34,-3480-172,-34,-3480-171,-34,-3480-170,-34,-3480-169,-34,-3480-168,-34,-3480-167,-34,-3480-166,-34,-3480-165,-34,-3480-164,-34,-3480-163,-34,-3480-162,-34,-3480-161,-34,-3480-160,-34,-3480-159,-34,-3480-158,-34,-3480-157,-34,-3480-156,-34,-3480-155,-34,-3480-154,-34,-3480-153,-34,-3480-152,-34,-3480-151,-34,-3480-150,-34,-3480-149,-34,-3480-148,-34,-3480-147,-34,-3480-146,-34,-3480-145,-34,-3480-144,-34,-3480-143,-34,-3480-142,-34,-3480-141,-34,-3480-140,-34,-3480-139,-34,-3480-138,-34,-3480-137,-34,-3480-136,-34,-3480-135,-34,-3480-134,-34,-3480-133,-34,-3480-132,-34,-3480-131,-34,-3480-130,-34,-3480-129,-34,-3480-128,-34,-3480-127,-34,-3480-126,-34,-3480-125,-34,-3480-124,-34,-3480-123,-34,-3480-122,-34,-3480-121,-34,-3480-120,-34,-3480-119,-34,-3480-118,-34,-3480-117,-34,-3480-116,-34,-3480-115,-34,-3480-114,-34,-3480-113,-34,-3480-112,-34,-3480-111,-34,-3480-110,-34,-3480-109,-34,-3480-108,-34,-3480-107,-34,-3480-106,-34,-3480-105,-34,-3480-104,-34,-3480-103,-34,-3480-102,-34,-3480-101,-34,-3480-100,-34,-3480-99,-34,-3480-98,-34,-3480-97,-34,-3480-96,-34,-3480-95,-34,-3480-94,-34,-3480-93,-34,-3480-92,-34,-3480-91,-34,-3480-90,-34,-3480-89,-34,-3480-88,-34,-3480-87,-34,-3480-86,-34,-3480-85,-34,-3480-84,-34,-3480-83,-34,-3480-82,-34,-3480-81,-34,-3480-80,-34,-3480-79,-34,-3480-78,-34,-3480-77,-34,-3480-76,-34,-3480-75,-34,-3480-74,-34,-3480-73,-34,-3480-72,-34,-3480-71,-34,-3480-70,-34,-3480-69,-34,-3480-68,-34,-3480-67,-34,-3480-66,-34,-3480-65,-34,-3480-64,-34,-3480-63,-34,-3480-62,-34,-3480-61,-34,-3480-60,-34,-3480-59,-34,-3480-58,-34,-3480-57,-34,-3000-56,-34,-2000-55,-34,-440-54,-34,800-53,-34,480-52,-34,280-51,-34,880-50,-34,1360-49,-34,840-48,-34,240-47,-34,-120-46,-34,-120-45,-34,-80-44,-34,-40-43,-34,40-42,-34,80-41,-34,200-40,-34,200-39,-34,240-38,-34,320-37,-34,400-36,-34,480-35,-34,560-34,-34,520-33,-34,400-32,-34,320-31,-34,280-30,-34,320-29,-34,400-28,-34,640-27,-34,680-26,-34,440-25,-34,280-24,-34,80-23,-34,0-22,-34,-80-21,-34,-120-20,-34,-120-19,-34,-120-18,-34,-120-17,-34,-120-16,-34,-120-15,-34,-120-14,-34,-120-13,-34,-160-12,-34,-200-11,-34,-240-10,-34,-240-9,-34,-160-8,-34,-40-7,-34,0-6,-34,40-5,-34,80-4,-34,120-3,-34,160-2,-34,200-1,-34,2800,-34,3201,-34,4802,-34,6003,-34,8004,-34,7605,-34,6006,-34,6007,-34,4808,-34,4009,-34,36010,-34,32011,-34,28012,-34,28013,-34,16014,-34,8015,-34,4016,-34,4017,-34,4018,-34,8019,-34,4020,-34,4021,-34,4022,-34,8023,-34,8024,-34,12025,-34,16026,-34,20027,-34,20028,-34,20029,-34,20030,-34,20031,-34,20032,-34,20033,-34,20034,-34,20035,-34,20036,-34,20037,-34,20038,-34,20039,-34,20040,-34,16041,-34,16042,-34,12043,-34,12044,-34,8045,-34,8046,-34,4047,-34,-12048,-34,-56049,-34,-112050,-34,-156051,-34,-184052,-34,-204053,-34,-104054,-34,-44055,-34,-24056,-34,-20057,-34,-16058,-34,-16059,-34,-16060,-34,-24061,-34,-28062,-34,-20063,-34,-16064,-34,-16065,-34,-16066,-34,-20067,-34,-24068,-34,-32069,-34,-48070,-34,-92071,-34,-164072,-34,-232073,-34,-264074,-34,-296075,-34,-316076,-34,-328077,-34,-344078,-34,-348079,-34,-348080,-34,-348081,-34,-348082,-34,-348083,-34,-348084,-34,-348085,-34,-348086,-34,-348087,-34,-348088,-34,-348089,-34,-348090,-34,-348091,-34,-348092,-34,-348093,-34,-348094,-34,-348095,-34,-348096,-34,-348097,-34,-348098,-34,-348099,-34,-3480100,-34,-3480101,-34,-3480102,-34,-3320103,-34,-3200104,-34,-3280105,-34,-3360106,-34,-3400107,-34,-3440108,-34,-3480109,-34,-3440110,-34,-3360111,-34,-3240112,-34,-3040113,-34,-2880114,-34,-1680115,-34,-1000116,-34,-600117,-34,-400118,-34,-280119,-34,-200120,-34,-160121,-34,-160122,-34,-160123,-34,-200124,-34,-240125,-34,-320126,-34,-440127,-34,-560128,-34,-760129,-34,-1000130,-34,-1360131,-34,-1600132,-34,-1760133,-34,-2520134,-34,-2760135,-34,-2560136,-34,-2320137,-34,-2520138,-34,-2960139,-34,-3360140,-34,-3240141,-34,-2920142,-34,-3200143,-34,-3320144,-34,-3400145,-34,-3440146,-34,-3480147,-34,-3480148,-34,-3480149,-34,-3480150,-34,-3480151,-34,-3480152,-34,-3480153,-34,-3480154,-34,-3480155,-34,-3480156,-34,-3480157,-34,-3480158,-34,-3480159,-34,-3480160,-34,-3480161,-34,-3480162,-34,-3480163,-34,-3480164,-34,-3480165,-34,-3480166,-34,-3480167,-34,-3480168,-34,-3480169,-34,-3480170,-34,-3480171,-34,-3480172,-34,-3480173,-34,-3480174,-34,-3480175,-34,-3480176,-34,-3480177,-34,-3480178,-34,-3480179,-34,-3480-180,-35,-3400-179,-35,-3480-178,-35,-3480-177,-35,-3480-176,-35,-3480-175,-35,-3480-174,-35,-3480-173,-35,-3480-172,-35,-3480-171,-35,-3480-170,-35,-3480-169,-35,-3480-168,-35,-3480-167,-35,-3480-166,-35,-3480-165,-35,-3480-164,-35,-3480-163,-35,-3480-162,-35,-3480-161,-35,-3480-160,-35,-3480-159,-35,-3480-158,-35,-3480-157,-35,-3480-156,-35,-3480-155,-35,-3480-154,-35,-3480-153,-35,-3480-152,-35,-3480-151,-35,-3480-150,-35,-3480-149,-35,-3480-148,-35,-3480-147,-35,-3480-146,-35,-3480-145,-35,-3480-144,-35,-3480-143,-35,-3480-142,-35,-3480-141,-35,-3480-140,-35,-3480-139,-35,-3480-138,-35,-3480-137,-35,-3480-136,-35,-3480-135,-35,-3480-134,-35,-3480-133,-35,-3480-132,-35,-3480-131,-35,-3480-130,-35,-3480-129,-35,-3480-128,-35,-3480-127,-35,-3480-126,-35,-3480-125,-35,-3480-124,-35,-3480-123,-35,-3480-122,-35,-3480-121,-35,-3480-120,-35,-3480-119,-35,-3480-118,-35,-3480-117,-35,-3480-116,-35,-3480-115,-35,-3480-114,-35,-3480-113,-35,-3480-112,-35,-3480-111,-35,-3480-110,-35,-3480-109,-35,-3480-108,-35,-3480-107,-35,-3480-106,-35,-3480-105,-35,-3480-104,-35,-3480-103,-35,-3480-102,-35,-3480-101,-35,-3480-100,-35,-3480-99,-35,-3480-98,-35,-3480-97,-35,-3480-96,-35,-3480-95,-35,-3480-94,-35,-3480-93,-35,-3480-92,-35,-3480-91,-35,-3480-90,-35,-3480-89,-35,-3480-88,-35,-3480-87,-35,-3480-86,-35,-3480-85,-35,-3480-84,-35,-3480-83,-35,-3480-82,-35,-3480-81,-35,-3480-80,-35,-3480-79,-35,-3480-78,-35,-3480-77,-35,-3480-76,-35,-3480-75,-35,-3480-74,-35,-3480-73,-35,-3480-72,-35,-3480-71,-35,-3480-70,-35,-3480-69,-35,-3480-68,-35,-3480-67,-35,-3480-66,-35,-3480-65,-35,-3480-64,-35,-3480-63,-35,-3480-62,-35,-3480-61,-35,-3480-60,-35,-3480-59,-35,-3480-58,-35,-3560-57,-35,-2480-56,-35,-1200-55,-35,80-54,-35,400-53,-35,160-52,-35,720-51,-35,1520-50,-35,1280-49,-35,680-48,-35,40-47,-35,-120-46,-35,-120-45,-35,-80-44,-35,-40-43,-35,40-42,-35,80-41,-35,200-40,-35,240-39,-35,240-38,-35,320-37,-35,360-36,-35,440-35,-35,560-34,-35,520-33,-35,480-32,-35,400-31,-35,360-30,-35,400-29,-35,480-28,-35,680-27,-35,680-26,-35,480-25,-35,280-24,-35,120-23,-35,0-22,-35,-40-21,-35,-80-20,-35,-40-19,-35,0-18,-35,80-17,-35,40-16,-35,40-15,-35,-80-14,-35,-120-13,-35,-160-12,-35,-280-11,-35,-400-10,-35,-400-9,-35,-240-8,-35,-160-7,-35,-40-6,-35,-40-5,-35,80-4,-35,80-3,-35,160-2,-35,200-1,-35,2800,-35,3601,-35,4402,-35,4803,-35,6004,-35,6405,-35,6406,-35,6007,-35,5208,-35,4009,-35,32010,-35,28011,-35,28012,-35,24013,-35,16014,-35,8015,-35,8016,-35,4017,-35,8018,-35,4019,-35,4020,-35,4021,-35,4022,-35,8023,-35,8024,-35,12025,-35,20026,-35,16027,-35,20028,-35,20029,-35,20030,-35,16031,-35,16032,-35,16033,-35,20034,-35,20035,-35,20036,-35,20037,-35,20038,-35,20039,-35,20040,-35,16041,-35,16042,-35,12043,-35,12044,-35,12045,-35,8046,-35,8047,-35,4048,-35,-8049,-35,-52050,-35,-88051,-35,-120052,-35,-176053,-35,-184054,-35,-96055,-35,-40056,-35,-24057,-35,-20058,-35,-20059,-35,-16060,-35,-16061,-35,-24062,-35,-32063,-35,-28064,-35,-20065,-35,-16066,-35,-16067,-35,-16068,-35,-20069,-35,-28070,-35,-40071,-35,-68072,-35,-124073,-35,-176074,-35,-224075,-35,-264076,-35,-268077,-35,-288078,-35,-336079,-35,-344080,-35,-348081,-35,-348082,-35,-348083,-35,-348084,-35,-348085,-35,-348086,-35,-348087,-35,-348088,-35,-348089,-35,-348090,-35,-348091,-35,-348092,-35,-348093,-35,-348094,-35,-348095,-35,-348096,-35,-348097,-35,-348098,-35,-348099,-35,-3480100,-35,-3480101,-35,-3360102,-35,-2920103,-35,-2880104,-35,-2800105,-35,-2840106,-35,-2880107,-35,-2840108,-35,-2760109,-35,-2680110,-35,-2520111,-35,-2360112,-35,-2120113,-35,-1680114,-35,-840115,-35,-520116,-35,-320117,-35,-280118,-35,-200119,-35,-160120,-35,-160121,-35,-160122,-35,-200123,-35,-280124,-35,-320125,-35,-440126,-35,-640127,-35,-760128,-35,-1000129,-35,-1520130,-35,-1880131,-35,-2320132,-35,-3000133,-35,-2880134,-35,-2440135,-35,-2080136,-35,-2000137,-35,-2080138,-35,-1640139,-35,-1880140,-35,-2240141,-35,-2520142,-35,-2640143,-35,-2720144,-35,-2920145,-35,-3320146,-35,-3440147,-35,-3480148,-35,-3480149,-35,-3480150,-35,-3480151,-35,-3480152,-35,-3480153,-35,-3480154,-35,-3480155,-35,-3480156,-35,-3480157,-35,-3480158,-35,-3480159,-35,-3480160,-35,-3480161,-35,-3480162,-35,-3480163,-35,-3480164,-35,-3480165,-35,-3480166,-35,-3480167,-35,-3480168,-35,-3480169,-35,-3480170,-35,-3480171,-35,-3480172,-35,-3480173,-35,-3480174,-35,-3480175,-35,-3480176,-35,-3480177,-35,-3480178,-35,-3480179,-35,-3480-180,-36,-3400-179,-36,-3480-178,-36,-3480-177,-36,-3480-176,-36,-3480-175,-36,-3480-174,-36,-3480-173,-36,-3480-172,-36,-3480-171,-36,-3480-170,-36,-3480-169,-36,-3480-168,-36,-3480-167,-36,-3480-166,-36,-3480-165,-36,-3480-164,-36,-3480-163,-36,-3480-162,-36,-3480-161,-36,-3480-160,-36,-3480-159,-36,-3480-158,-36,-3480-157,-36,-3480-156,-36,-3480-155,-36,-3480-154,-36,-3480-153,-36,-3480-152,-36,-3480-151,-36,-3480-150,-36,-3480-149,-36,-3480-148,-36,-3480-147,-36,-3480-146,-36,-3480-145,-36,-3480-144,-36,-3480-143,-36,-3480-142,-36,-3480-141,-36,-3480-140,-36,-3480-139,-36,-3480-138,-36,-3480-137,-36,-3480-136,-36,-3480-135,-36,-3480-134,-36,-3480-133,-36,-3480-132,-36,-3480-131,-36,-3480-130,-36,-3480-129,-36,-3480-128,-36,-3480-127,-36,-3480-126,-36,-3480-125,-36,-3480-124,-36,-3480-123,-36,-3480-122,-36,-3480-121,-36,-3480-120,-36,-3480-119,-36,-3480-118,-36,-3480-117,-36,-3480-116,-36,-3480-115,-36,-3480-114,-36,-3480-113,-36,-3480-112,-36,-3480-111,-36,-3480-110,-36,-3480-109,-36,-3480-108,-36,-3480-107,-36,-3480-106,-36,-3480-105,-36,-3480-104,-36,-3480-103,-36,-3480-102,-36,-3480-101,-36,-3480-100,-36,-3480-99,-36,-3480-98,-36,-3480-97,-36,-3480-96,-36,-3480-95,-36,-3480-94,-36,-3480-93,-36,-3480-92,-36,-3480-91,-36,-3480-90,-36,-3480-89,-36,-3480-88,-36,-3480-87,-36,-3480-86,-36,-3480-85,-36,-3480-84,-36,-3480-83,-36,-3480-82,-36,-3480-81,-36,-3480-80,-36,-3480-79,-36,-3480-78,-36,-3480-77,-36,-3480-76,-36,-3480-75,-36,-3480-74,-36,-3480-73,-36,-3480-72,-36,-3480-71,-36,-3480-70,-36,-3480-69,-36,-3480-68,-36,-3480-67,-36,-3480-66,-36,-3480-65,-36,-3480-64,-36,-3480-63,-36,-3480-62,-36,-3480-61,-36,-3480-60,-36,-3480-59,-36,-3480-58,-36,-2880-57,-36,-1520-56,-36,-280-55,-36,320-54,-36,120-53,-36,360-52,-36,1240-51,-36,1480-50,-36,920-49,-36,280-48,-36,-80-47,-36,-120-46,-36,-80-45,-36,-80-44,-36,-40-43,-36,80-42,-36,80-41,-36,200-40,-36,240-39,-36,240-38,-36,240-37,-36,240-36,-36,320-35,-36,400-34,-36,440-33,-36,520-32,-36,440-31,-36,400-30,-36,400-29,-36,600-28,-36,800-27,-36,720-26,-36,600-25,-36,400-24,-36,160-23,-36,40-22,-36,40-21,-36,40-20,-36,40-19,-36,160-18,-36,280-17,-36,440-16,-36,480-15,-36,360-14,-36,40-13,-36,-120-12,-36,-320-11,-36,-480-10,-36,-480-9,-36,-280-8,-36,-160-7,-36,-80-6,-36,0-5,-36,120-4,-36,80-3,-36,160-2,-36,200-1,-36,2800,-36,3201,-36,4002,-36,4403,-36,5204,-36,6005,-36,6006,-36,6007,-36,4808,-36,3609,-36,32010,-36,28011,-36,24012,-36,16013,-36,8014,-36,8015,-36,4016,-36,4017,-36,8018,-36,8019,-36,8020,-36,4021,-36,8022,-36,8023,-36,12024,-36,12025,-36,20026,-36,20027,-36,20028,-36,20029,-36,20030,-36,16031,-36,16032,-36,16033,-36,16034,-36,20035,-36,20036,-36,20037,-36,20038,-36,20039,-36,20040,-36,16041,-36,16042,-36,12043,-36,12044,-36,12045,-36,12046,-36,8047,-36,8048,-36,4049,-36,-12050,-36,-40051,-36,-60052,-36,-144053,-36,-172054,-36,-172055,-36,-92056,-36,-48057,-36,-32058,-36,-28059,-36,-20060,-36,-16061,-36,-16062,-36,-20063,-36,-28064,-36,-24065,-36,-20066,-36,-16067,-36,-16068,-36,-16069,-36,-24070,-36,-36071,-36,-44072,-36,-56073,-36,-68074,-36,-92075,-36,-120076,-36,-152077,-36,-200078,-36,-240079,-36,-264080,-36,-292081,-36,-328082,-36,-340083,-36,-340084,-36,-348085,-36,-348086,-36,-348087,-36,-348088,-36,-348089,-36,-348090,-36,-348091,-36,-348092,-36,-348093,-36,-348094,-36,-348095,-36,-348096,-36,-348097,-36,-344098,-36,-340099,-36,-3280100,-36,-3200101,-36,-2560102,-36,-2280103,-36,-1840104,-36,-1560105,-36,-1640106,-36,-1560107,-36,-1560108,-36,-1520109,-36,-1440110,-36,-1360111,-36,-1280112,-36,-1040113,-36,-600114,-36,-320115,-36,-280116,-36,-200117,-36,-160118,-36,-160119,-36,-160120,-36,-160121,-36,-160122,-36,-240123,-36,-360124,-36,-480125,-36,-600126,-36,-760127,-36,-960128,-36,-1280129,-36,-1960130,-36,-3080131,-36,-3280132,-36,-2920133,-36,-2320134,-36,-2120135,-36,-2000136,-36,-1120137,-36,-880138,-36,-760139,-36,-640140,-36,-960141,-36,-1360142,-36,-1880143,-36,-2360144,-36,-2560145,-36,-3040146,-36,-3400147,-36,-3440148,-36,-3480149,-36,-3480150,-36,-3480151,-36,-3480152,-36,-3480153,-36,-3480154,-36,-3480155,-36,-3480156,-36,-3480157,-36,-3480158,-36,-3480159,-36,-3480160,-36,-3480161,-36,-3480162,-36,-3480163,-36,-3480164,-36,-3480165,-36,-3480166,-36,-3480167,-36,-3480168,-36,-3480169,-36,-3480170,-36,-3480171,-36,-3480172,-36,-3480173,-36,-3480174,-36,-3480175,-36,-3480176,-36,-3480177,-36,-3480178,-36,-3480179,-36,-3480-180,-37,-3400-179,-37,-3480-178,-37,-3480-177,-37,-3480-176,-37,-3480-175,-37,-3480-174,-37,-3480-173,-37,-3480-172,-37,-3480-171,-37,-3480-170,-37,-3480-169,-37,-3480-168,-37,-3480-167,-37,-3480-166,-37,-3480-165,-37,-3480-164,-37,-3480-163,-37,-3480-162,-37,-3480-161,-37,-3480-160,-37,-3480-159,-37,-3480-158,-37,-3480-157,-37,-3480-156,-37,-3480-155,-37,-3480-154,-37,-3480-153,-37,-3480-152,-37,-3480-151,-37,-3480-150,-37,-3480-149,-37,-3480-148,-37,-3480-147,-37,-3480-146,-37,-3480-145,-37,-3480-144,-37,-3480-143,-37,-3480-142,-37,-3480-141,-37,-3480-140,-37,-3480-139,-37,-3480-138,-37,-3480-137,-37,-3480-136,-37,-3480-135,-37,-3480-134,-37,-3480-133,-37,-3480-132,-37,-3480-131,-37,-3480-130,-37,-3480-129,-37,-3480-128,-37,-3480-127,-37,-3480-126,-37,-3480-125,-37,-3480-124,-37,-3480-123,-37,-3480-122,-37,-3480-121,-37,-3480-120,-37,-3480-119,-37,-3480-118,-37,-3480-117,-37,-3480-116,-37,-3480-115,-37,-3480-114,-37,-3480-113,-37,-3480-112,-37,-3480-111,-37,-3480-110,-37,-3480-109,-37,-3480-108,-37,-3480-107,-37,-3480-106,-37,-3480-105,-37,-3480-104,-37,-3480-103,-37,-3480-102,-37,-3480-101,-37,-3480-100,-37,-3480-99,-37,-3480-98,-37,-3480-97,-37,-3480-96,-37,-3480-95,-37,-3480-94,-37,-3480-93,-37,-3480-92,-37,-3480-91,-37,-3480-90,-37,-3480-89,-37,-3480-88,-37,-3480-87,-37,-3480-86,-37,-3480-85,-37,-3480-84,-37,-3480-83,-37,-3480-82,-37,-3480-81,-37,-3480-80,-37,-3480-79,-37,-3480-78,-37,-3480-77,-37,-3480-76,-37,-3480-75,-37,-3480-74,-37,-3480-73,-37,-3480-72,-37,-3480-71,-37,-3480-70,-37,-3480-69,-37,-3480-68,-37,-3480-67,-37,-3480-66,-37,-3480-65,-37,-3480-64,-37,-3480-63,-37,-3480-62,-37,-3480-61,-37,-3480-60,-37,-3440-59,-37,-3080-58,-37,-1640-57,-37,-240-56,-37,320-55,-37,160-54,-37,120-53,-37,720-52,-37,1160-51,-37,880-50,-37,240-49,-37,-80-48,-37,-120-47,-37,-120-46,-37,-80-45,-37,-80-44,-37,-40-43,-37,80-42,-37,120-41,-37,200-40,-37,200-39,-37,200-38,-37,160-37,-37,120-36,-37,160-35,-37,240-34,-37,280-33,-37,400-32,-37,400-31,-37,440-30,-37,520-29,-37,800-28,-37,1080-27,-37,1000-26,-37,720-25,-37,480-24,-37,280-23,-37,160-22,-37,200-21,-37,200-20,-37,280-19,-37,360-18,-37,480-17,-37,760-16,-37,1280-15,-37,1160-14,-37,360-13,-37,-80-12,-37,-280-11,-37,-440-10,-37,-400-9,-37,-240-8,-37,-160-7,-37,-80-6,-37,0-5,-37,80-4,-37,120-3,-37,160-2,-37,240-1,-37,2400,-37,3201,-37,3602,-37,4403,-37,4804,-37,5605,-37,6006,-37,5207,-37,4408,-37,3209,-37,28010,-37,24011,-37,20012,-37,16013,-37,12014,-37,8015,-37,8016,-37,4017,-37,8018,-37,8019,-37,12020,-37,12021,-37,8022,-37,16023,-37,12024,-37,20025,-37,20026,-37,20027,-37,20028,-37,20029,-37,20030,-37,20031,-37,20032,-37,16033,-37,20034,-37,20035,-37,20036,-37,20037,-37,20038,-37,20039,-37,20040,-37,16041,-37,16042,-37,12043,-37,12044,-37,12045,-37,12046,-37,12047,-37,8048,-37,8049,-37,4050,-37,-8051,-37,-36052,-37,-100053,-37,-152054,-37,-168055,-37,-160056,-37,-92057,-37,-56058,-37,-40059,-37,-28060,-37,-24061,-37,-20062,-37,-16063,-37,-16064,-37,-24065,-37,-24066,-37,-20067,-37,-16068,-37,-16069,-37,-24070,-37,-28071,-37,-28072,-37,-32073,-37,-40074,-37,-48075,-37,-56076,-37,-64077,-37,-84078,-37,-128079,-37,-168080,-37,-196081,-37,-224082,-37,-248083,-37,-260084,-37,-264085,-37,-288086,-37,-336087,-37,-348088,-37,-352089,-37,-348090,-37,-348091,-37,-348092,-37,-348093,-37,-340094,-37,-332095,-37,-304096,-37,-288097,-37,-284098,-37,-252099,-37,-2280100,-37,-1560101,-37,-1280102,-37,-1040103,-37,-760104,-37,-760105,-37,-720106,-37,-680107,-37,-600108,-37,-560109,-37,-520110,-37,-400111,-37,-360112,-37,-320113,-37,-200114,-37,-200115,-37,-160116,-37,-160117,-37,-160118,-37,-160119,-37,-160120,-37,-160121,-37,-200122,-37,-280123,-37,-440124,-37,-520125,-37,-760126,-37,-960127,-37,-1280128,-37,-1680129,-37,-2760130,-37,-3000131,-37,-2880132,-37,-2480133,-37,-1960134,-37,-1120135,-37,-840136,-37,-640137,-37,-400138,-37,-320139,-37,-280140,-37,-360141,-37,-520142,-37,-760143,-37,-1320144,-37,-1920145,-37,-2240146,-37,-2800147,-37,-3280148,-37,-3440149,-37,-3480150,-37,-3480151,-37,-3480152,-37,-3480153,-37,-3480154,-37,-3480155,-37,-3480156,-37,-3480157,-37,-3480158,-37,-3480159,-37,-3480160,-37,-3480161,-37,-3480162,-37,-3480163,-37,-3480164,-37,-3480165,-37,-3480166,-37,-3480167,-37,-3480168,-37,-3480169,-37,-3480170,-37,-3480171,-37,-3480172,-37,-3480173,-37,-3480174,-37,-3480175,-37,-3480176,-37,-3480177,-37,-3480178,-37,-3480179,-37,-3480-180,-38,-3400-179,-38,-3480-178,-38,-3480-177,-38,-3480-176,-38,-3480-175,-38,-3480-174,-38,-3480-173,-38,-3480-172,-38,-3480-171,-38,-3480-170,-38,-3480-169,-38,-3480-168,-38,-3480-167,-38,-3480-166,-38,-3480-165,-38,-3480-164,-38,-3480-163,-38,-3480-162,-38,-3480-161,-38,-3480-160,-38,-3480-159,-38,-3480-158,-38,-3480-157,-38,-3480-156,-38,-3480-155,-38,-3480-154,-38,-3480-153,-38,-3480-152,-38,-3480-151,-38,-3480-150,-38,-3480-149,-38,-3480-148,-38,-3480-147,-38,-3480-146,-38,-3480-145,-38,-3480-144,-38,-3480-143,-38,-3480-142,-38,-3480-141,-38,-3480-140,-38,-3480-139,-38,-3480-138,-38,-3480-137,-38,-3480-136,-38,-3480-135,-38,-3480-134,-38,-3480-133,-38,-3480-132,-38,-3480-131,-38,-3480-130,-38,-3480-129,-38,-3480-128,-38,-3480-127,-38,-3480-126,-38,-3480-125,-38,-3480-124,-38,-3480-123,-38,-3480-122,-38,-3480-121,-38,-3480-120,-38,-3480-119,-38,-3480-118,-38,-3480-117,-38,-3480-116,-38,-3480-115,-38,-3480-114,-38,-3480-113,-38,-3480-112,-38,-3480-111,-38,-3480-110,-38,-3480-109,-38,-3480-108,-38,-3480-107,-38,-3480-106,-38,-3480-105,-38,-3480-104,-38,-3480-103,-38,-3480-102,-38,-3480-101,-38,-3480-100,-38,-3480-99,-38,-3480-98,-38,-3480-97,-38,-3480-96,-38,-3480-95,-38,-3480-94,-38,-3480-93,-38,-3480-92,-38,-3480-91,-38,-3480-90,-38,-3480-89,-38,-3480-88,-38,-3480-87,-38,-3480-86,-38,-3480-85,-38,-3480-84,-38,-3480-83,-38,-3480-82,-38,-3480-81,-38,-3480-80,-38,-3480-79,-38,-3480-78,-38,-3480-77,-38,-3480-76,-38,-3480-75,-38,-3480-74,-38,-3480-73,-38,-3480-72,-38,-3480-71,-38,-3480-70,-38,-3480-69,-38,-3480-68,-38,-3480-67,-38,-3480-66,-38,-3480-65,-38,-3480-64,-38,-3480-63,-38,-3480-62,-38,-3480-61,-38,-3440-60,-38,-3160-59,-38,-1560-58,-38,-40-57,-38,960-56,-38,480-55,-38,0-54,-38,240-53,-38,680-52,-38,680-51,-38,200-50,-38,-80-49,-38,-120-48,-38,-120-47,-38,-80-46,-38,-80-45,-38,-40-44,-38,40-43,-38,80-42,-38,120-41,-38,160-40,-38,200-39,-38,200-38,-38,120-37,-38,80-36,-38,80-35,-38,0-34,-38,160-33,-38,280-32,-38,280-31,-38,440-30,-38,520-29,-38,1200-28,-38,1560-27,-38,1240-26,-38,880-25,-38,640-24,-38,440-23,-38,360-22,-38,320-21,-38,320-20,-38,400-19,-38,560-18,-38,800-17,-38,1400-16,-38,1640-15,-38,1240-14,-38,440-13,-38,-40-12,-38,-200-11,-38,-240-10,-38,-240-9,-38,-200-8,-38,-120-7,-38,-40-6,-38,0-5,-38,80-4,-38,120-3,-38,160-2,-38,200-1,-38,2000,-38,2801,-38,3202,-38,3603,-38,4404,-38,5205,-38,5206,-38,4407,-38,3608,-38,2809,-38,24010,-38,20011,-38,16012,-38,16013,-38,8014,-38,8015,-38,8016,-38,4017,-38,8018,-38,12019,-38,12020,-38,12021,-38,12022,-38,16023,-38,20024,-38,20025,-38,20026,-38,20027,-38,20028,-38,20029,-38,20030,-38,20031,-38,20032,-38,20033,-38,20034,-38,20035,-38,20036,-38,20037,-38,20038,-38,20039,-38,20040,-38,16041,-38,16042,-38,16043,-38,12044,-38,12045,-38,12046,-38,12047,-38,12048,-38,8049,-38,8050,-38,051,-38,-12052,-38,-56053,-38,-104054,-38,-144055,-38,-172056,-38,-156057,-38,-120058,-38,-76059,-38,-40060,-38,-36061,-38,-28062,-38,-20063,-38,-16064,-38,-16065,-38,-16066,-38,-20067,-38,-20068,-38,-16069,-38,-20070,-38,-24071,-38,-24072,-38,-32073,-38,-28074,-38,-36075,-38,-36076,-38,-40077,-38,-48078,-38,-56079,-38,-68080,-38,-88081,-38,-108082,-38,-136083,-38,-160084,-38,-176085,-38,-188086,-38,-184087,-38,-196088,-38,-212089,-38,-244090,-38,-280091,-38,-312092,-38,-292093,-38,-264094,-38,-232095,-38,-212096,-38,-192097,-38,-172098,-38,-164099,-38,-1080100,-38,-680101,-38,-640102,-38,-520103,-38,-480104,-38,-400105,-38,-400106,-38,-320107,-38,-280108,-38,-280109,-38,-240110,-38,-200111,-38,-160112,-38,-160113,-38,-160114,-38,-160115,-38,-160116,-38,-160117,-38,-160118,-38,-160119,-38,-160120,-38,-160121,-38,-240122,-38,-240123,-38,-360124,-38,-600125,-38,-880126,-38,-1200127,-38,-2120128,-38,-2760129,-38,-3040130,-38,-3120131,-38,-2240132,-38,-1440133,-38,-960134,-38,-640135,-38,-480136,-38,-360137,-38,-280138,-38,-240139,-38,-240140,-38,-240141,-38,-360142,-38,-440143,-38,-640144,-38,-1000145,-38,-1440146,-38,-1880147,-38,-2240148,-38,-2960149,-38,-3280150,-38,-3440151,-38,-3480152,-38,-3480153,-38,-3480154,-38,-3480155,-38,-3480156,-38,-3480157,-38,-3480158,-38,-3480159,-38,-3480160,-38,-3480161,-38,-3480162,-38,-3480163,-38,-3480164,-38,-3480165,-38,-3480166,-38,-3480167,-38,-3480168,-38,-3480169,-38,-3480170,-38,-3480171,-38,-3480172,-38,-3480173,-38,-3480174,-38,-3480175,-38,-3480176,-38,-3480177,-38,-3480178,-38,-3480179,-38,-3480-180,-39,-3440-179,-39,-3480-178,-39,-3480-177,-39,-3480-176,-39,-3480-175,-39,-3480-174,-39,-3480-173,-39,-3480-172,-39,-3480-171,-39,-3480-170,-39,-3480-169,-39,-3480-168,-39,-3480-167,-39,-3480-166,-39,-3480-165,-39,-3480-164,-39,-3480-163,-39,-3480-162,-39,-3480-161,-39,-3480-160,-39,-3480-159,-39,-3480-158,-39,-3480-157,-39,-3480-156,-39,-3480-155,-39,-3480-154,-39,-3480-153,-39,-3480-152,-39,-3480-151,-39,-3480-150,-39,-3480-149,-39,-3480-148,-39,-3480-147,-39,-3480-146,-39,-3480-145,-39,-3480-144,-39,-3480-143,-39,-3480-142,-39,-3480-141,-39,-3480-140,-39,-3480-139,-39,-3480-138,-39,-3480-137,-39,-3480-136,-39,-3480-135,-39,-3480-134,-39,-3480-133,-39,-3480-132,-39,-3480-131,-39,-3480-130,-39,-3480-129,-39,-3480-128,-39,-3480-127,-39,-3480-126,-39,-3480-125,-39,-3480-124,-39,-3480-123,-39,-3480-122,-39,-3480-121,-39,-3480-120,-39,-3480-119,-39,-3480-118,-39,-3480-117,-39,-3480-116,-39,-3480-115,-39,-3480-114,-39,-3480-113,-39,-3480-112,-39,-3480-111,-39,-3480-110,-39,-3480-109,-39,-3480-108,-39,-3480-107,-39,-3480-106,-39,-3480-105,-39,-3480-104,-39,-3480-103,-39,-3480-102,-39,-3480-101,-39,-3480-100,-39,-3480-99,-39,-3480-98,-39,-3480-97,-39,-3480-96,-39,-3480-95,-39,-3480-94,-39,-3480-93,-39,-3480-92,-39,-3480-91,-39,-3480-90,-39,-3480-89,-39,-3480-88,-39,-3480-87,-39,-3480-86,-39,-3480-85,-39,-3480-84,-39,-3480-83,-39,-3480-82,-39,-3480-81,-39,-3480-80,-39,-3480-79,-39,-3480-78,-39,-3480-77,-39,-3480-76,-39,-3480-75,-39,-3480-74,-39,-3480-73,-39,-3480-72,-39,-3480-71,-39,-3480-70,-39,-3480-69,-39,-3480-68,-39,-3480-67,-39,-3480-66,-39,-3480-65,-39,-3480-64,-39,-3480-63,-39,-3480-62,-39,-3400-61,-39,-3160-60,-39,-1680-59,-39,-200-58,-39,880-57,-39,840-56,-39,200-55,-39,40-54,-39,320-53,-39,440-52,-39,160-51,-39,-120-50,-39,-120-49,-39,-80-48,-39,-80-47,-39,-80-46,-39,0-45,-39,40-44,-39,40-43,-39,80-42,-39,120-41,-39,200-40,-39,200-39,-39,160-38,-39,80-37,-39,40-36,-39,0-35,-39,-40-34,-39,0-33,-39,160-32,-39,280-31,-39,320-30,-39,560-29,-39,1160-28,-39,1920-27,-39,1480-26,-39,960-25,-39,560-24,-39,480-23,-39,400-22,-39,400-21,-39,440-20,-39,480-19,-39,640-18,-39,1160-17,-39,1760-16,-39,1560-15,-39,1080-14,-39,360-13,-39,0-12,-39,-120-11,-39,-160-10,-39,-160-9,-39,-120-8,-39,-120-7,-39,-40-6,-39,0-5,-39,80-4,-39,120-3,-39,160-2,-39,200-1,-39,2000,-39,2401,-39,2802,-39,3603,-39,4804,-39,4805,-39,4406,-39,4007,-39,3208,-39,2409,-39,24010,-39,20011,-39,16012,-39,12013,-39,4014,-39,8015,-39,4016,-39,8017,-39,8018,-39,12019,-39,12020,-39,12021,-39,16022,-39,16023,-39,20024,-39,20025,-39,20026,-39,20027,-39,20028,-39,20029,-39,16030,-39,16031,-39,20032,-39,20033,-39,20034,-39,20035,-39,20036,-39,16037,-39,20038,-39,20039,-39,20040,-39,20041,-39,16042,-39,16043,-39,12044,-39,12045,-39,12046,-39,12047,-39,12048,-39,12049,-39,8050,-39,8051,-39,052,-39,-12053,-39,-60054,-39,-112055,-39,-144056,-39,-156057,-39,-156058,-39,-128059,-39,-76060,-39,-52061,-39,-40062,-39,-24063,-39,-16064,-39,-16065,-39,-16066,-39,-16067,-39,-16068,-39,-16069,-39,-20070,-39,-24071,-39,-20072,-39,-20073,-39,-20074,-39,-28075,-39,-24076,-39,-32077,-39,-32078,-39,-36079,-39,-36080,-39,-40081,-39,-40082,-39,-44083,-39,-48084,-39,-56085,-39,-64086,-39,-60087,-39,-64088,-39,-80089,-39,-96090,-39,-108091,-39,-116092,-39,-88093,-39,-76094,-39,-72095,-39,-68096,-39,-80097,-39,-92098,-39,-80099,-39,-440100,-39,-400101,-39,-360102,-39,-320103,-39,-280104,-39,-280105,-39,-240106,-39,-240107,-39,-200108,-39,-160109,-39,-160110,-39,-160111,-39,-160112,-39,-160113,-39,-160114,-39,-160115,-39,-160116,-39,-160117,-39,-160118,-39,-160119,-39,-160120,-39,-120121,-39,-160122,-39,-240123,-39,-440124,-39,-720125,-39,-1320126,-39,-2360127,-39,-2720128,-39,-3000129,-39,-2680130,-39,-1800131,-39,-1400132,-39,-960133,-39,-560134,-39,-440135,-39,-360136,-39,-240137,-39,-200138,-39,-160139,-39,-160140,-39,-160141,-39,-240142,-39,-280143,-39,-360144,-39,-520145,-39,-720146,-39,-1040147,-39,-1440148,-39,-1760149,-39,-2280150,-39,-2840151,-39,-3320152,-39,-3480153,-39,-3480154,-39,-3480155,-39,-3480156,-39,-3480157,-39,-3480158,-39,-3480159,-39,-3480160,-39,-3480161,-39,-3480162,-39,-3480163,-39,-3480164,-39,-3480165,-39,-3480166,-39,-3480167,-39,-3480168,-39,-3480169,-39,-3480170,-39,-3480171,-39,-3480172,-39,-3480173,-39,-3480174,-39,-3480175,-39,-3480176,-39,-3480177,-39,-3480178,-39,-3480179,-39,-3480-180,-40,-3440-179,-40,-3480-178,-40,-3480-177,-40,-3480-176,-40,-3480-175,-40,-3480-174,-40,-3480-173,-40,-3480-172,-40,-3480-171,-40,-3480-170,-40,-3480-169,-40,-3480-168,-40,-3480-167,-40,-3480-166,-40,-3480-165,-40,-3480-164,-40,-3480-163,-40,-3480-162,-40,-3480-161,-40,-3480-160,-40,-3480-159,-40,-3480-158,-40,-3480-157,-40,-3480-156,-40,-3480-155,-40,-3480-154,-40,-3480-153,-40,-3480-152,-40,-3480-151,-40,-3480-150,-40,-3480-149,-40,-3480-148,-40,-3480-147,-40,-3480-146,-40,-3480-145,-40,-3480-144,-40,-3480-143,-40,-3480-142,-40,-3480-141,-40,-3480-140,-40,-3480-139,-40,-3480-138,-40,-3480-137,-40,-3480-136,-40,-3480-135,-40,-3480-134,-40,-3480-133,-40,-3480-132,-40,-3480-131,-40,-3480-130,-40,-3480-129,-40,-3480-128,-40,-3480-127,-40,-3480-126,-40,-3480-125,-40,-3480-124,-40,-3480-123,-40,-3480-122,-40,-3480-121,-40,-3480-120,-40,-3480-119,-40,-3480-118,-40,-3480-117,-40,-3480-116,-40,-3480-115,-40,-3480-114,-40,-3480-113,-40,-3480-112,-40,-3480-111,-40,-3480-110,-40,-3480-109,-40,-3480-108,-40,-3480-107,-40,-3480-106,-40,-3480-105,-40,-3480-104,-40,-3480-103,-40,-3480-102,-40,-3480-101,-40,-3480-100,-40,-3480-99,-40,-3480-98,-40,-3480-97,-40,-3480-96,-40,-3480-95,-40,-3480-94,-40,-3480-93,-40,-3480-92,-40,-3480-91,-40,-3480-90,-40,-3480-89,-40,-3480-88,-40,-3480-87,-40,-3480-86,-40,-3480-85,-40,-3480-84,-40,-3480-83,-40,-3480-82,-40,-3480-81,-40,-3480-80,-40,-3480-79,-40,-3480-78,-40,-3480-77,-40,-3480-76,-40,-3480-75,-40,-3480-74,-40,-3480-73,-40,-3480-72,-40,-3480-71,-40,-3480-70,-40,-3480-69,-40,-3480-68,-40,-3480-67,-40,-3480-66,-40,-3480-65,-40,-3480-64,-40,-3480-63,-40,-3440-62,-40,-3120-61,-40,-1680-60,-40,-320-59,-40,680-58,-40,760-57,-40,280-56,-40,-40-55,-40,160-54,-40,280-53,-40,160-52,-40,0-51,-40,-120-50,-40,-80-49,-40,-80-48,-40,-80-47,-40,-40-46,-40,40-45,-40,40-44,-40,80-43,-40,80-42,-40,80-41,-40,160-40,-40,160-39,-40,120-38,-40,80-37,-40,0-36,-40,-80-35,-40,-80-34,-40,0-33,-40,80-32,-40,200-31,-40,280-30,-40,400-29,-40,1120-28,-40,1960-27,-40,1560-26,-40,840-25,-40,560-24,-40,400-23,-40,400-22,-40,400-21,-40,560-20,-40,560-19,-40,1000-18,-40,1400-17,-40,1800-16,-40,1480-15,-40,960-14,-40,240-13,-40,0-12,-40,-80-11,-40,-80-10,-40,-120-9,-40,-80-8,-40,-40-7,-40,-40-6,-40,40-5,-40,80-4,-40,120-3,-40,160-2,-40,200-1,-40,2000,-40,2401,-40,3202,-40,3603,-40,4404,-40,4405,-40,4406,-40,3607,-40,2808,-40,2409,-40,20010,-40,20011,-40,16012,-40,12013,-40,8014,-40,8015,-40,8016,-40,12017,-40,16018,-40,16019,-40,16020,-40,16021,-40,16022,-40,16023,-40,20024,-40,20025,-40,20026,-40,20027,-40,20028,-40,20029,-40,20030,-40,20031,-40,20032,-40,20033,-40,20034,-40,20035,-40,20036,-40,20037,-40,20038,-40,20039,-40,20040,-40,20041,-40,16042,-40,16043,-40,12044,-40,12045,-40,12046,-40,12047,-40,12048,-40,12049,-40,8050,-40,8051,-40,8052,-40,053,-40,-16054,-40,-64055,-40,-120056,-40,-144057,-40,-148058,-40,-140059,-40,-136060,-40,-76061,-40,-52062,-40,-28063,-40,-20064,-40,-16065,-40,-16066,-40,-16067,-40,-16068,-40,-16069,-40,-20070,-40,-24071,-40,-24072,-40,-20073,-40,-20074,-40,-16075,-40,-16076,-40,-20077,-40,-20078,-40,-24079,-40,-24080,-40,-24081,-40,-24082,-40,-24083,-40,-24084,-40,-28085,-40,-28086,-40,-28087,-40,-28088,-40,-28089,-40,-28090,-40,-28091,-40,-32092,-40,-28093,-40,-28094,-40,-36095,-40,-28096,-40,-28097,-40,-32098,-40,-28099,-40,-320100,-40,-280101,-40,-240102,-40,-200103,-40,-200104,-40,-200105,-40,-160106,-40,-160107,-40,-160108,-40,-160109,-40,-120110,-40,-200111,-40,-240112,-40,-240113,-40,-200114,-40,-160115,-40,-160116,-40,-160117,-40,-160118,-40,-160119,-40,-160120,-40,-120121,-40,-200122,-40,-480123,-40,-760124,-40,-1320125,-40,-2320126,-40,-2680127,-40,-2720128,-40,-2240129,-40,-1360130,-40,-880131,-40,-680132,-40,-480133,-40,-320134,-40,-240135,-40,-200136,-40,-80137,-40,-40138,-40,-40139,-40,-40140,-40,-40141,-40,-120142,-40,-200143,-40,-240144,-40,-320145,-40,-440146,-40,-600147,-40,-800148,-40,-1080149,-40,-1360150,-40,-1640151,-40,-2160152,-40,-2920153,-40,-3360154,-40,-3480155,-40,-3480156,-40,-3480157,-40,-3480158,-40,-3480159,-40,-3480160,-40,-3480161,-40,-3480162,-40,-3480163,-40,-3480164,-40,-3480165,-40,-3480166,-40,-3480167,-40,-3480168,-40,-3480169,-40,-3480170,-40,-3480171,-40,-3480172,-40,-3480173,-40,-3480174,-40,-3480175,-40,-3480176,-40,-3480177,-40,-3480178,-40,-3480179,-40,-3480-180,-41,-3440-179,-41,-3480-178,-41,-3480-177,-41,-3480-176,-41,-3480-175,-41,-3480-174,-41,-3480-173,-41,-3480-172,-41,-3480-171,-41,-3480-170,-41,-3480-169,-41,-3480-168,-41,-3480-167,-41,-3480-166,-41,-3480-165,-41,-3480-164,-41,-3480-163,-41,-3480-162,-41,-3480-161,-41,-3480-160,-41,-3480-159,-41,-3480-158,-41,-3480-157,-41,-3480-156,-41,-3480-155,-41,-3480-154,-41,-3480-153,-41,-3480-152,-41,-3480-151,-41,-3480-150,-41,-3480-149,-41,-3480-148,-41,-3480-147,-41,-3480-146,-41,-3480-145,-41,-3480-144,-41,-3480-143,-41,-3480-142,-41,-3480-141,-41,-3480-140,-41,-3480-139,-41,-3480-138,-41,-3480-137,-41,-3480-136,-41,-3480-135,-41,-3480-134,-41,-3480-133,-41,-3480-132,-41,-3480-131,-41,-3480-130,-41,-3480-129,-41,-3480-128,-41,-3480-127,-41,-3480-126,-41,-3480-125,-41,-3480-124,-41,-3480-123,-41,-3480-122,-41,-3480-121,-41,-3480-120,-41,-3480-119,-41,-3480-118,-41,-3480-117,-41,-3480-116,-41,-3480-115,-41,-3480-114,-41,-3480-113,-41,-3480-112,-41,-3480-111,-41,-3480-110,-41,-3480-109,-41,-3480-108,-41,-3480-107,-41,-3480-106,-41,-3480-105,-41,-3480-104,-41,-3480-103,-41,-3480-102,-41,-3480-101,-41,-3480-100,-41,-3480-99,-41,-3480-98,-41,-3480-97,-41,-3480-96,-41,-3480-95,-41,-3480-94,-41,-3480-93,-41,-3480-92,-41,-3480-91,-41,-3480-90,-41,-3480-89,-41,-3480-88,-41,-3480-87,-41,-3480-86,-41,-3480-85,-41,-3480-84,-41,-3480-83,-41,-3480-82,-41,-3480-81,-41,-3480-80,-41,-3480-79,-41,-3480-78,-41,-3480-77,-41,-3480-76,-41,-3480-75,-41,-3480-74,-41,-3480-73,-41,-3480-72,-41,-3480-71,-41,-3480-70,-41,-3480-69,-41,-3480-68,-41,-3480-67,-41,-3480-66,-41,-3480-65,-41,-3480-64,-41,-3440-63,-41,-3160-62,-41,-1600-61,-41,-520-60,-41,240-59,-41,440-58,-41,160-57,-41,-40-56,-41,80-55,-41,200-54,-41,160-53,-41,40-52,-41,-80-51,-41,-80-50,-41,-80-49,-41,-80-48,-41,-80-47,-41,0-46,-41,40-45,-41,80-44,-41,80-43,-41,120-42,-41,120-41,-41,120-40,-41,120-39,-41,80-38,-41,40-37,-41,-80-36,-41,-120-35,-41,-120-34,-41,0-33,-41,0-32,-41,120-31,-41,200-30,-41,360-29,-41,1080-28,-41,1840-27,-41,1640-26,-41,800-25,-41,520-24,-41,400-23,-41,400-22,-41,480-21,-41,560-20,-41,720-19,-41,1200-18,-41,1760-17,-41,1720-16,-41,1600-15,-41,920-14,-41,240-13,-41,40-12,-41,-40-11,-41,-40-10,-41,-80-9,-41,-40-8,-41,-40-7,-41,0-6,-41,40-5,-41,80-4,-41,120-3,-41,160-2,-41,200-1,-41,2400,-41,2801,-41,3202,-41,3203,-41,4404,-41,4405,-41,4006,-41,2807,-41,3208,-41,2009,-41,20010,-41,20011,-41,20012,-41,16013,-41,12014,-41,12015,-41,12016,-41,16017,-41,20018,-41,20019,-41,20020,-41,20021,-41,20022,-41,20023,-41,20024,-41,20025,-41,20026,-41,20027,-41,20028,-41,20029,-41,20030,-41,20031,-41,20032,-41,20033,-41,20034,-41,20035,-41,20036,-41,20037,-41,24038,-41,20039,-41,20040,-41,20041,-41,16042,-41,20043,-41,20044,-41,16045,-41,16046,-41,16047,-41,8048,-41,12049,-41,12050,-41,12051,-41,8052,-41,12053,-41,4054,-41,-8055,-41,-64056,-41,-120057,-41,-132058,-41,-164059,-41,-124060,-41,-128061,-41,-64062,-41,-40063,-41,-28064,-41,-20065,-41,-16066,-41,-16067,-41,-16068,-41,-16069,-41,-16070,-41,-24071,-41,-24072,-41,-24073,-41,-20074,-41,-20075,-41,-20076,-41,-16077,-41,-16078,-41,-16079,-41,-16080,-41,-16081,-41,-16082,-41,-16083,-41,-20084,-41,-16085,-41,-16086,-41,-16087,-41,-20088,-41,-20089,-41,-20090,-41,-20091,-41,-20092,-41,-20093,-41,-20094,-41,-20095,-41,-20096,-41,-20097,-41,-20098,-41,-20099,-41,-200100,-41,-200101,-41,-160102,-41,-160103,-41,-120104,-41,-160105,-41,-160106,-41,-160107,-41,-160108,-41,-160109,-41,-200110,-41,-280111,-41,-320112,-41,-280113,-41,-280114,-41,-280115,-41,-200116,-41,-160117,-41,-160118,-41,-440119,-41,-840120,-41,-960121,-41,-1160122,-41,-1640123,-41,-2040124,-41,-2560125,-41,-2560126,-41,-2280127,-41,-1280128,-41,-800129,-41,-560130,-41,-400131,-41,-280132,-41,-160133,-41,-120134,-41,-120135,-41,0136,-41,-40137,-41,0138,-41,0139,-41,0140,-41,0141,-41,0142,-41,-40143,-41,-120144,-41,-200145,-41,-280146,-41,-360147,-41,-480148,-41,-640149,-41,-800150,-41,-1080151,-41,-1320152,-41,-1720153,-41,-2280154,-41,-3080155,-41,-3400156,-41,-3480157,-41,-3480158,-41,-3480159,-41,-3480160,-41,-3480161,-41,-3480162,-41,-3480163,-41,-3480164,-41,-3480165,-41,-3480166,-41,-3480167,-41,-3480168,-41,-3480169,-41,-3480170,-41,-3480171,-41,-3480172,-41,-3480173,-41,-3480174,-41,-3480175,-41,-3480176,-41,-3480177,-41,-3480178,-41,-3480179,-41,-3480-180,-42,-3440-179,-42,-3480-178,-42,-3480-177,-42,-3480-176,-42,-3480-175,-42,-3480-174,-42,-3480-173,-42,-3480-172,-42,-3480-171,-42,-3480-170,-42,-3480-169,-42,-3480-168,-42,-3480-167,-42,-3480-166,-42,-3480-165,-42,-3480-164,-42,-3480-163,-42,-3480-162,-42,-3480-161,-42,-3480-160,-42,-3480-159,-42,-3480-158,-42,-3480-157,-42,-3480-156,-42,-3480-155,-42,-3480-154,-42,-3480-153,-42,-3480-152,-42,-3480-151,-42,-3480-150,-42,-3480-149,-42,-3480-148,-42,-3480-147,-42,-3480-146,-42,-3480-145,-42,-3480-144,-42,-3480-143,-42,-3480-142,-42,-3480-141,-42,-3480-140,-42,-3480-139,-42,-3480-138,-42,-3480-137,-42,-3480-136,-42,-3480-135,-42,-3480-134,-42,-3480-133,-42,-3480-132,-42,-3480-131,-42,-3480-130,-42,-3480-129,-42,-3480-128,-42,-3480-127,-42,-3480-126,-42,-3480-125,-42,-3480-124,-42,-3480-123,-42,-3480-122,-42,-3480-121,-42,-3480-120,-42,-3480-119,-42,-3480-118,-42,-3480-117,-42,-3480-116,-42,-3480-115,-42,-3480-114,-42,-3480-113,-42,-3480-112,-42,-3480-111,-42,-3480-110,-42,-3480-109,-42,-3480-108,-42,-3480-107,-42,-3480-106,-42,-3480-105,-42,-3480-104,-42,-3480-103,-42,-3480-102,-42,-3480-101,-42,-3480-100,-42,-3480-99,-42,-3480-98,-42,-3480-97,-42,-3480-96,-42,-3480-95,-42,-3480-94,-42,-3480-93,-42,-3480-92,-42,-3480-91,-42,-3480-90,-42,-3480-89,-42,-3480-88,-42,-3480-87,-42,-3480-86,-42,-3480-85,-42,-3480-84,-42,-3480-83,-42,-3480-82,-42,-3480-81,-42,-3480-80,-42,-3480-79,-42,-3480-78,-42,-3480-77,-42,-3480-76,-42,-3480-75,-42,-3480-74,-42,-3480-73,-42,-3480-72,-42,-3480-71,-42,-3480-70,-42,-3480-69,-42,-3480-68,-42,-3480-67,-42,-3480-66,-42,-3480-65,-42,-3440-64,-42,-3120-63,-42,-1720-62,-42,-600-61,-42,0-60,-42,200-59,-42,0-58,-42,-80-57,-42,40-56,-42,200-55,-42,240-54,-42,120-53,-42,40-52,-42,-80-51,-42,-80-50,-42,-80-49,-42,-40-48,-42,40-47,-42,80-46,-42,80-45,-42,80-44,-42,160-43,-42,360-42,-42,320-41,-42,200-40,-42,80-39,-42,0-38,-42,-80-37,-42,-120-36,-42,-120-35,-42,-120-34,-42,-40-33,-42,0-32,-42,120-31,-42,200-30,-42,320-29,-42,960-28,-42,1560-27,-42,1520-26,-42,800-25,-42,480-24,-42,440-23,-42,440-22,-42,480-21,-42,640-20,-42,1080-19,-42,1600-18,-42,2000-17,-42,1720-16,-42,1640-15,-42,800-14,-42,200-13,-42,0-12,-42,-40-11,-42,-40-10,-42,-40-9,-42,-40-8,-42,0-7,-42,40-6,-42,80-5,-42,120-4,-42,120-3,-42,200-2,-42,200-1,-42,2400,-42,2801,-42,3202,-42,2803,-42,3604,-42,3605,-42,3606,-42,3207,-42,3208,-42,2409,-42,20010,-42,20011,-42,20012,-42,20013,-42,20014,-42,20015,-42,20016,-42,20017,-42,20018,-42,20019,-42,20020,-42,20021,-42,20022,-42,20023,-42,20024,-42,20025,-42,20026,-42,20027,-42,20028,-42,20029,-42,20030,-42,20031,-42,20032,-42,20033,-42,20034,-42,20035,-42,20036,-42,20037,-42,24038,-42,20039,-42,24040,-42,24041,-42,28042,-42,24043,-42,28044,-42,28045,-42,24046,-42,20047,-42,20048,-42,20049,-42,20050,-42,16051,-42,16052,-42,16053,-42,16054,-42,12055,-42,-16056,-42,-84057,-42,-100058,-42,-172059,-42,-156060,-42,-100061,-42,-92062,-42,-60063,-42,-36064,-42,-24065,-42,-20066,-42,-16067,-42,-16068,-42,-16069,-42,-16070,-42,-16071,-42,-16072,-42,-20073,-42,-20074,-42,-20075,-42,-20076,-42,-20077,-42,-20078,-42,-20079,-42,-16080,-42,-16081,-42,-16082,-42,-16083,-42,-16084,-42,-16085,-42,-16086,-42,-16087,-42,-16088,-42,-16089,-42,-16090,-42,-16091,-42,-16092,-42,-16093,-42,-16094,-42,-16095,-42,-16096,-42,-16097,-42,-16098,-42,-12099,-42,-120100,-42,-120101,-42,-80102,-42,-120103,-42,-80104,-42,-120105,-42,-160106,-42,-160107,-42,-160108,-42,-200109,-42,-280110,-42,-360111,-42,-400112,-42,-440113,-42,-440114,-42,-400115,-42,-240116,-42,-520117,-42,-960118,-42,-840119,-42,-960120,-42,-1200121,-42,-1800122,-42,-2440123,-42,-2280124,-42,-1760125,-42,-1200126,-42,-640127,-42,-360128,-42,-360129,-42,-280130,-42,-200131,-42,-160132,-42,0133,-42,40134,-42,40135,-42,80136,-42,120137,-42,80138,-42,80139,-42,40140,-42,40141,-42,40142,-42,0143,-42,-40144,-42,-120145,-42,-160146,-42,-200147,-42,-280148,-42,-400149,-42,-480150,-42,-560151,-42,-760152,-42,-1120153,-42,-1520154,-42,-2040155,-42,-2760156,-42,-3400157,-42,-3480158,-42,-3480159,-42,-3480160,-42,-3480161,-42,-3480162,-42,-3480163,-42,-3480164,-42,-3480165,-42,-3480166,-42,-3480167,-42,-3480168,-42,-3480169,-42,-3480170,-42,-3480171,-42,-3480172,-42,-3480173,-42,-3480174,-42,-3480175,-42,-3480176,-42,-3480177,-42,-3480178,-42,-3480179,-42,-3480-180,-43,-3440-179,-43,-3480-178,-43,-3480-177,-43,-3480-176,-43,-3480-175,-43,-3480-174,-43,-3480-173,-43,-3480-172,-43,-3480-171,-43,-3480-170,-43,-3480-169,-43,-3480-168,-43,-3480-167,-43,-3480-166,-43,-3480-165,-43,-3480-164,-43,-3480-163,-43,-3480-162,-43,-3480-161,-43,-3480-160,-43,-3480-159,-43,-3480-158,-43,-3480-157,-43,-3480-156,-43,-3480-155,-43,-3480-154,-43,-3480-153,-43,-3480-152,-43,-3480-151,-43,-3480-150,-43,-3480-149,-43,-3480-148,-43,-3480-147,-43,-3480-146,-43,-3480-145,-43,-3480-144,-43,-3480-143,-43,-3480-142,-43,-3480-141,-43,-3480-140,-43,-3480-139,-43,-3480-138,-43,-3480-137,-43,-3480-136,-43,-3480-135,-43,-3480-134,-43,-3480-133,-43,-3480-132,-43,-3480-131,-43,-3480-130,-43,-3480-129,-43,-3480-128,-43,-3480-127,-43,-3480-126,-43,-3480-125,-43,-3480-124,-43,-3480-123,-43,-3480-122,-43,-3480-121,-43,-3480-120,-43,-3480-119,-43,-3480-118,-43,-3480-117,-43,-3480-116,-43,-3480-115,-43,-3480-114,-43,-3480-113,-43,-3480-112,-43,-3480-111,-43,-3480-110,-43,-3480-109,-43,-3480-108,-43,-3480-107,-43,-3480-106,-43,-3480-105,-43,-3480-104,-43,-3480-103,-43,-3480-102,-43,-3480-101,-43,-3480-100,-43,-3480-99,-43,-3480-98,-43,-3480-97,-43,-3480-96,-43,-3480-95,-43,-3480-94,-43,-3480-93,-43,-3480-92,-43,-3480-91,-43,-3480-90,-43,-3480-89,-43,-3480-88,-43,-3480-87,-43,-3480-86,-43,-3480-85,-43,-3480-84,-43,-3480-83,-43,-3480-82,-43,-3480-81,-43,-3480-80,-43,-3480-79,-43,-3480-78,-43,-3480-77,-43,-3480-76,-43,-3480-75,-43,-3480-74,-43,-3480-73,-43,-3480-72,-43,-3480-71,-43,-3480-70,-43,-3480-69,-43,-3480-68,-43,-3480-67,-43,-3440-66,-43,-3200-65,-43,-2880-64,-43,-1840-63,-43,-720-62,-43,-40-61,-43,200-60,-43,40-59,-43,-120-58,-43,40-57,-43,120-56,-43,200-55,-43,240-54,-43,120-53,-43,80-52,-43,-40-51,-43,-40-50,-43,-40-49,-43,-40-48,-43,40-47,-43,80-46,-43,80-45,-43,80-44,-43,360-43,-43,440-42,-43,320-41,-43,120-40,-43,-40-39,-43,-80-38,-43,-120-37,-43,-120-36,-43,-160-35,-43,-160-34,-43,-80-33,-43,-40-32,-43,40-31,-43,120-30,-43,320-29,-43,840-28,-43,1480-27,-43,1480-26,-43,800-25,-43,480-24,-43,440-23,-43,360-22,-43,480-21,-43,840-20,-43,1360-19,-43,1920-18,-43,1960-17,-43,1840-16,-43,1360-15,-43,600-14,-43,120-13,-43,-40-12,-43,-40-11,-43,-40-10,-43,0-9,-43,0-8,-43,0-7,-43,80-6,-43,80-5,-43,160-4,-43,200-3,-43,200-2,-43,240-1,-43,2400,-43,2801,-43,2802,-43,2803,-43,2804,-43,2805,-43,2806,-43,3207,-43,2808,-43,2009,-43,16010,-43,20011,-43,16012,-43,20013,-43,20014,-43,20015,-43,20016,-43,20017,-43,24018,-43,24019,-43,24020,-43,24021,-43,24022,-43,24023,-43,24024,-43,24025,-43,24026,-43,24027,-43,24028,-43,24029,-43,24030,-43,24031,-43,24032,-43,28033,-43,24034,-43,28035,-43,24036,-43,28037,-43,28038,-43,28039,-43,28040,-43,32041,-43,36042,-43,32043,-43,36044,-43,36045,-43,36046,-43,32047,-43,28048,-43,28049,-43,24050,-43,24051,-43,32052,-43,24053,-43,24054,-43,24055,-43,16056,-43,-20057,-43,-56058,-43,-156059,-43,-176060,-43,-120061,-43,-80062,-43,-76063,-43,-84064,-43,-32065,-43,-24066,-43,-20067,-43,-16068,-43,-16069,-43,-16070,-43,-16071,-43,-16072,-43,-16073,-43,-16074,-43,-16075,-43,-20076,-43,-20077,-43,-20078,-43,-24079,-43,-24080,-43,-24081,-43,-20082,-43,-16083,-43,-16084,-43,-16085,-43,-16086,-43,-16087,-43,-16088,-43,-16089,-43,-16090,-43,-16091,-43,-16092,-43,-16093,-43,-16094,-43,-16095,-43,-16096,-43,-16097,-43,-16098,-43,-12099,-43,-80100,-43,-40101,-43,-40102,-43,-80103,-43,-120104,-43,-120105,-43,-200106,-43,-200107,-43,-200108,-43,-280109,-43,-320110,-43,-400111,-43,-520112,-43,-680113,-43,-760114,-43,-600115,-43,-1200116,-43,-1080117,-43,-880118,-43,-320119,-43,-480120,-43,-880121,-43,-1400122,-43,-1880123,-43,-1640124,-43,-920125,-43,-440126,-43,-200127,-43,-200128,-43,-120129,-43,-120130,-43,-40131,-43,0132,-43,0133,-43,40134,-43,40135,-43,80136,-43,160137,-43,160138,-43,160139,-43,160140,-43,120141,-43,80142,-43,0143,-43,0144,-43,-40145,-43,-120146,-43,-120147,-43,-160148,-43,-240149,-43,-280150,-43,-360151,-43,-480152,-43,-720153,-43,-1120154,-43,-1520155,-43,-2200156,-43,-2920157,-43,-3400158,-43,-3480159,-43,-3480160,-43,-3480161,-43,-3480162,-43,-3480163,-43,-3480164,-43,-3480165,-43,-3480166,-43,-3480167,-43,-3480168,-43,-3480169,-43,-3480170,-43,-3480171,-43,-3480172,-43,-3480173,-43,-3480174,-43,-3480175,-43,-3480176,-43,-3480177,-43,-3480178,-43,-3480179,-43,-3480-180,-44,-3440-179,-44,-3480-178,-44,-3480-177,-44,-3480-176,-44,-3480-175,-44,-3480-174,-44,-3480-173,-44,-3480-172,-44,-3480-171,-44,-3480-170,-44,-3480-169,-44,-3480-168,-44,-3480-167,-44,-3480-166,-44,-3480-165,-44,-3480-164,-44,-3480-163,-44,-3480-162,-44,-3480-161,-44,-3480-160,-44,-3480-159,-44,-3480-158,-44,-3480-157,-44,-3480-156,-44,-3480-155,-44,-3480-154,-44,-3480-153,-44,-3480-152,-44,-3480-151,-44,-3480-150,-44,-3480-149,-44,-3480-148,-44,-3480-147,-44,-3480-146,-44,-3480-145,-44,-3480-144,-44,-3480-143,-44,-3480-142,-44,-3480-141,-44,-3480-140,-44,-3480-139,-44,-3480-138,-44,-3480-137,-44,-3480-136,-44,-3480-135,-44,-3480-134,-44,-3480-133,-44,-3480-132,-44,-3480-131,-44,-3480-130,-44,-3480-129,-44,-3480-128,-44,-3480-127,-44,-3480-126,-44,-3480-125,-44,-3480-124,-44,-3480-123,-44,-3480-122,-44,-3480-121,-44,-3480-120,-44,-3480-119,-44,-3480-118,-44,-3480-117,-44,-3480-116,-44,-3480-115,-44,-3480-114,-44,-3480-113,-44,-3480-112,-44,-3480-111,-44,-3480-110,-44,-3480-109,-44,-3480-108,-44,-3480-107,-44,-3480-106,-44,-3480-105,-44,-3480-104,-44,-3480-103,-44,-3480-102,-44,-3480-101,-44,-3480-100,-44,-3480-99,-44,-3480-98,-44,-3480-97,-44,-3480-96,-44,-3480-95,-44,-3480-94,-44,-3480-93,-44,-3480-92,-44,-3480-91,-44,-3480-90,-44,-3480-89,-44,-3480-88,-44,-3480-87,-44,-3480-86,-44,-3480-85,-44,-3480-84,-44,-3480-83,-44,-3480-82,-44,-3480-81,-44,-3480-80,-44,-3480-79,-44,-3480-78,-44,-3480-77,-44,-3480-76,-44,-3480-75,-44,-3480-74,-44,-3480-73,-44,-3480-72,-44,-3480-71,-44,-3480-70,-44,-3480-69,-44,-3480-68,-44,-3440-67,-44,-3160-66,-44,-2400-65,-44,-1200-64,-44,-600-63,-44,-120-62,-44,200-61,-44,120-60,-44,0-59,-44,80-58,-44,160-57,-44,200-56,-44,280-55,-44,200-54,-44,200-53,-44,80-52,-44,0-51,-44,-40-50,-44,0-49,-44,40-48,-44,120-47,-44,120-46,-44,120-45,-44,200-44,-44,640-43,-44,400-42,-44,200-41,-44,40-40,-44,-40-39,-44,-120-38,-44,-160-37,-44,-160-36,-44,-160-35,-44,-160-34,-44,-120-33,-44,-80-32,-44,-40-31,-44,80-30,-44,280-29,-44,760-28,-44,1280-27,-44,1320-26,-44,840-25,-44,440-24,-44,400-23,-44,440-22,-44,560-21,-44,1080-20,-44,1600-19,-44,2040-18,-44,1840-17,-44,1680-16,-44,880-15,-44,360-14,-44,80-13,-44,0-12,-44,-40-11,-44,-40-10,-44,0-9,-44,80-8,-44,80-7,-44,80-6,-44,80-5,-44,160-4,-44,200-3,-44,240-2,-44,240-1,-44,2000,-44,2401,-44,2802,-44,2803,-44,2804,-44,2805,-44,2806,-44,3207,-44,2808,-44,2009,-44,16010,-44,24011,-44,16012,-44,20013,-44,20014,-44,20015,-44,20016,-44,20017,-44,24018,-44,24019,-44,24020,-44,24021,-44,24022,-44,24023,-44,24024,-44,24025,-44,24026,-44,24027,-44,24028,-44,24029,-44,24030,-44,24031,-44,24032,-44,24033,-44,24034,-44,28035,-44,28036,-44,32037,-44,32038,-44,32039,-44,36040,-44,36041,-44,40042,-44,32043,-44,40044,-44,36045,-44,48046,-44,44047,-44,40048,-44,32049,-44,36050,-44,36051,-44,44052,-44,60053,-44,88054,-44,96055,-44,68056,-44,28057,-44,-20058,-44,-112059,-44,-164060,-44,-136061,-44,-84062,-44,-72063,-44,-96064,-44,-92065,-44,-24066,-44,-28067,-44,-20068,-44,-24069,-44,-16070,-44,-16071,-44,-16072,-44,-16073,-44,-16074,-44,-16075,-44,-16076,-44,-16077,-44,-16078,-44,-20079,-44,-20080,-44,-24081,-44,-28082,-44,-28083,-44,-28084,-44,-28085,-44,-24086,-44,-24087,-44,-24088,-44,-24089,-44,-24090,-44,-24091,-44,-24092,-44,-24093,-44,-24094,-44,-20095,-44,-20096,-44,-16097,-44,-16098,-44,-16099,-44,-120100,-44,-160101,-44,-160102,-44,-160103,-44,-240104,-44,-240105,-44,-280106,-44,-280107,-44,-320108,-44,-320109,-44,-400110,-44,-480111,-44,-560112,-44,-760113,-44,-1240114,-44,-1920115,-44,-1600116,-44,-1080117,-44,-640118,-44,-760119,-44,-1200120,-44,-1640121,-44,-1680122,-44,-1400123,-44,-880124,-44,-400125,-44,-160126,-44,-120127,-44,-120128,-44,0129,-44,0130,-44,40131,-44,0132,-44,40133,-44,80134,-44,80135,-44,160136,-44,240137,-44,280138,-44,320139,-44,280140,-44,240141,-44,240142,-44,160143,-44,80144,-44,0145,-44,-80146,-44,-120147,-44,-120148,-44,-160149,-44,-200150,-44,-280151,-44,-360152,-44,-600153,-44,-920154,-44,-1440155,-44,-2320156,-44,-2880157,-44,-3280158,-44,-3440159,-44,-3480160,-44,-3480161,-44,-3480162,-44,-3480163,-44,-3480164,-44,-3480165,-44,-3480166,-44,-3480167,-44,-3480168,-44,-3480169,-44,-3480170,-44,-3480171,-44,-3480172,-44,-3480173,-44,-3480174,-44,-3480175,-44,-3480176,-44,-3480177,-44,-3480178,-44,-3480179,-44,-3480-180,-45,-3480-179,-45,-3480-178,-45,-3480-177,-45,-3480-176,-45,-3480-175,-45,-3480-174,-45,-3480-173,-45,-3480-172,-45,-3480-171,-45,-3480-170,-45,-3480-169,-45,-3480-168,-45,-3480-167,-45,-3480-166,-45,-3480-165,-45,-3480-164,-45,-3480-163,-45,-3480-162,-45,-3480-161,-45,-3480-160,-45,-3480-159,-45,-3480-158,-45,-3480-157,-45,-3480-156,-45,-3480-155,-45,-3480-154,-45,-3480-153,-45,-3480-152,-45,-3480-151,-45,-3480-150,-45,-3480-149,-45,-3480-148,-45,-3480-147,-45,-3480-146,-45,-3480-145,-45,-3480-144,-45,-3480-143,-45,-3480-142,-45,-3480-141,-45,-3480-140,-45,-3480-139,-45,-3480-138,-45,-3480-137,-45,-3480-136,-45,-3480-135,-45,-3480-134,-45,-3480-133,-45,-3480-132,-45,-3480-131,-45,-3480-130,-45,-3480-129,-45,-3480-128,-45,-3480-127,-45,-3480-126,-45,-3480-125,-45,-3480-124,-45,-3480-123,-45,-3480-122,-45,-3480-121,-45,-3480-120,-45,-3480-119,-45,-3480-118,-45,-3480-117,-45,-3480-116,-45,-3480-115,-45,-3480-114,-45,-3480-113,-45,-3480-112,-45,-3480-111,-45,-3480-110,-45,-3480-109,-45,-3480-108,-45,-3480-107,-45,-3480-106,-45,-3480-105,-45,-3480-104,-45,-3480-103,-45,-3480-102,-45,-3480-101,-45,-3480-100,-45,-3480-99,-45,-3480-98,-45,-3480-97,-45,-3480-96,-45,-3480-95,-45,-3480-94,-45,-3480-93,-45,-3480-92,-45,-3480-91,-45,-3480-90,-45,-3480-89,-45,-3480-88,-45,-3480-87,-45,-3480-86,-45,-3480-85,-45,-3480-84,-45,-3480-83,-45,-3480-82,-45,-3480-81,-45,-3480-80,-45,-3480-79,-45,-3480-78,-45,-3480-77,-45,-3480-76,-45,-3480-75,-45,-3480-74,-45,-3480-73,-45,-3480-72,-45,-3480-71,-45,-3480-70,-45,-3480-69,-45,-3360-68,-45,-3040-67,-45,-2360-66,-45,-1040-65,-45,-400-64,-45,-80-63,-45,200-62,-45,200-61,-45,120-60,-45,80-59,-45,200-58,-45,240-57,-45,320-56,-45,320-55,-45,280-54,-45,200-53,-45,80-52,-45,0-51,-45,40-50,-45,40-49,-45,80-48,-45,120-47,-45,80-46,-45,120-45,-45,480-44,-45,480-43,-45,280-42,-45,80-41,-45,0-40,-45,-80-39,-45,-120-38,-45,-120-37,-45,-160-36,-45,-160-35,-45,-160-34,-45,-160-33,-45,-80-32,-45,-40-31,-45,0-30,-45,200-29,-45,600-28,-45,1080-27,-45,1000-26,-45,800-25,-45,480-24,-45,440-23,-45,480-22,-45,760-21,-45,1240-20,-45,1800-19,-45,1920-18,-45,1680-17,-45,1160-16,-45,680-15,-45,240-14,-45,80-13,-45,0-12,-45,-40-11,-45,0-10,-45,40-9,-45,80-8,-45,40-7,-45,80-6,-45,160-5,-45,160-4,-45,200-3,-45,200-2,-45,200-1,-45,2000,-45,2001,-45,2402,-45,2803,-45,2804,-45,3205,-45,3206,-45,3607,-45,3208,-45,2409,-45,16010,-45,20011,-45,20012,-45,20013,-45,20014,-45,20015,-45,20016,-45,20017,-45,24018,-45,24019,-45,24020,-45,24021,-45,24022,-45,24023,-45,24024,-45,24025,-45,24026,-45,24027,-45,24028,-45,24029,-45,24030,-45,24031,-45,24032,-45,24033,-45,32034,-45,28035,-45,32036,-45,32037,-45,36038,-45,44039,-45,40040,-45,40041,-45,40042,-45,40043,-45,40044,-45,52045,-45,52046,-45,52047,-45,56048,-45,52049,-45,64050,-45,92051,-45,124052,-45,160053,-45,172054,-45,128055,-45,64056,-45,20057,-45,-4058,-45,-64059,-45,-128060,-45,-124061,-45,-88062,-45,-76063,-45,-68064,-45,-88065,-45,-120066,-45,-44067,-45,-28068,-45,-24069,-45,-20070,-45,-20071,-45,-16072,-45,-16073,-45,-16074,-45,-16075,-45,-12076,-45,-16077,-45,-16078,-45,-16079,-45,-16080,-45,-16081,-45,-16082,-45,-16083,-45,-20084,-45,-20085,-45,-20086,-45,-24087,-45,-20088,-45,-24089,-45,-20090,-45,-24091,-45,-20092,-45,-24093,-45,-20094,-45,-20095,-45,-16096,-45,-20097,-45,-24098,-45,-24099,-45,-280100,-45,-280101,-45,-280102,-45,-320103,-45,-360104,-45,-400105,-45,-480106,-45,-520107,-45,-520108,-45,-520109,-45,-520110,-45,-520111,-45,-600112,-45,-1000113,-45,-1960114,-45,-2240115,-45,-1720116,-45,-1480117,-45,-1560118,-45,-1840119,-45,-2080120,-45,-2040121,-45,-1600122,-45,-880123,-45,-360124,-45,-200125,-45,-80126,-45,40127,-45,40128,-45,80129,-45,40130,-45,40131,-45,40132,-45,80133,-45,120134,-45,160135,-45,200136,-45,280137,-45,400138,-45,520139,-45,480140,-45,440141,-45,400142,-45,360143,-45,240144,-45,80145,-45,-40146,-45,-80147,-45,-120148,-45,-160149,-45,-160150,-45,-200151,-45,-320152,-45,-520153,-45,-880154,-45,-1520155,-45,-2560156,-45,-3120157,-45,-3360158,-45,-3480159,-45,-3480160,-45,-3480161,-45,-3480162,-45,-3480163,-45,-3480164,-45,-3480165,-45,-3480166,-45,-3480167,-45,-3480168,-45,-3480169,-45,-3480170,-45,-3480171,-45,-3480172,-45,-3480173,-45,-3480174,-45,-3480175,-45,-3480176,-45,-3480177,-45,-3480178,-45,-3480179,-45,-3480-180,-46,-3480-179,-46,-3480-178,-46,-3480-177,-46,-3480-176,-46,-3480-175,-46,-3480-174,-46,-3480-173,-46,-3480-172,-46,-3480-171,-46,-3480-170,-46,-3480-169,-46,-3480-168,-46,-3480-167,-46,-3480-166,-46,-3480-165,-46,-3480-164,-46,-3480-163,-46,-3480-162,-46,-3480-161,-46,-3480-160,-46,-3480-159,-46,-3480-158,-46,-3480-157,-46,-3480-156,-46,-3480-155,-46,-3480-154,-46,-3480-153,-46,-3480-152,-46,-3480-151,-46,-3480-150,-46,-3480-149,-46,-3480-148,-46,-3480-147,-46,-3480-146,-46,-3480-145,-46,-3480-144,-46,-3480-143,-46,-3480-142,-46,-3480-141,-46,-3480-140,-46,-3480-139,-46,-3480-138,-46,-3480-137,-46,-3480-136,-46,-3480-135,-46,-3480-134,-46,-3480-133,-46,-3480-132,-46,-3480-131,-46,-3480-130,-46,-3480-129,-46,-3480-128,-46,-3480-127,-46,-3480-126,-46,-3480-125,-46,-3480-124,-46,-3480-123,-46,-3480-122,-46,-3480-121,-46,-3480-120,-46,-3480-119,-46,-3480-118,-46,-3480-117,-46,-3480-116,-46,-3480-115,-46,-3480-114,-46,-3480-113,-46,-3480-112,-46,-3480-111,-46,-3480-110,-46,-3480-109,-46,-3480-108,-46,-3480-107,-46,-3480-106,-46,-3480-105,-46,-3480-104,-46,-3480-103,-46,-3480-102,-46,-3480-101,-46,-3480-100,-46,-3480-99,-46,-3480-98,-46,-3480-97,-46,-3480-96,-46,-3480-95,-46,-3480-94,-46,-3480-93,-46,-3480-92,-46,-3480-91,-46,-3480-90,-46,-3480-89,-46,-3480-88,-46,-3480-87,-46,-3480-86,-46,-3480-85,-46,-3480-84,-46,-3480-83,-46,-3480-82,-46,-3480-81,-46,-3480-80,-46,-3480-79,-46,-3480-78,-46,-3480-77,-46,-3480-76,-46,-3480-75,-46,-3480-74,-46,-3480-73,-46,-3480-72,-46,-3480-71,-46,-3400-70,-46,-3240-69,-46,-2720-68,-46,-1920-67,-46,-840-66,-46,-280-65,-46,0-64,-46,320-63,-46,280-62,-46,280-61,-46,240-60,-46,280-59,-46,320-58,-46,360-57,-46,360-56,-46,360-55,-46,280-54,-46,160-53,-46,80-52,-46,40-51,-46,0-50,-46,40-49,-46,0-48,-46,80-47,-46,40-46,-46,200-45,-46,640-44,-46,320-43,-46,200-42,-46,-40-41,-46,-40-40,-46,-120-39,-46,-160-38,-46,-160-37,-46,-160-36,-46,-160-35,-46,-160-34,-46,-160-33,-46,-160-32,-46,-120-31,-46,0-30,-46,120-29,-46,320-28,-46,680-27,-46,600-26,-46,520-25,-46,480-24,-46,480-23,-46,600-22,-46,1080-21,-46,1520-20,-46,1840-19,-46,1680-18,-46,1280-17,-46,840-16,-46,440-15,-46,280-14,-46,120-13,-46,80-12,-46,40-11,-46,80-10,-46,80-9,-46,120-8,-46,120-7,-46,160-6,-46,160-5,-46,200-4,-46,200-3,-46,200-2,-46,200-1,-46,2000,-46,2001,-46,2402,-46,2803,-46,2804,-46,3205,-46,3206,-46,3607,-46,3208,-46,2409,-46,20010,-46,24011,-46,16012,-46,16013,-46,16014,-46,20015,-46,20016,-46,24017,-46,24018,-46,24019,-46,24020,-46,24021,-46,24022,-46,24023,-46,24024,-46,24025,-46,24026,-46,24027,-46,24028,-46,24029,-46,24030,-46,24031,-46,28032,-46,28033,-46,32034,-46,32035,-46,32036,-46,36037,-46,40038,-46,40039,-46,40040,-46,44041,-46,44042,-46,52043,-46,56044,-46,64045,-46,64046,-46,72047,-46,88048,-46,112049,-46,132050,-46,164051,-46,180052,-46,180053,-46,144054,-46,76055,-46,40056,-46,8057,-46,058,-46,-28059,-46,-92060,-46,-128061,-46,-104062,-46,-84063,-46,-76064,-46,-96065,-46,-128066,-46,-112067,-46,-52068,-46,-32069,-46,-28070,-46,-24071,-46,-24072,-46,-20073,-46,-20074,-46,-16075,-46,-16076,-46,-16077,-46,-16078,-46,-16079,-46,-20080,-46,-20081,-46,-20082,-46,-20083,-46,-20084,-46,-20085,-46,-20086,-46,-20087,-46,-20088,-46,-20089,-46,-20090,-46,-20091,-46,-20092,-46,-20093,-46,-20094,-46,-24095,-46,-28096,-46,-28097,-46,-32098,-46,-36099,-46,-440100,-46,-400101,-46,-440102,-46,-520103,-46,-560104,-46,-680105,-46,-760106,-46,-760107,-46,-760108,-46,-760109,-46,-720110,-46,-720111,-46,-1400112,-46,-1680113,-46,-2160114,-46,-2040115,-46,-1920116,-46,-2080117,-46,-2360118,-46,-2280119,-46,-2040120,-46,-1480121,-46,-960122,-46,-600123,-46,-360124,-46,-120125,-46,0126,-46,80127,-46,80128,-46,80129,-46,80130,-46,80131,-46,120132,-46,160133,-46,200134,-46,240135,-46,280136,-46,320137,-46,400138,-46,480139,-46,560140,-46,680141,-46,600142,-46,560143,-46,440144,-46,320145,-46,200146,-46,40147,-46,-80148,-46,-120149,-46,-120150,-46,-120151,-46,-280152,-46,-440153,-46,-840154,-46,-1440155,-46,-2720156,-46,-3360157,-46,-3440158,-46,-3480159,-46,-3480160,-46,-3480161,-46,-3480162,-46,-3480163,-46,-3480164,-46,-3480165,-46,-3480166,-46,-3480167,-46,-3480168,-46,-3480169,-46,-3480170,-46,-3480171,-46,-3480172,-46,-3480173,-46,-3480174,-46,-3480175,-46,-3480176,-46,-3480177,-46,-3480178,-46,-3480179,-46,-3480-180,-47,-3480-179,-47,-3480-178,-47,-3480-177,-47,-3480-176,-47,-3480-175,-47,-3480-174,-47,-3480-173,-47,-3480-172,-47,-3480-171,-47,-3480-170,-47,-3480-169,-47,-3480-168,-47,-3480-167,-47,-3480-166,-47,-3480-165,-47,-3480-164,-47,-3480-163,-47,-3480-162,-47,-3480-161,-47,-3480-160,-47,-3480-159,-47,-3480-158,-47,-3480-157,-47,-3480-156,-47,-3480-155,-47,-3480-154,-47,-3480-153,-47,-3480-152,-47,-3480-151,-47,-3480-150,-47,-3480-149,-47,-3480-148,-47,-3480-147,-47,-3480-146,-47,-3480-145,-47,-3480-144,-47,-3480-143,-47,-3480-142,-47,-3480-141,-47,-3480-140,-47,-3480-139,-47,-3480-138,-47,-3480-137,-47,-3480-136,-47,-3480-135,-47,-3480-134,-47,-3480-133,-47,-3480-132,-47,-3480-131,-47,-3480-130,-47,-3480-129,-47,-3480-128,-47,-3480-127,-47,-3480-126,-47,-3480-125,-47,-3480-124,-47,-3480-123,-47,-3480-122,-47,-3480-121,-47,-3480-120,-47,-3480-119,-47,-3480-118,-47,-3480-117,-47,-3480-116,-47,-3480-115,-47,-3480-114,-47,-3480-113,-47,-3480-112,-47,-3480-111,-47,-3480-110,-47,-3480-109,-47,-3480-108,-47,-3480-107,-47,-3480-106,-47,-3480-105,-47,-3480-104,-47,-3480-103,-47,-3480-102,-47,-3480-101,-47,-3480-100,-47,-3480-99,-47,-3480-98,-47,-3480-97,-47,-3480-96,-47,-3480-95,-47,-3480-94,-47,-3480-93,-47,-3480-92,-47,-3480-91,-47,-3480-90,-47,-3480-89,-47,-3480-88,-47,-3480-87,-47,-3480-86,-47,-3480-85,-47,-3480-84,-47,-3480-83,-47,-3480-82,-47,-3480-81,-47,-3480-80,-47,-3480-79,-47,-3480-78,-47,-3480-77,-47,-3480-76,-47,-3480-75,-47,-3480-74,-47,-3480-73,-47,-3480-72,-47,-3360-71,-47,-2920-70,-47,-2480-69,-47,-1640-68,-47,-600-67,-47,-200-66,-47,40-65,-47,400-64,-47,440-63,-47,560-62,-47,560-61,-47,400-60,-47,400-59,-47,360-58,-47,440-57,-47,400-56,-47,320-55,-47,240-54,-47,160-53,-47,80-52,-47,40-51,-47,40-50,-47,40-49,-47,40-48,-47,0-47,-47,40-46,-47,440-45,-47,440-44,-47,240-43,-47,40-42,-47,-80-41,-47,-80-40,-47,-120-39,-47,-120-38,-47,-160-37,-47,-160-36,-47,-160-35,-47,-160-34,-47,-160-33,-47,-160-32,-47,-120-31,-47,-40-30,-47,40-29,-47,200-28,-47,360-27,-47,440-26,-47,440-25,-47,480-24,-47,520-23,-47,920-22,-47,1560-21,-47,1840-20,-47,1600-19,-47,1400-18,-47,960-17,-47,560-16,-47,440-15,-47,240-14,-47,120-13,-47,120-12,-47,120-11,-47,160-10,-47,200-9,-47,160-8,-47,160-7,-47,160-6,-47,200-5,-47,200-4,-47,200-3,-47,200-2,-47,200-1,-47,2000,-47,2001,-47,2402,-47,2803,-47,2804,-47,3205,-47,3606,-47,3607,-47,2808,-47,2409,-47,20010,-47,20011,-47,16012,-47,16013,-47,20014,-47,20015,-47,20016,-47,24017,-47,24018,-47,24019,-47,24020,-47,24021,-47,24022,-47,24023,-47,24024,-47,24025,-47,24026,-47,24027,-47,24028,-47,24029,-47,24030,-47,24031,-47,28032,-47,32033,-47,32034,-47,32035,-47,44036,-47,44037,-47,52038,-47,60039,-47,56040,-47,56041,-47,56042,-47,68043,-47,72044,-47,72045,-47,68046,-47,80047,-47,100048,-47,124049,-47,132050,-47,152051,-47,140052,-47,100053,-47,72054,-47,48055,-47,20056,-47,-16057,-47,-44058,-47,-12059,-47,-48060,-47,-104061,-47,-124062,-47,-164063,-47,-168064,-47,-152065,-47,-148066,-47,-140067,-47,-128068,-47,-108069,-47,-56070,-47,-36071,-47,-28072,-47,-28073,-47,-28074,-47,-24075,-47,-28076,-47,-36077,-47,-32078,-47,-32079,-47,-32080,-47,-28081,-47,-28082,-47,-28083,-47,-32084,-47,-28085,-47,-28086,-47,-28087,-47,-28088,-47,-28089,-47,-28090,-47,-28091,-47,-28092,-47,-28093,-47,-28094,-47,-36095,-47,-40096,-47,-44097,-47,-52098,-47,-60099,-47,-640100,-47,-680101,-47,-800102,-47,-880103,-47,-920104,-47,-1000105,-47,-1000106,-47,-1120107,-47,-1120108,-47,-1120109,-47,-1120110,-47,-1840111,-47,-1880112,-47,-2080113,-47,-1840114,-47,-2160115,-47,-2400116,-47,-2400117,-47,-2200118,-47,-1720119,-47,-1400120,-47,-1000121,-47,-760122,-47,-560123,-47,-360124,-47,-120125,-47,40126,-47,120127,-47,160128,-47,160129,-47,120130,-47,120131,-47,160132,-47,160133,-47,240134,-47,240135,-47,240136,-47,280137,-47,360138,-47,400139,-47,440140,-47,560141,-47,600142,-47,680143,-47,680144,-47,560145,-47,520146,-47,280147,-47,120148,-47,-40149,-47,-120150,-47,-120151,-47,-200152,-47,-400153,-47,-640154,-47,-1200155,-47,-2120156,-47,-3000157,-47,-3280158,-47,-3400159,-47,-3480160,-47,-3480161,-47,-3480162,-47,-3480163,-47,-3480164,-47,-3480165,-47,-3480166,-47,-3480167,-47,-3480168,-47,-3480169,-47,-3480170,-47,-3480171,-47,-3480172,-47,-3480173,-47,-3480174,-47,-3480175,-47,-3480176,-47,-3480177,-47,-3480178,-47,-3480179,-47,-3480-180,-48,-3480-179,-48,-3480-178,-48,-3480-177,-48,-3480-176,-48,-3480-175,-48,-3480-174,-48,-3480-173,-48,-3480-172,-48,-3480-171,-48,-3480-170,-48,-3480-169,-48,-3480-168,-48,-3480-167,-48,-3480-166,-48,-3480-165,-48,-3480-164,-48,-3480-163,-48,-3480-162,-48,-3480-161,-48,-3480-160,-48,-3480-159,-48,-3480-158,-48,-3480-157,-48,-3480-156,-48,-3480-155,-48,-3480-154,-48,-3480-153,-48,-3480-152,-48,-3480-151,-48,-3480-150,-48,-3480-149,-48,-3480-148,-48,-3480-147,-48,-3480-146,-48,-3480-145,-48,-3480-144,-48,-3480-143,-48,-3480-142,-48,-3480-141,-48,-3480-140,-48,-3480-139,-48,-3480-138,-48,-3480-137,-48,-3480-136,-48,-3480-135,-48,-3480-134,-48,-3480-133,-48,-3480-132,-48,-3480-131,-48,-3480-130,-48,-3480-129,-48,-3480-128,-48,-3480-127,-48,-3480-126,-48,-3480-125,-48,-3480-124,-48,-3480-123,-48,-3480-122,-48,-3480-121,-48,-3480-120,-48,-3480-119,-48,-3480-118,-48,-3480-117,-48,-3480-116,-48,-3480-115,-48,-3480-114,-48,-3480-113,-48,-3480-112,-48,-3480-111,-48,-3480-110,-48,-3480-109,-48,-3480-108,-48,-3480-107,-48,-3480-106,-48,-3480-105,-48,-3480-104,-48,-3480-103,-48,-3480-102,-48,-3480-101,-48,-3480-100,-48,-3480-99,-48,-3480-98,-48,-3480-97,-48,-3480-96,-48,-3480-95,-48,-3480-94,-48,-3480-93,-48,-3480-92,-48,-3480-91,-48,-3480-90,-48,-3480-89,-48,-3480-88,-48,-3480-87,-48,-3480-86,-48,-3480-85,-48,-3480-84,-48,-3480-83,-48,-3480-82,-48,-3480-81,-48,-3480-80,-48,-3480-79,-48,-3480-78,-48,-3480-77,-48,-3480-76,-48,-3480-75,-48,-3480-74,-48,-3480-73,-48,-3400-72,-48,-2920-71,-48,-2360-70,-48,-1680-69,-48,-640-68,-48,-280-67,-48,40-66,-48,480-65,-48,840-64,-48,1240-63,-48,1240-62,-48,800-61,-48,480-60,-48,440-59,-48,440-58,-48,400-57,-48,320-56,-48,280-55,-48,160-54,-48,120-53,-48,80-52,-48,80-51,-48,80-50,-48,40-49,-48,-40-48,-48,-40-47,-48,160-46,-48,520-45,-48,240-44,-48,160-43,-48,0-42,-48,-80-41,-48,-80-40,-48,-120-39,-48,-120-38,-48,-120-37,-48,-160-36,-48,-160-35,-48,-160-34,-48,-160-33,-48,-160-32,-48,-120-31,-48,-120-30,-48,-40-29,-48,80-28,-48,240-27,-48,360-26,-48,440-25,-48,520-24,-48,880-23,-48,1480-22,-48,1880-21,-48,1720-20,-48,1280-19,-48,1040-18,-48,640-17,-48,520-16,-48,400-15,-48,240-14,-48,160-13,-48,200-12,-48,240-11,-48,240-10,-48,280-9,-48,200-8,-48,200-7,-48,200-6,-48,200-5,-48,200-4,-48,200-3,-48,200-2,-48,200-1,-48,2000,-48,2001,-48,2402,-48,2803,-48,3204,-48,3605,-48,2806,-48,3207,-48,2808,-48,2409,-48,20010,-48,20011,-48,20012,-48,16013,-48,20014,-48,20015,-48,24016,-48,24017,-48,24018,-48,24019,-48,24020,-48,24021,-48,24022,-48,24023,-48,24024,-48,24025,-48,24026,-48,24027,-48,24028,-48,20029,-48,28030,-48,28031,-48,32032,-48,36033,-48,40034,-48,44035,-48,56036,-48,60037,-48,60038,-48,60039,-48,56040,-48,56041,-48,56042,-48,56043,-48,56044,-48,56045,-48,56046,-48,60047,-48,68048,-48,88049,-48,84050,-48,64051,-48,56052,-48,48053,-48,44054,-48,20055,-48,-52056,-48,-72057,-48,-72058,-48,-80059,-48,-96060,-48,-144061,-48,-184062,-48,-220063,-48,-208064,-48,-164065,-48,-144066,-48,-148067,-48,-144068,-48,-136069,-48,-132070,-48,-128071,-48,-72072,-48,-40073,-48,-32074,-48,-28075,-48,-28076,-48,-28077,-48,-32078,-48,-36079,-48,-48080,-48,-60081,-48,-60082,-48,-60083,-48,-60084,-48,-56085,-48,-52086,-48,-48087,-48,-52088,-48,-44089,-48,-48090,-48,-44091,-48,-52092,-48,-52093,-48,-56094,-48,-64095,-48,-64096,-48,-84097,-48,-112098,-48,-132099,-48,-1480100,-48,-1600101,-48,-1720102,-48,-1760103,-48,-1720104,-48,-1640105,-48,-1600106,-48,-1720107,-48,-1720108,-48,-1680109,-48,-2400110,-48,-2360111,-48,-2360112,-48,-2000113,-48,-2240114,-48,-2320115,-48,-2200116,-48,-1800117,-48,-1400118,-48,-1040119,-48,-760120,-48,-600121,-48,-520122,-48,-440123,-48,-240124,-48,-80125,-48,40126,-48,160127,-48,200128,-48,200129,-48,160130,-48,120131,-48,160132,-48,160133,-48,200134,-48,280135,-48,280136,-48,280137,-48,320138,-48,320139,-48,360140,-48,400141,-48,400142,-48,480143,-48,520144,-48,560145,-48,600146,-48,720147,-48,600148,-48,280149,-48,80150,-48,-40151,-48,-120152,-48,-280153,-48,-440154,-48,-880155,-48,-1480156,-48,-2280157,-48,-2680158,-48,-2880159,-48,-3200160,-48,-3480161,-48,-3480162,-48,-3480163,-48,-3480164,-48,-3480165,-48,-3480166,-48,-3480167,-48,-3480168,-48,-3480169,-48,-3480170,-48,-3480171,-48,-3480172,-48,-3480173,-48,-3480174,-48,-3480175,-48,-3480176,-48,-3480177,-48,-3480178,-48,-3480179,-48,-3480-180,-49,-3480-179,-49,-3480-178,-49,-3480-177,-49,-3480-176,-49,-3480-175,-49,-3480-174,-49,-3480-173,-49,-3480-172,-49,-3480-171,-49,-3480-170,-49,-3480-169,-49,-3480-168,-49,-3480-167,-49,-3480-166,-49,-3480-165,-49,-3480-164,-49,-3480-163,-49,-3480-162,-49,-3480-161,-49,-3480-160,-49,-3480-159,-49,-3480-158,-49,-3480-157,-49,-3480-156,-49,-3480-155,-49,-3480-154,-49,-3480-153,-49,-3480-152,-49,-3480-151,-49,-3480-150,-49,-3480-149,-49,-3480-148,-49,-3480-147,-49,-3480-146,-49,-3480-145,-49,-3480-144,-49,-3480-143,-49,-3480-142,-49,-3480-141,-49,-3480-140,-49,-3480-139,-49,-3480-138,-49,-3480-137,-49,-3480-136,-49,-3480-135,-49,-3480-134,-49,-3480-133,-49,-3480-132,-49,-3480-131,-49,-3480-130,-49,-3480-129,-49,-3480-128,-49,-3480-127,-49,-3480-126,-49,-3480-125,-49,-3480-124,-49,-3480-123,-49,-3480-122,-49,-3480-121,-49,-3480-120,-49,-3480-119,-49,-3480-118,-49,-3480-117,-49,-3480-116,-49,-3480-115,-49,-3480-114,-49,-3480-113,-49,-3480-112,-49,-3480-111,-49,-3480-110,-49,-3480-109,-49,-3480-108,-49,-3480-107,-49,-3480-106,-49,-3480-105,-49,-3480-104,-49,-3480-103,-49,-3480-102,-49,-3480-101,-49,-3480-100,-49,-3480-99,-49,-3480-98,-49,-3480-97,-49,-3480-96,-49,-3480-95,-49,-3480-94,-49,-3480-93,-49,-3480-92,-49,-3480-91,-49,-3480-90,-49,-3480-89,-49,-3480-88,-49,-3480-87,-49,-3480-86,-49,-3480-85,-49,-3480-84,-49,-3480-83,-49,-3480-82,-49,-3480-81,-49,-3480-80,-49,-3480-79,-49,-3480-78,-49,-3480-77,-49,-3480-76,-49,-3480-75,-49,-3480-74,-49,-3400-73,-49,-3000-72,-49,-2480-71,-49,-1800-70,-49,-680-69,-49,-320-68,-49,-40-67,-49,440-66,-49,1120-65,-49,1600-64,-49,1800-63,-49,1640-62,-49,1000-61,-49,560-60,-49,440-59,-49,360-58,-49,320-57,-49,200-56,-49,200-55,-49,160-54,-49,80-53,-49,80-52,-49,80-51,-49,0-50,-49,-40-49,-49,-40-48,-49,40-47,-49,360-46,-49,320-45,-49,240-44,-49,40-43,-49,-80-42,-49,-40-41,-49,-80-40,-49,-80-39,-49,-120-38,-49,-120-37,-49,-120-36,-49,-160-35,-49,-160-34,-49,-160-33,-49,-160-32,-49,-160-31,-49,-120-30,-49,0-29,-49,80-28,-49,240-27,-49,400-26,-49,560-25,-49,1040-24,-49,1480-23,-49,1840-22,-49,1600-21,-49,1200-20,-49,960-19,-49,720-18,-49,560-17,-49,440-16,-49,360-15,-49,240-14,-49,240-13,-49,240-12,-49,240-11,-49,280-10,-49,240-9,-49,280-8,-49,240-7,-49,200-6,-49,200-5,-49,200-4,-49,200-3,-49,200-2,-49,200-1,-49,2000,-49,2001,-49,2002,-49,2803,-49,2804,-49,2805,-49,2806,-49,2807,-49,2808,-49,2409,-49,20010,-49,20011,-49,20012,-49,16013,-49,20014,-49,24015,-49,24016,-49,24017,-49,24018,-49,24019,-49,28020,-49,24021,-49,24022,-49,24023,-49,24024,-49,24025,-49,20026,-49,20027,-49,24028,-49,24029,-49,28030,-49,32031,-49,36032,-49,44033,-49,52034,-49,56035,-49,56036,-49,56037,-49,56038,-49,56039,-49,52040,-49,48041,-49,44042,-49,40043,-49,40044,-49,40045,-49,40046,-49,40047,-49,40048,-49,40049,-49,36050,-49,32051,-49,28052,-49,24053,-49,-8054,-49,-52055,-49,-60056,-49,-68057,-49,-72058,-49,-80059,-49,-84060,-49,-108061,-49,-160062,-49,-196063,-49,-228064,-49,-200065,-49,-160066,-49,-156067,-49,-148068,-49,-148069,-49,-148070,-49,-140071,-49,-140072,-49,-140073,-49,-108074,-49,-48075,-49,-40076,-49,-40077,-49,-44078,-49,-48079,-49,-56080,-49,-60081,-49,-64082,-49,-64083,-49,-68084,-49,-72085,-49,-72086,-49,-80087,-49,-84088,-49,-92089,-49,-92090,-49,-96091,-49,-108092,-49,-120093,-49,-128094,-49,-128095,-49,-124096,-49,-148097,-49,-200098,-49,-224099,-49,-2280100,-49,-2240101,-49,-2240102,-49,-2280103,-49,-2240104,-49,-2200105,-49,-2120106,-49,-2120107,-49,-2280108,-49,-2880109,-49,-2720110,-49,-2720111,-49,-2200112,-49,-2240113,-49,-2160114,-49,-2040115,-49,-1520116,-49,-1000117,-49,-680118,-49,-440119,-49,-320120,-49,-240121,-49,-240122,-49,-160123,-49,-120124,-49,-80125,-49,40126,-49,120127,-49,160128,-49,200129,-49,200130,-49,200131,-49,160132,-49,160133,-49,200134,-49,240135,-49,240136,-49,280137,-49,280138,-49,280139,-49,280140,-49,320141,-49,320142,-49,400143,-49,400144,-49,400145,-49,560146,-49,680147,-49,1200148,-49,1080149,-49,680150,-49,280151,-49,80152,-49,-80153,-49,-240154,-49,-480155,-49,-880156,-49,-1520157,-49,-2240158,-49,-2560159,-49,-2600160,-49,-2800161,-49,-3320162,-49,-3440163,-49,-3480164,-49,-3480165,-49,-3480166,-49,-3480167,-49,-3480168,-49,-3480169,-49,-3480170,-49,-3480171,-49,-3480172,-49,-3480173,-49,-3480174,-49,-3480175,-49,-3480176,-49,-3480177,-49,-3480178,-49,-3480179,-49,-3480-180,-50,-3480-179,-50,-3480-178,-50,-3480-177,-50,-3480-176,-50,-3480-175,-50,-3480-174,-50,-3480-173,-50,-3480-172,-50,-3480-171,-50,-3480-170,-50,-3480-169,-50,-3480-168,-50,-3480-167,-50,-3480-166,-50,-3480-165,-50,-3480-164,-50,-3480-163,-50,-3480-162,-50,-3480-161,-50,-3480-160,-50,-3480-159,-50,-3480-158,-50,-3480-157,-50,-3480-156,-50,-3480-155,-50,-3480-154,-50,-3480-153,-50,-3480-152,-50,-3480-151,-50,-3480-150,-50,-3480-149,-50,-3480-148,-50,-3480-147,-50,-3480-146,-50,-3480-145,-50,-3480-144,-50,-3480-143,-50,-3480-142,-50,-3480-141,-50,-3480-140,-50,-3480-139,-50,-3480-138,-50,-3480-137,-50,-3480-136,-50,-3480-135,-50,-3480-134,-50,-3480-133,-50,-3480-132,-50,-3480-131,-50,-3480-130,-50,-3480-129,-50,-3480-128,-50,-3480-127,-50,-3480-126,-50,-3480-125,-50,-3480-124,-50,-3480-123,-50,-3480-122,-50,-3480-121,-50,-3480-120,-50,-3480-119,-50,-3480-118,-50,-3480-117,-50,-3480-116,-50,-3480-115,-50,-3480-114,-50,-3480-113,-50,-3480-112,-50,-3480-111,-50,-3480-110,-50,-3480-109,-50,-3480-108,-50,-3480-107,-50,-3480-106,-50,-3480-105,-50,-3480-104,-50,-3480-103,-50,-3480-102,-50,-3480-101,-50,-3480-100,-50,-3480-99,-50,-3480-98,-50,-3480-97,-50,-3480-96,-50,-3480-95,-50,-3480-94,-50,-3480-93,-50,-3480-92,-50,-3480-91,-50,-3480-90,-50,-3480-89,-50,-3480-88,-50,-3480-87,-50,-3480-86,-50,-3480-85,-50,-3480-84,-50,-3480-83,-50,-3480-82,-50,-3480-81,-50,-3480-80,-50,-3480-79,-50,-3480-78,-50,-3480-77,-50,-3480-76,-50,-3480-75,-50,-3400-74,-50,-3040-73,-50,-2520-72,-50,-1720-71,-50,-720-70,-50,-360-69,-50,-160-68,-50,160-67,-50,840-66,-50,1560-65,-50,1960-64,-50,1920-63,-50,1640-62,-50,920-61,-50,520-60,-50,360-59,-50,280-58,-50,200-57,-50,200-56,-50,160-55,-50,120-54,-50,80-53,-50,40-52,-50,0-51,-50,-40-50,-50,-40-49,-50,0-48,-50,160-47,-50,280-46,-50,240-45,-50,0-44,-50,-40-43,-50,-80-42,-50,-40-41,-50,-80-40,-50,-80-39,-50,-80-38,-50,-80-37,-50,-120-36,-50,-120-35,-50,-160-34,-50,-160-33,-50,-160-32,-50,-160-31,-50,-80-30,-50,0-29,-50,200-28,-50,400-27,-50,680-26,-50,1200-25,-50,1440-24,-50,1640-23,-50,1440-22,-50,1120-21,-50,880-20,-50,680-19,-50,680-18,-50,520-17,-50,400-16,-50,320-15,-50,280-14,-50,320-13,-50,280-12,-50,240-11,-50,280-10,-50,280-9,-50,240-8,-50,240-7,-50,200-6,-50,160-5,-50,160-4,-50,200-3,-50,200-2,-50,200-1,-50,1600,-50,1601,-50,2002,-50,2803,-50,2804,-50,2805,-50,2806,-50,2807,-50,2808,-50,2409,-50,20010,-50,20011,-50,20012,-50,20013,-50,20014,-50,24015,-50,24016,-50,24017,-50,24018,-50,24019,-50,24020,-50,24021,-50,24022,-50,24023,-50,24024,-50,24025,-50,24026,-50,24027,-50,24028,-50,28029,-50,32030,-50,36031,-50,44032,-50,52033,-50,56034,-50,52035,-50,48036,-50,52037,-50,52038,-50,52039,-50,48040,-50,44041,-50,40042,-50,36043,-50,36044,-50,40045,-50,36046,-50,32047,-50,32048,-50,28049,-50,28050,-50,28051,-50,24052,-50,-16053,-50,-56054,-50,-60055,-50,-60056,-50,-64057,-50,-68058,-50,-72059,-50,-76060,-50,-84061,-50,-116062,-50,-152063,-50,-192064,-50,-224065,-50,-204066,-50,-192067,-50,-164068,-50,-156069,-50,-164070,-50,-160071,-50,-160072,-50,-152073,-50,-140074,-50,-140075,-50,-128076,-50,-80077,-50,-64078,-50,-64079,-50,-68080,-50,-72081,-50,-72082,-50,-68083,-50,-76084,-50,-88085,-50,-88086,-50,-96087,-50,-108088,-50,-112089,-50,-124090,-50,-128091,-50,-136092,-50,-152093,-50,-176094,-50,-184095,-50,-176096,-50,-176097,-50,-196098,-50,-224099,-50,-2120100,-50,-2040101,-50,-2000102,-50,-1960103,-50,-1880104,-50,-1800105,-50,-1840106,-50,-1880107,-50,-2520108,-50,-2800109,-50,-2840110,-50,-2200111,-50,-2040112,-50,-1800113,-50,-1640114,-50,-1400115,-50,-1000116,-50,-640117,-50,-400118,-50,-40119,-50,200120,-50,400121,-50,520122,-50,360123,-50,160124,-50,80125,-50,40126,-50,80127,-50,120128,-50,120129,-50,200130,-50,240131,-50,200132,-50,160133,-50,200134,-50,200135,-50,160136,-50,240137,-50,280138,-50,280139,-50,280140,-50,280141,-50,280142,-50,320143,-50,320144,-50,360145,-50,400146,-50,520147,-50,680148,-50,1200149,-50,1600150,-50,1200151,-50,560152,-50,120153,-50,-40154,-50,-240155,-50,-480156,-50,-840157,-50,-1320158,-50,-1760159,-50,-2280160,-50,-2560161,-50,-2640162,-50,-3000163,-50,-3440164,-50,-3480165,-50,-3480166,-50,-3480167,-50,-3480168,-50,-3480169,-50,-3480170,-50,-3480171,-50,-3480172,-50,-3480173,-50,-3480174,-50,-3480175,-50,-3480176,-50,-3480177,-50,-3480178,-50,-3480179,-50,-3480-180,-51,-3480-179,-51,-3480-178,-51,-3480-177,-51,-3480-176,-51,-3480-175,-51,-3480-174,-51,-3480-173,-51,-3480-172,-51,-3480-171,-51,-3480-170,-51,-3480-169,-51,-3480-168,-51,-3480-167,-51,-3480-166,-51,-3480-165,-51,-3480-164,-51,-3480-163,-51,-3480-162,-51,-3480-161,-51,-3480-160,-51,-3480-159,-51,-3480-158,-51,-3480-157,-51,-3480-156,-51,-3480-155,-51,-3480-154,-51,-3480-153,-51,-3480-152,-51,-3480-151,-51,-3480-150,-51,-3480-149,-51,-3480-148,-51,-3480-147,-51,-3480-146,-51,-3480-145,-51,-3480-144,-51,-3480-143,-51,-3480-142,-51,-3480-141,-51,-3480-140,-51,-3480-139,-51,-3480-138,-51,-3480-137,-51,-3480-136,-51,-3480-135,-51,-3480-134,-51,-3480-133,-51,-3480-132,-51,-3480-131,-51,-3480-130,-51,-3480-129,-51,-3480-128,-51,-3480-127,-51,-3480-126,-51,-3480-125,-51,-3480-124,-51,-3480-123,-51,-3480-122,-51,-3480-121,-51,-3480-120,-51,-3480-119,-51,-3480-118,-51,-3480-117,-51,-3480-116,-51,-3480-115,-51,-3480-114,-51,-3480-113,-51,-3480-112,-51,-3480-111,-51,-3480-110,-51,-3480-109,-51,-3480-108,-51,-3480-107,-51,-3480-106,-51,-3480-105,-51,-3480-104,-51,-3480-103,-51,-3480-102,-51,-3480-101,-51,-3480-100,-51,-3480-99,-51,-3480-98,-51,-3480-97,-51,-3480-96,-51,-3480-95,-51,-3480-94,-51,-3480-93,-51,-3480-92,-51,-3480-91,-51,-3480-90,-51,-3480-89,-51,-3480-88,-51,-3480-87,-51,-3480-86,-51,-3480-85,-51,-3480-84,-51,-3480-83,-51,-3480-82,-51,-3480-81,-51,-3480-80,-51,-3480-79,-51,-3480-78,-51,-3480-77,-51,-3480-76,-51,-3400-75,-51,-3040-74,-51,-2560-73,-51,-1680-72,-51,-800-71,-51,-400-70,-51,-200-69,-51,80-68,-51,560-67,-51,1360-66,-51,1920-65,-51,2200-64,-51,2000-63,-51,1480-62,-51,800-61,-51,440-60,-51,280-59,-51,200-58,-51,160-57,-51,120-56,-51,120-55,-51,80-54,-51,0-53,-51,-40-52,-51,-40-51,-51,-40-50,-51,-40-49,-51,120-48,-51,280-47,-51,240-46,-51,-80-45,-51,-120-44,-51,-120-43,-51,-80-42,-51,-80-41,-51,-80-40,-51,-80-39,-51,-120-38,-51,-80-37,-51,-120-36,-51,-120-35,-51,-160-34,-51,-160-33,-51,-120-32,-51,-40-31,-51,0-30,-51,320-29,-51,640-28,-51,1080-27,-51,1360-26,-51,1400-25,-51,1400-24,-51,1240-23,-51,920-22,-51,720-21,-51,680-20,-51,600-19,-51,520-18,-51,440-17,-51,360-16,-51,320-15,-51,280-14,-51,280-13,-51,320-12,-51,280-11,-51,280-10,-51,280-9,-51,280-8,-51,240-7,-51,160-6,-51,160-5,-51,160-4,-51,200-3,-51,200-2,-51,200-1,-51,1600,-51,1601,-51,1602,-51,2003,-51,3604,-51,4005,-51,3206,-51,3207,-51,3208,-51,2409,-51,24010,-51,24011,-51,24012,-51,24013,-51,24014,-51,24015,-51,24016,-51,24017,-51,24018,-51,24019,-51,24020,-51,24021,-51,24022,-51,28023,-51,28024,-51,28025,-51,24026,-51,28027,-51,28028,-51,32029,-51,32030,-51,40031,-51,48032,-51,56033,-51,56034,-51,48035,-51,56036,-51,56037,-51,48038,-51,48039,-51,48040,-51,40041,-51,40042,-51,36043,-51,36044,-51,36045,-51,36046,-51,32047,-51,28048,-51,28049,-51,28050,-51,32051,-51,28052,-51,24053,-51,24054,-51,20055,-51,20056,-51,20057,-51,12058,-51,059,-51,-4060,-51,061,-51,-20062,-51,-72063,-51,-124064,-51,-172065,-51,-200066,-51,-212067,-51,-184068,-51,-180069,-51,-172070,-51,-168071,-51,-168072,-51,-160073,-51,-152074,-51,-148075,-51,-148076,-51,-144077,-51,-144078,-51,-152079,-51,-148080,-51,-140081,-51,-124082,-51,-92083,-51,-96084,-51,-120085,-51,-140086,-51,-156087,-51,-168088,-51,-172089,-51,-212090,-51,-200091,-51,-196092,-51,-216093,-51,-240094,-51,-248095,-51,-236096,-51,-224097,-51,-216098,-51,-216099,-51,-2120100,-51,-1960101,-51,-1840102,-51,-1840103,-51,-1880104,-51,-2000105,-51,-2120106,-51,-2080107,-51,-2040108,-51,-2200109,-51,-2000110,-51,-1880111,-51,-1720112,-51,-1440113,-51,-1160114,-51,-960115,-51,-680116,-51,-520117,-51,-200118,-51,240119,-51,640120,-51,1000121,-51,1400122,-51,1480123,-51,880124,-51,480125,-51,320126,-51,320127,-51,280128,-51,200129,-51,200130,-51,200131,-51,240132,-51,200133,-51,160134,-51,200135,-51,200136,-51,240137,-51,240138,-51,200139,-51,280140,-51,280141,-51,280142,-51,280143,-51,280144,-51,320145,-51,320146,-51,360147,-51,440148,-51,640149,-51,960150,-51,1320151,-51,1600152,-51,960153,-51,360154,-51,120155,-51,-120156,-51,-360157,-51,-560158,-51,-840159,-51,-1200160,-51,-1720161,-51,-2240162,-51,-2520163,-51,-2640164,-51,-3120165,-51,-3400166,-51,-3440167,-51,-3480168,-51,-3480169,-51,-3480170,-51,-3480171,-51,-3480172,-51,-3480173,-51,-3480174,-51,-3480175,-51,-3480176,-51,-3480177,-51,-3480178,-51,-3480179,-51,-3480-180,-52,-3480-179,-52,-3480-178,-52,-3480-177,-52,-3480-176,-52,-3480-175,-52,-3480-174,-52,-3480-173,-52,-3480-172,-52,-3480-171,-52,-3480-170,-52,-3480-169,-52,-3480-168,-52,-3480-167,-52,-3480-166,-52,-3480-165,-52,-3480-164,-52,-3480-163,-52,-3480-162,-52,-3480-161,-52,-3480-160,-52,-3480-159,-52,-3480-158,-52,-3480-157,-52,-3480-156,-52,-3480-155,-52,-3480-154,-52,-3480-153,-52,-3480-152,-52,-3480-151,-52,-3480-150,-52,-3480-149,-52,-3480-148,-52,-3480-147,-52,-3480-146,-52,-3480-145,-52,-3480-144,-52,-3480-143,-52,-3480-142,-52,-3480-141,-52,-3480-140,-52,-3480-139,-52,-3480-138,-52,-3480-137,-52,-3480-136,-52,-3480-135,-52,-3480-134,-52,-3480-133,-52,-3480-132,-52,-3480-131,-52,-3480-130,-52,-3480-129,-52,-3480-128,-52,-3480-127,-52,-3480-126,-52,-3480-125,-52,-3480-124,-52,-3480-123,-52,-3480-122,-52,-3480-121,-52,-3480-120,-52,-3480-119,-52,-3480-118,-52,-3480-117,-52,-3480-116,-52,-3480-115,-52,-3480-114,-52,-3480-113,-52,-3480-112,-52,-3480-111,-52,-3480-110,-52,-3480-109,-52,-3480-108,-52,-3480-107,-52,-3480-106,-52,-3480-105,-52,-3480-104,-52,-3480-103,-52,-3480-102,-52,-3480-101,-52,-3480-100,-52,-3480-99,-52,-3480-98,-52,-3480-97,-52,-3480-96,-52,-3480-95,-52,-3480-94,-52,-3480-93,-52,-3480-92,-52,-3480-91,-52,-3480-90,-52,-3480-89,-52,-3480-88,-52,-3480-87,-52,-3480-86,-52,-3480-85,-52,-3480-84,-52,-3480-83,-52,-3480-82,-52,-3480-81,-52,-3480-80,-52,-3480-79,-52,-3480-78,-52,-3480-77,-52,-3400-76,-52,-3080-75,-52,-2560-74,-52,-1640-73,-52,-840-72,-52,-440-71,-52,-160-70,-52,80-69,-52,480-68,-52,1240-67,-52,1880-66,-52,2040-65,-52,1880-64,-52,1720-63,-52,1120-62,-52,560-61,-52,360-60,-52,240-59,-52,160-58,-52,120-57,-52,120-56,-52,80-55,-52,0-54,-52,-40-53,-52,-40-52,-52,-40-51,-52,-40-50,-52,80-49,-52,280-48,-52,240-47,-52,-160-46,-52,-240-45,-52,-240-44,-52,-160-43,-52,-120-42,-52,-80-41,-52,-80-40,-52,-80-39,-52,-120-38,-52,-80-37,-52,-160-36,-52,-160-35,-52,-120-34,-52,-80-33,-52,40-32,-52,360-31,-52,680-30,-52,1160-29,-52,1480-28,-52,1560-27,-52,1360-26,-52,1080-25,-52,1000-24,-52,880-23,-52,800-22,-52,640-21,-52,640-20,-52,600-19,-52,520-18,-52,440-17,-52,360-16,-52,320-15,-52,320-14,-52,320-13,-52,320-12,-52,320-11,-52,320-10,-52,320-9,-52,280-8,-52,200-7,-52,160-6,-52,160-5,-52,200-4,-52,200-3,-52,200-2,-52,160-1,-52,1600,-52,1601,-52,1602,-52,2403,-52,4004,-52,4405,-52,4006,-52,4407,-52,4008,-52,2809,-52,24010,-52,24011,-52,28012,-52,24013,-52,20014,-52,20015,-52,20016,-52,24017,-52,24018,-52,28019,-52,28020,-52,32021,-52,32022,-52,32023,-52,32024,-52,32025,-52,32026,-52,32027,-52,32028,-52,32029,-52,36030,-52,44031,-52,56032,-52,60033,-52,48034,-52,44035,-52,48036,-52,52037,-52,48038,-52,40039,-52,40040,-52,40041,-52,40042,-52,40043,-52,36044,-52,36045,-52,32046,-52,32047,-52,28048,-52,28049,-52,28050,-52,32051,-52,32052,-52,32053,-52,28054,-52,28055,-52,24056,-52,24057,-52,20058,-52,12059,-52,4060,-52,-4061,-52,-8062,-52,-16063,-52,-32064,-52,-72065,-52,-88066,-52,-152067,-52,-200068,-52,-204069,-52,-196070,-52,-196071,-52,-176072,-52,-156073,-52,-148074,-52,-148075,-52,-144076,-52,-144077,-52,-152078,-52,-176079,-52,-196080,-52,-204081,-52,-208082,-52,-204083,-52,-196084,-52,-228085,-52,-244086,-52,-256087,-52,-264088,-52,-272089,-52,-268090,-52,-272091,-52,-280092,-52,-284093,-52,-288094,-52,-284095,-52,-264096,-52,-236097,-52,-212098,-52,-208099,-52,-2000100,-52,-1920101,-52,-1880102,-52,-1920103,-52,-2040104,-52,-2080105,-52,-2000106,-52,-1920107,-52,-1880108,-52,-1440109,-52,-1280110,-52,-1320111,-52,-1120112,-52,-840113,-52,-680114,-52,-640115,-52,-520116,-52,-360117,-52,-200118,-52,0119,-52,280120,-52,560121,-52,1040122,-52,1440123,-52,1240124,-52,760125,-52,560126,-52,600127,-52,600128,-52,520129,-52,400130,-52,280131,-52,200132,-52,240133,-52,240134,-52,200135,-52,200136,-52,240137,-52,200138,-52,240139,-52,240140,-52,280141,-52,280142,-52,280143,-52,280144,-52,280145,-52,280146,-52,280147,-52,320148,-52,360149,-52,440150,-52,640151,-52,1000152,-52,1440153,-52,1440154,-52,920155,-52,360156,-52,40157,-52,-200158,-52,-360159,-52,-600160,-52,-800161,-52,-1240162,-52,-1840163,-52,-2080164,-52,-2400165,-52,-2760166,-52,-3320167,-52,-3400168,-52,-3440169,-52,-3440170,-52,-3480171,-52,-3480172,-52,-3480173,-52,-3480174,-52,-3480175,-52,-3480176,-52,-3480177,-52,-3480178,-52,-3480179,-52,-3480-180,-53,-3480-179,-53,-3480-178,-53,-3480-177,-53,-3480-176,-53,-3480-175,-53,-3480-174,-53,-3480-173,-53,-3480-172,-53,-3480-171,-53,-3480-170,-53,-3480-169,-53,-3480-168,-53,-3480-167,-53,-3480-166,-53,-3480-165,-53,-3480-164,-53,-3480-163,-53,-3480-162,-53,-3480-161,-53,-3480-160,-53,-3480-159,-53,-3480-158,-53,-3480-157,-53,-3480-156,-53,-3480-155,-53,-3480-154,-53,-3480-153,-53,-3480-152,-53,-3480-151,-53,-3480-150,-53,-3480-149,-53,-3480-148,-53,-3480-147,-53,-3480-146,-53,-3480-145,-53,-3480-144,-53,-3480-143,-53,-3480-142,-53,-3480-141,-53,-3480-140,-53,-3480-139,-53,-3480-138,-53,-3480-137,-53,-3480-136,-53,-3480-135,-53,-3480-134,-53,-3480-133,-53,-3480-132,-53,-3480-131,-53,-3480-130,-53,-3480-129,-53,-3480-128,-53,-3480-127,-53,-3480-126,-53,-3480-125,-53,-3480-124,-53,-3480-123,-53,-3480-122,-53,-3480-121,-53,-3480-120,-53,-3480-119,-53,-3480-118,-53,-3480-117,-53,-3480-116,-53,-3480-115,-53,-3480-114,-53,-3480-113,-53,-3480-112,-53,-3480-111,-53,-3480-110,-53,-3480-109,-53,-3480-108,-53,-3480-107,-53,-3480-106,-53,-3480-105,-53,-3480-104,-53,-3480-103,-53,-3480-102,-53,-3480-101,-53,-3480-100,-53,-3480-99,-53,-3480-98,-53,-3480-97,-53,-3480-96,-53,-3480-95,-53,-3480-94,-53,-3480-93,-53,-3480-92,-53,-3480-91,-53,-3480-90,-53,-3480-89,-53,-3480-88,-53,-3480-87,-53,-3480-86,-53,-3480-85,-53,-3480-84,-53,-3480-83,-53,-3480-82,-53,-3480-81,-53,-3480-80,-53,-3480-79,-53,-3480-78,-53,-3440-77,-53,-3080-76,-53,-2520-75,-53,-1560-74,-53,-880-73,-53,-440-72,-53,-240-71,-53,40-70,-53,360-69,-53,1120-68,-53,1720-67,-53,2080-66,-53,1920-65,-53,1800-64,-53,1360-63,-53,880-62,-53,480-61,-53,240-60,-53,200-59,-53,120-58,-53,120-57,-53,80-56,-53,0-55,-53,-40-54,-53,-40-53,-53,-40-52,-53,-40-51,-53,40-50,-53,240-49,-53,80-48,-53,-280-47,-53,-400-46,-53,-440-45,-53,-320-44,-53,-200-43,-53,-120-42,-53,-80-41,-53,-120-40,-53,-120-39,-53,-120-38,-53,-120-37,-53,-120-36,-53,-40-35,-53,80-34,-53,400-33,-53,880-32,-53,1400-31,-53,1680-30,-53,1640-29,-53,1360-28,-53,1080-27,-53,1000-26,-53,920-25,-53,800-24,-53,760-23,-53,720-22,-53,680-21,-53,680-20,-53,600-19,-53,520-18,-53,360-17,-53,360-16,-53,320-15,-53,320-14,-53,360-13,-53,320-12,-53,320-11,-53,320-10,-53,320-9,-53,280-8,-53,200-7,-53,200-6,-53,160-5,-53,160-4,-53,160-3,-53,160-2,-53,160-1,-53,1600,-53,1601,-53,2002,-53,1603,-53,3604,-53,4805,-53,4806,-53,4407,-53,4408,-53,3609,-53,32010,-53,32011,-53,28012,-53,28013,-53,32014,-53,28015,-53,28016,-53,28017,-53,32018,-53,32019,-53,32020,-53,32021,-53,32022,-53,32023,-53,36024,-53,36025,-53,36026,-53,36027,-53,32028,-53,40029,-53,44030,-53,56031,-53,60032,-53,48033,-53,44034,-53,40035,-53,52036,-53,48037,-53,40038,-53,36039,-53,32040,-53,36041,-53,36042,-53,32043,-53,32044,-53,28045,-53,24046,-53,24047,-53,20048,-53,24049,-53,24050,-53,24051,-53,24052,-53,24053,-53,24054,-53,32055,-53,28056,-53,24057,-53,20058,-53,16059,-53,8060,-53,12061,-53,12062,-53,063,-53,-16064,-53,-36065,-53,-40066,-53,-40067,-53,-76068,-53,-128069,-53,-184070,-53,-224071,-53,-212072,-53,-196073,-53,-172074,-53,-164075,-53,-160076,-53,-144077,-53,-160078,-53,-196079,-53,-232080,-53,-244081,-53,-256082,-53,-256083,-53,-248084,-53,-256085,-53,-264086,-53,-268087,-53,-272088,-53,-272089,-53,-264090,-53,-284091,-53,-288092,-53,-280093,-53,-280094,-53,-264095,-53,-244096,-53,-212097,-53,-156098,-53,-124099,-53,-1040100,-53,-920101,-53,-840102,-53,-840103,-53,-920104,-53,-880105,-53,-840106,-53,-680107,-53,-600108,-53,-640109,-53,-520110,-53,-480111,-53,-400112,-53,-400113,-53,-360114,-53,-400115,-53,-320116,-53,-240117,-53,-200118,-53,-80119,-53,-40120,-53,-40121,-53,160122,-53,400123,-53,480124,-53,440125,-53,520126,-53,600127,-53,720128,-53,640129,-53,520130,-53,440131,-53,360132,-53,320133,-53,320134,-53,240135,-53,240136,-53,240137,-53,200138,-53,200139,-53,200140,-53,240141,-53,240142,-53,280143,-53,280144,-53,280145,-53,280146,-53,280147,-53,280148,-53,280149,-53,320150,-53,360151,-53,480152,-53,760153,-53,1120154,-53,1400155,-53,1400156,-53,840157,-53,240158,-53,-40159,-53,-200160,-53,-400161,-53,-680162,-53,-1200163,-53,-1480164,-53,-1720165,-53,-2080166,-53,-2520167,-53,-3160168,-53,-3280169,-53,-3400170,-53,-3400171,-53,-3440172,-53,-3480173,-53,-3480174,-53,-3480175,-53,-3480176,-53,-3480177,-53,-3480178,-53,-3480179,-53,-3480-180,-54,-3480-179,-54,-3480-178,-54,-3480-177,-54,-3480-176,-54,-3480-175,-54,-3480-174,-54,-3480-173,-54,-3480-172,-54,-3480-171,-54,-3480-170,-54,-3480-169,-54,-3480-168,-54,-3480-167,-54,-3480-166,-54,-3480-165,-54,-3480-164,-54,-3480-163,-54,-3480-162,-54,-3480-161,-54,-3480-160,-54,-3480-159,-54,-3480-158,-54,-3480-157,-54,-3480-156,-54,-3480-155,-54,-3480-154,-54,-3480-153,-54,-3480-152,-54,-3480-151,-54,-3480-150,-54,-3480-149,-54,-3480-148,-54,-3480-147,-54,-3480-146,-54,-3480-145,-54,-3480-144,-54,-3480-143,-54,-3480-142,-54,-3480-141,-54,-3480-140,-54,-3480-139,-54,-3480-138,-54,-3480-137,-54,-3480-136,-54,-3480-135,-54,-3480-134,-54,-3480-133,-54,-3480-132,-54,-3480-131,-54,-3480-130,-54,-3480-129,-54,-3480-128,-54,-3480-127,-54,-3480-126,-54,-3480-125,-54,-3480-124,-54,-3480-123,-54,-3480-122,-54,-3480-121,-54,-3480-120,-54,-3480-119,-54,-3480-118,-54,-3480-117,-54,-3480-116,-54,-3480-115,-54,-3480-114,-54,-3480-113,-54,-3480-112,-54,-3480-111,-54,-3480-110,-54,-3480-109,-54,-3480-108,-54,-3480-107,-54,-3480-106,-54,-3480-105,-54,-3480-104,-54,-3480-103,-54,-3480-102,-54,-3480-101,-54,-3480-100,-54,-3480-99,-54,-3480-98,-54,-3480-97,-54,-3480-96,-54,-3480-95,-54,-3480-94,-54,-3480-93,-54,-3480-92,-54,-3480-91,-54,-3480-90,-54,-3480-89,-54,-3480-88,-54,-3480-87,-54,-3480-86,-54,-3480-85,-54,-3480-84,-54,-3480-83,-54,-3480-82,-54,-3480-81,-54,-3480-80,-54,-3480-79,-54,-3400-78,-54,-3080-77,-54,-2440-76,-54,-1320-75,-54,-880-74,-54,-520-73,-54,-280-72,-54,-40-71,-54,280-70,-54,960-69,-54,1640-68,-54,1960-67,-54,2160-66,-54,1800-65,-54,1480-64,-54,1040-63,-54,640-62,-54,360-61,-54,240-60,-54,120-59,-54,120-58,-54,80-57,-54,0-56,-54,-40-55,-54,0-54,-54,-40-53,-54,0-52,-54,80-51,-54,200-50,-54,120-49,-54,-200-48,-54,-520-47,-54,-520-46,-54,-520-45,-54,-400-44,-54,-200-43,-54,-120-42,-54,-120-41,-54,-120-40,-54,-120-39,-54,-120-38,-54,-80-37,-54,40-36,-54,280-35,-54,800-34,-54,1360-33,-54,1680-32,-54,1520-31,-54,1280-30,-54,1040-29,-54,1000-28,-54,880-27,-54,800-26,-54,720-25,-54,640-24,-54,600-23,-54,560-22,-54,600-21,-54,640-20,-54,520-19,-54,400-18,-54,360-17,-54,320-16,-54,360-15,-54,360-14,-54,320-13,-54,320-12,-54,320-11,-54,320-10,-54,320-9,-54,320-8,-54,240-7,-54,160-6,-54,160-5,-54,160-4,-54,160-3,-54,160-2,-54,160-1,-54,1600,-54,1601,-54,1602,-54,2403,-54,4804,-54,6005,-54,6006,-54,6007,-54,5608,-54,5209,-54,44010,-54,44011,-54,44012,-54,44013,-54,40014,-54,36015,-54,32016,-54,36017,-54,44018,-54,44019,-54,48020,-54,48021,-54,44022,-54,44023,-54,44024,-54,40025,-54,40026,-54,40027,-54,40028,-54,44029,-54,52030,-54,60031,-54,48032,-54,44033,-54,44034,-54,48035,-54,44036,-54,44037,-54,40038,-54,32039,-54,32040,-54,32041,-54,28042,-54,20043,-54,24044,-54,20045,-54,24046,-54,24047,-54,20048,-54,20049,-54,24050,-54,28051,-54,28052,-54,28053,-54,32054,-54,28055,-54,28056,-54,20057,-54,24058,-54,16059,-54,12060,-54,8061,-54,8062,-54,8063,-54,4064,-54,-4065,-54,-4066,-54,-16067,-54,-40068,-54,-56069,-54,-80070,-54,-104071,-54,-152072,-54,-196073,-54,-184074,-54,-172075,-54,-168076,-54,-168077,-54,-196078,-54,-228079,-54,-252080,-54,-264081,-54,-260082,-54,-252083,-54,-248084,-54,-244085,-54,-252086,-54,-256087,-54,-260088,-54,-260089,-54,-256090,-54,-244091,-54,-232092,-54,-204093,-54,-172094,-54,-144095,-54,-116096,-54,-92097,-54,-88098,-54,-80099,-54,-720100,-54,-720101,-54,-680102,-54,-600103,-54,-320104,-54,-200105,-54,-200106,-54,-80107,-54,0108,-54,-40109,-54,-80110,-54,-80111,-54,-120112,-54,-120113,-54,-160114,-54,-120115,-54,-160116,-54,-80117,-54,-80118,-54,-80119,-54,-80120,-54,-80121,-54,-80122,-54,-40123,-54,80124,-54,160125,-54,200126,-54,320127,-54,440128,-54,520129,-54,600130,-54,600131,-54,560132,-54,400133,-54,320134,-54,320135,-54,280136,-54,240137,-54,240138,-54,200139,-54,200140,-54,200141,-54,280142,-54,240143,-54,280144,-54,280145,-54,280146,-54,280147,-54,280148,-54,280149,-54,280150,-54,320151,-54,320152,-54,400153,-54,600154,-54,880155,-54,1200156,-54,1400157,-54,1280158,-54,680159,-54,160160,-54,-80161,-54,-280162,-54,-480163,-54,-920164,-54,-1280165,-54,-1600166,-54,-1760167,-54,-2080168,-54,-2680169,-54,-3080170,-54,-3280171,-54,-3360172,-54,-3400173,-54,-3440174,-54,-3480175,-54,-3480176,-54,-3480177,-54,-3480178,-54,-3480179,-54,-3480-180,-55,-3480-179,-55,-3480-178,-55,-3480-177,-55,-3480-176,-55,-3480-175,-55,-3480-174,-55,-3480-173,-55,-3480-172,-55,-3480-171,-55,-3480-170,-55,-3480-169,-55,-3480-168,-55,-3480-167,-55,-3480-166,-55,-3480-165,-55,-3480-164,-55,-3480-163,-55,-3480-162,-55,-3480-161,-55,-3480-160,-55,-3480-159,-55,-3480-158,-55,-3480-157,-55,-3480-156,-55,-3480-155,-55,-3480-154,-55,-3480-153,-55,-3480-152,-55,-3480-151,-55,-3480-150,-55,-3480-149,-55,-3480-148,-55,-3480-147,-55,-3480-146,-55,-3480-145,-55,-3480-144,-55,-3480-143,-55,-3480-142,-55,-3480-141,-55,-3480-140,-55,-3480-139,-55,-3480-138,-55,-3480-137,-55,-3480-136,-55,-3480-135,-55,-3480-134,-55,-3480-133,-55,-3480-132,-55,-3480-131,-55,-3480-130,-55,-3480-129,-55,-3480-128,-55,-3480-127,-55,-3480-126,-55,-3480-125,-55,-3480-124,-55,-3480-123,-55,-3480-122,-55,-3480-121,-55,-3480-120,-55,-3480-119,-55,-3480-118,-55,-3480-117,-55,-3480-116,-55,-3480-115,-55,-3480-114,-55,-3480-113,-55,-3480-112,-55,-3480-111,-55,-3480-110,-55,-3480-109,-55,-3480-108,-55,-3480-107,-55,-3480-106,-55,-3480-105,-55,-3480-104,-55,-3480-103,-55,-3480-102,-55,-3480-101,-55,-3480-100,-55,-3480-99,-55,-3480-98,-55,-3480-97,-55,-3480-96,-55,-3480-95,-55,-3480-94,-55,-3480-93,-55,-3480-92,-55,-3480-91,-55,-3480-90,-55,-3480-89,-55,-3480-88,-55,-3480-87,-55,-3480-86,-55,-3480-85,-55,-3480-84,-55,-3480-83,-55,-3480-82,-55,-3480-81,-55,-3480-80,-55,-3440-79,-55,-3160-78,-55,-2440-77,-55,-1160-76,-55,-800-75,-55,-560-74,-55,-320-73,-55,-80-72,-55,120-71,-55,760-70,-55,1520-69,-55,1840-68,-55,2040-67,-55,1880-66,-55,1520-65,-55,1200-64,-55,800-63,-55,480-62,-55,320-61,-55,200-60,-55,120-59,-55,80-58,-55,40-57,-55,0-56,-55,0-55,-55,40-54,-55,40-53,-55,80-52,-55,120-51,-55,160-50,-55,-120-49,-55,-440-48,-55,-600-47,-55,-600-46,-55,-520-45,-55,-360-44,-55,-240-43,-55,-160-42,-55,-120-41,-55,-120-40,-55,-80-39,-55,0-38,-55,80-37,-55,400-36,-55,1000-35,-55,1680-34,-55,1680-33,-55,1240-32,-55,1080-31,-55,1000-30,-55,920-29,-55,840-28,-55,720-27,-55,640-26,-55,560-25,-55,480-24,-55,440-23,-55,440-22,-55,440-21,-55,440-20,-55,400-19,-55,360-18,-55,360-17,-55,360-16,-55,320-15,-55,360-14,-55,360-13,-55,320-12,-55,320-11,-55,320-10,-55,320-9,-55,240-8,-55,200-7,-55,160-6,-55,200-5,-55,160-4,-55,160-3,-55,160-2,-55,160-1,-55,2000,-55,2001,-55,2402,-55,3203,-55,5604,-55,7605,-55,7206,-55,7207,-55,6408,-55,5609,-55,52010,-55,48011,-55,52012,-55,48013,-55,48014,-55,44015,-55,44016,-55,48017,-55,64018,-55,64019,-55,64020,-55,64021,-55,60022,-55,56023,-55,60024,-55,60025,-55,52026,-55,48027,-55,48028,-55,52029,-55,56030,-55,40031,-55,32032,-55,36033,-55,36034,-55,36035,-55,36036,-55,36037,-55,32038,-55,28039,-55,24040,-55,24041,-55,20042,-55,20043,-55,12044,-55,20045,-55,16046,-55,16047,-55,16048,-55,16049,-55,16050,-55,20051,-55,20052,-55,24053,-55,24054,-55,24055,-55,24056,-55,20057,-55,20058,-55,20059,-55,16060,-55,12061,-55,12062,-55,8063,-55,8064,-55,4065,-55,066,-55,-4067,-55,068,-55,-8069,-55,-24070,-55,-56071,-55,-68072,-55,-84073,-55,-100074,-55,-132075,-55,-156076,-55,-164077,-55,-200078,-55,-232079,-55,-244080,-55,-248081,-55,-236082,-55,-224083,-55,-208084,-55,-200085,-55,-188086,-55,-168087,-55,-152088,-55,-132089,-55,-104090,-55,-96091,-55,-92092,-55,-100093,-55,-88094,-55,-84095,-55,-72096,-55,-68097,-55,-52098,-55,-48099,-55,-360100,-55,-280101,-55,-240102,-55,0103,-55,200104,-55,280105,-55,360106,-55,400107,-55,360108,-55,280109,-55,200110,-55,160111,-55,40112,-55,0113,-55,-40114,-55,-40115,-55,-40116,-55,-40117,-55,0118,-55,0119,-55,-40120,-55,-80121,-55,-80122,-55,-80123,-55,-80124,-55,-40125,-55,40126,-55,120127,-55,320128,-55,520129,-55,600130,-55,680131,-55,640132,-55,600133,-55,440134,-55,320135,-55,320136,-55,280137,-55,240138,-55,280139,-55,240140,-55,240141,-55,240142,-55,240143,-55,280144,-55,240145,-55,240146,-55,280147,-55,280148,-55,280149,-55,280150,-55,280151,-55,280152,-55,320153,-55,360154,-55,520155,-55,760156,-55,1040157,-55,1360158,-55,1400159,-55,1120160,-55,560161,-55,80162,-55,-160163,-55,-360164,-55,-600165,-55,-1000166,-55,-1240167,-55,-1520168,-55,-1680169,-55,-2000170,-55,-2440171,-55,-2880172,-55,-3240173,-55,-3400174,-55,-3440175,-55,-3480176,-55,-3480177,-55,-3480178,-55,-3480179,-55,-3480-180,-56,-3480-179,-56,-3480-178,-56,-3480-177,-56,-3480-176,-56,-3480-175,-56,-3480-174,-56,-3480-173,-56,-3480-172,-56,-3480-171,-56,-3480-170,-56,-3480-169,-56,-3480-168,-56,-3480-167,-56,-3480-166,-56,-3480-165,-56,-3480-164,-56,-3480-163,-56,-3480-162,-56,-3480-161,-56,-3480-160,-56,-3480-159,-56,-3480-158,-56,-3480-157,-56,-3480-156,-56,-3480-155,-56,-3480-154,-56,-3480-153,-56,-3480-152,-56,-3480-151,-56,-3480-150,-56,-3480-149,-56,-3480-148,-56,-3480-147,-56,-3480-146,-56,-3480-145,-56,-3480-144,-56,-3480-143,-56,-3480-142,-56,-3480-141,-56,-3480-140,-56,-3480-139,-56,-3480-138,-56,-3480-137,-56,-3480-136,-56,-3480-135,-56,-3480-134,-56,-3480-133,-56,-3480-132,-56,-3480-131,-56,-3480-130,-56,-3480-129,-56,-3480-128,-56,-3480-127,-56,-3480-126,-56,-3480-125,-56,-3480-124,-56,-3480-123,-56,-3480-122,-56,-3480-121,-56,-3480-120,-56,-3480-119,-56,-3480-118,-56,-3480-117,-56,-3480-116,-56,-3480-115,-56,-3480-114,-56,-3480-113,-56,-3480-112,-56,-3480-111,-56,-3480-110,-56,-3480-109,-56,-3480-108,-56,-3480-107,-56,-3480-106,-56,-3480-105,-56,-3480-104,-56,-3480-103,-56,-3480-102,-56,-3480-101,-56,-3480-100,-56,-3480-99,-56,-3480-98,-56,-3480-97,-56,-3480-96,-56,-3480-95,-56,-3480-94,-56,-3480-93,-56,-3480-92,-56,-3480-91,-56,-3480-90,-56,-3480-89,-56,-3480-88,-56,-3480-87,-56,-3480-86,-56,-3480-85,-56,-3480-84,-56,-3480-83,-56,-3480-82,-56,-3480-81,-56,-3480-80,-56,-3280-79,-56,-2600-78,-56,-1200-77,-56,-760-76,-56,-560-75,-56,-400-74,-56,-160-73,-56,80-72,-56,520-71,-56,1360-70,-56,1800-69,-56,2080-68,-56,2000-67,-56,1560-66,-56,1280-65,-56,1000-64,-56,680-63,-56,360-62,-56,240-61,-56,160-60,-56,80-59,-56,40-58,-56,-40-57,-56,0-56,-56,40-55,-56,80-54,-56,120-53,-56,200-52,-56,200-51,-56,0-50,-56,-400-49,-56,-640-48,-56,-600-47,-56,-600-46,-56,-400-45,-56,-320-44,-56,-240-43,-56,-160-42,-56,-160-41,-56,-120-40,-56,80-39,-56,160-38,-56,520-37,-56,1200-36,-56,1640-35,-56,1400-34,-56,1040-33,-56,960-32,-56,1000-31,-56,920-30,-56,760-29,-56,640-28,-56,600-27,-56,480-26,-56,400-25,-56,320-24,-56,320-23,-56,360-22,-56,360-21,-56,360-20,-56,360-19,-56,320-18,-56,320-17,-56,360-16,-56,400-15,-56,360-14,-56,320-13,-56,320-12,-56,320-11,-56,320-10,-56,320-9,-56,320-8,-56,200-7,-56,160-6,-56,160-5,-56,200-4,-56,160-3,-56,200-2,-56,200-1,-56,2000,-56,2001,-56,2802,-56,4803,-56,7604,-56,10405,-56,9606,-56,9207,-56,8008,-56,6009,-56,52010,-56,52011,-56,56012,-56,56013,-56,52014,-56,48015,-56,52016,-56,68017,-56,80018,-56,84019,-56,84020,-56,76021,-56,72022,-56,72023,-56,72024,-56,60025,-56,52026,-56,48027,-56,52028,-56,48029,-56,44030,-56,40031,-56,40032,-56,36033,-56,36034,-56,36035,-56,24036,-56,24037,-56,24038,-56,20039,-56,16040,-56,12041,-56,12042,-56,12043,-56,12044,-56,12045,-56,12046,-56,12047,-56,16048,-56,12049,-56,16050,-56,16051,-56,16052,-56,20053,-56,20054,-56,20055,-56,20056,-56,20057,-56,20058,-56,20059,-56,16060,-56,16061,-56,12062,-56,12063,-56,8064,-56,8065,-56,8066,-56,4067,-56,068,-56,-4069,-56,-8070,-56,-4071,-56,-12072,-56,-16073,-56,-40074,-56,-60075,-56,-68076,-56,-92077,-56,-104078,-56,-112079,-56,-104080,-56,-88081,-56,-80082,-56,-72083,-56,-76084,-56,-80085,-56,-84086,-56,-100087,-56,-92088,-56,-92089,-56,-80090,-56,-68091,-56,-60092,-56,-52093,-56,-40094,-56,-36095,-56,-36096,-56,-32097,-56,-24098,-56,-12099,-56,0100,-56,120101,-56,200102,-56,400103,-56,680104,-56,920105,-56,1360106,-56,1440107,-56,1280108,-56,1000109,-56,600110,-56,400111,-56,280112,-56,200113,-56,160114,-56,120115,-56,0116,-56,0117,-56,0118,-56,0119,-56,0120,-56,0121,-56,0122,-56,40123,-56,0124,-56,-40125,-56,0126,-56,80127,-56,320128,-56,520129,-56,640130,-56,720131,-56,720132,-56,600133,-56,440134,-56,360135,-56,400136,-56,360137,-56,280138,-56,240139,-56,280140,-56,240141,-56,280142,-56,240143,-56,240144,-56,240145,-56,240146,-56,240147,-56,240148,-56,280149,-56,280150,-56,280151,-56,280152,-56,280153,-56,320154,-56,400155,-56,480156,-56,680157,-56,1000158,-56,1320159,-56,1360160,-56,1560161,-56,880162,-56,280163,-56,0164,-56,-160165,-56,-480166,-56,-720167,-56,-880168,-56,-1040169,-56,-1400170,-56,-1720171,-56,-1840172,-56,-2080173,-56,-2840174,-56,-3280175,-56,-3400176,-56,-3480177,-56,-3480178,-56,-3480179,-56,-3480-180,-57,-3480-179,-57,-3480-178,-57,-3480-177,-57,-3480-176,-57,-3480-175,-57,-3480-174,-57,-3480-173,-57,-3480-172,-57,-3480-171,-57,-3480-170,-57,-3480-169,-57,-3480-168,-57,-3480-167,-57,-3480-166,-57,-3480-165,-57,-3480-164,-57,-3480-163,-57,-3480-162,-57,-3480-161,-57,-3480-160,-57,-3480-159,-57,-3480-158,-57,-3480-157,-57,-3480-156,-57,-3480-155,-57,-3480-154,-57,-3480-153,-57,-3480-152,-57,-3480-151,-57,-3480-150,-57,-3480-149,-57,-3480-148,-57,-3480-147,-57,-3480-146,-57,-3480-145,-57,-3480-144,-57,-3480-143,-57,-3480-142,-57,-3480-141,-57,-3480-140,-57,-3480-139,-57,-3480-138,-57,-3480-137,-57,-3480-136,-57,-3480-135,-57,-3480-134,-57,-3480-133,-57,-3480-132,-57,-3480-131,-57,-3480-130,-57,-3480-129,-57,-3480-128,-57,-3480-127,-57,-3480-126,-57,-3480-125,-57,-3480-124,-57,-3480-123,-57,-3480-122,-57,-3480-121,-57,-3480-120,-57,-3480-119,-57,-3480-118,-57,-3480-117,-57,-3480-116,-57,-3480-115,-57,-3480-114,-57,-3480-113,-57,-3480-112,-57,-3480-111,-57,-3480-110,-57,-3480-109,-57,-3480-108,-57,-3480-107,-57,-3480-106,-57,-3480-105,-57,-3480-104,-57,-3480-103,-57,-3480-102,-57,-3480-101,-57,-3480-100,-57,-3480-99,-57,-3480-98,-57,-3480-97,-57,-3480-96,-57,-3480-95,-57,-3480-94,-57,-3480-93,-57,-3480-92,-57,-3480-91,-57,-3480-90,-57,-3480-89,-57,-3480-88,-57,-3480-87,-57,-3480-86,-57,-3480-85,-57,-3480-84,-57,-3480-83,-57,-3480-82,-57,-3440-81,-57,-3280-80,-57,-2880-79,-57,-1520-78,-57,-800-77,-57,-520-76,-57,-360-75,-57,-120-74,-57,80-73,-57,360-72,-57,1000-71,-57,1800-70,-57,1960-69,-57,2200-68,-57,1800-67,-57,1360-66,-57,1120-65,-57,720-64,-57,480-63,-57,320-62,-57,200-61,-57,160-60,-57,80-59,-57,0-58,-57,0-57,-57,80-56,-57,120-55,-57,240-54,-57,200-53,-57,160-52,-57,40-51,-57,-360-50,-57,-600-49,-57,-680-48,-57,-560-47,-57,-480-46,-57,-280-45,-57,-280-44,-57,-200-43,-57,-160-42,-57,-80-41,-57,40-40,-57,200-39,-57,520-38,-57,1280-37,-57,1640-36,-57,1320-35,-57,920-34,-57,800-33,-57,840-32,-57,800-31,-57,720-30,-57,600-29,-57,520-28,-57,360-27,-57,320-26,-57,320-25,-57,280-24,-57,280-23,-57,280-22,-57,320-21,-57,320-20,-57,360-19,-57,400-18,-57,400-17,-57,400-16,-57,400-15,-57,360-14,-57,320-13,-57,320-12,-57,320-11,-57,320-10,-57,320-9,-57,280-8,-57,240-7,-57,200-6,-57,160-5,-57,200-4,-57,200-3,-57,200-2,-57,200-1,-57,2000,-57,2401,-57,3602,-57,6003,-57,8804,-57,10805,-57,13206,-57,12807,-57,10408,-57,8009,-57,52010,-57,52011,-57,48012,-57,52013,-57,52014,-57,60015,-57,68016,-57,88017,-57,108018,-57,100019,-57,88020,-57,92021,-57,88022,-57,80023,-57,72024,-57,56025,-57,48026,-57,48027,-57,52028,-57,44029,-57,40030,-57,36031,-57,36032,-57,32033,-57,28034,-57,28035,-57,28036,-57,24037,-57,20038,-57,16039,-57,16040,-57,16041,-57,16042,-57,16043,-57,16044,-57,16045,-57,16046,-57,16047,-57,16048,-57,16049,-57,16050,-57,20051,-57,20052,-57,20053,-57,20054,-57,20055,-57,20056,-57,20057,-57,20058,-57,20059,-57,16060,-57,12061,-57,12062,-57,12063,-57,12064,-57,12065,-57,8066,-57,8067,-57,8068,-57,4069,-57,4070,-57,071,-57,072,-57,-4073,-57,-4074,-57,-4075,-57,-4076,-57,-4077,-57,-4078,-57,-8079,-57,-4080,-57,-8081,-57,-12082,-57,-20083,-57,-24084,-57,-36085,-57,-28086,-57,-28087,-57,-24088,-57,-16089,-57,-16090,-57,-16091,-57,-12092,-57,-16093,-57,-16094,-57,-16095,-57,-16096,-57,-4097,-57,-4098,-57,12099,-57,280100,-57,400101,-57,440102,-57,920103,-57,960104,-57,1200105,-57,1440106,-57,1680107,-57,1840108,-57,1680109,-57,1400110,-57,1120111,-57,760112,-57,480113,-57,360114,-57,240115,-57,160116,-57,160117,-57,80118,-57,40119,-57,40120,-57,-40121,-57,0122,-57,0123,-57,0124,-57,-40125,-57,-40126,-57,120127,-57,360128,-57,520129,-57,640130,-57,720131,-57,720132,-57,640133,-57,600134,-57,640135,-57,480136,-57,440137,-57,400138,-57,320139,-57,280140,-57,280141,-57,280142,-57,280143,-57,280144,-57,240145,-57,240146,-57,240147,-57,240148,-57,280149,-57,280150,-57,280151,-57,280152,-57,280153,-57,280154,-57,360155,-57,360156,-57,400157,-57,720158,-57,1120159,-57,1200160,-57,1320161,-57,1560162,-57,1360163,-57,680164,-57,240165,-57,0166,-57,-240167,-57,-440168,-57,-560169,-57,-760170,-57,-920171,-57,-1080172,-57,-1240173,-57,-1520174,-57,-2160175,-57,-2880176,-57,-3240177,-57,-3400178,-57,-3480179,-57,-3480-180,-58,-3480-179,-58,-3480-178,-58,-3480-177,-58,-3480-176,-58,-3480-175,-58,-3480-174,-58,-3480-173,-58,-3480-172,-58,-3480-171,-58,-3480-170,-58,-3480-169,-58,-3480-168,-58,-3480-167,-58,-3480-166,-58,-3480-165,-58,-3480-164,-58,-3480-163,-58,-3480-162,-58,-3480-161,-58,-3480-160,-58,-3480-159,-58,-3480-158,-58,-3480-157,-58,-3480-156,-58,-3480-155,-58,-3480-154,-58,-3480-153,-58,-3480-152,-58,-3480-151,-58,-3480-150,-58,-3480-149,-58,-3480-148,-58,-3480-147,-58,-3480-146,-58,-3480-145,-58,-3480-144,-58,-3480-143,-58,-3480-142,-58,-3480-141,-58,-3480-140,-58,-3480-139,-58,-3480-138,-58,-3480-137,-58,-3480-136,-58,-3480-135,-58,-3480-134,-58,-3480-133,-58,-3480-132,-58,-3480-131,-58,-3480-130,-58,-3480-129,-58,-3480-128,-58,-3480-127,-58,-3480-126,-58,-3480-125,-58,-3480-124,-58,-3480-123,-58,-3480-122,-58,-3480-121,-58,-3480-120,-58,-3480-119,-58,-3480-118,-58,-3480-117,-58,-3480-116,-58,-3480-115,-58,-3480-114,-58,-3480-113,-58,-3480-112,-58,-3480-111,-58,-3480-110,-58,-3480-109,-58,-3480-108,-58,-3480-107,-58,-3480-106,-58,-3480-105,-58,-3480-104,-58,-3480-103,-58,-3480-102,-58,-3480-101,-58,-3480-100,-58,-3480-99,-58,-3480-98,-58,-3480-97,-58,-3480-96,-58,-3480-95,-58,-3480-94,-58,-3480-93,-58,-3480-92,-58,-3480-91,-58,-3480-90,-58,-3480-89,-58,-3480-88,-58,-3480-87,-58,-3480-86,-58,-3480-85,-58,-3480-84,-58,-3480-83,-58,-3440-82,-58,-3120-81,-58,-2520-80,-58,-1520-79,-58,-1040-78,-58,-520-77,-58,-360-76,-58,-200-75,-58,80-74,-58,200-73,-58,760-72,-58,1560-71,-58,2200-70,-58,2120-69,-58,1920-68,-58,1560-67,-58,1120-66,-58,840-65,-58,560-64,-58,320-63,-58,240-62,-58,200-61,-58,80-60,-58,0-59,-58,40-58,-58,40-57,-58,160-56,-58,240-55,-58,240-54,-58,160-53,-58,0-52,-58,-320-51,-58,-600-50,-58,-680-49,-58,-600-48,-58,-480-47,-58,-360-46,-58,-280-45,-58,-200-44,-58,-160-43,-58,-120-42,-58,0-41,-58,160-40,-58,360-39,-58,920-38,-58,1520-37,-58,1360-36,-58,1000-35,-58,800-34,-58,720-33,-58,680-32,-58,560-31,-58,480-30,-58,400-29,-58,360-28,-58,280-27,-58,200-26,-58,240-25,-58,240-24,-58,240-23,-58,240-22,-58,280-21,-58,320-20,-58,360-19,-58,440-18,-58,440-17,-58,360-16,-58,320-15,-58,280-14,-58,280-13,-58,280-12,-58,320-11,-58,280-10,-58,280-9,-58,240-8,-58,240-7,-58,200-6,-58,200-5,-58,240-4,-58,240-3,-58,200-2,-58,240-1,-58,2000,-58,3201,-58,4802,-58,6803,-58,9604,-58,11605,-58,12406,-58,14407,-58,13608,-58,11609,-58,88010,-58,76011,-58,60012,-58,56013,-58,64014,-58,80015,-58,100016,-58,132017,-58,148018,-58,128019,-58,108020,-58,104021,-58,84022,-58,72023,-58,64024,-58,56025,-58,56026,-58,56027,-58,52028,-58,40029,-58,40030,-58,28031,-58,28032,-58,28033,-58,24034,-58,24035,-58,20036,-58,16037,-58,16038,-58,16039,-58,16040,-58,16041,-58,16042,-58,20043,-58,20044,-58,20045,-58,20046,-58,20047,-58,20048,-58,20049,-58,20050,-58,20051,-58,20052,-58,20053,-58,20054,-58,20055,-58,20056,-58,20057,-58,20058,-58,20059,-58,20060,-58,16061,-58,12062,-58,12063,-58,12064,-58,12065,-58,12066,-58,8067,-58,8068,-58,8069,-58,8070,-58,8071,-58,4072,-58,4073,-58,4074,-58,4075,-58,4076,-58,4077,-58,4078,-58,4079,-58,8080,-58,8081,-58,8082,-58,8083,-58,8084,-58,4085,-58,086,-58,087,-58,088,-58,089,-58,090,-58,091,-58,-4092,-58,093,-58,-4094,-58,-4095,-58,096,-58,8097,-58,12098,-58,16099,-58,320100,-58,440101,-58,480102,-58,640103,-58,680104,-58,1040105,-58,1160106,-58,1400107,-58,1640108,-58,1680109,-58,1560110,-58,1360111,-58,1120112,-58,1040113,-58,800114,-58,480115,-58,280116,-58,200117,-58,160118,-58,120119,-58,120120,-58,120121,-58,120122,-58,80123,-58,0124,-58,40125,-58,40126,-58,160127,-58,320128,-58,480129,-58,560130,-58,680131,-58,760132,-58,840133,-58,880134,-58,840135,-58,800136,-58,880137,-58,720138,-58,640139,-58,560140,-58,520141,-58,440142,-58,320143,-58,280144,-58,240145,-58,240146,-58,240147,-58,240148,-58,280149,-58,280150,-58,280151,-58,320152,-58,320153,-58,280154,-58,360155,-58,360156,-58,400157,-58,320158,-58,560159,-58,880160,-58,1040161,-58,1240162,-58,1520163,-58,1280164,-58,1080165,-58,600166,-58,200167,-58,0168,-58,-120169,-58,-320170,-58,-400171,-58,-520172,-58,-640173,-58,-720174,-58,-880175,-58,-1760176,-58,-2520177,-58,-3040178,-58,-3400179,-58,-3480-180,-59,-3480-179,-59,-3480-178,-59,-3480-177,-59,-3480-176,-59,-3480-175,-59,-3480-174,-59,-3480-173,-59,-3480-172,-59,-3480-171,-59,-3480-170,-59,-3480-169,-59,-3480-168,-59,-3480-167,-59,-3480-166,-59,-3480-165,-59,-3480-164,-59,-3480-163,-59,-3480-162,-59,-3480-161,-59,-3480-160,-59,-3480-159,-59,-3480-158,-59,-3480-157,-59,-3480-156,-59,-3480-155,-59,-3480-154,-59,-3480-153,-59,-3480-152,-59,-3480-151,-59,-3480-150,-59,-3480-149,-59,-3480-148,-59,-3480-147,-59,-3480-146,-59,-3480-145,-59,-3480-144,-59,-3480-143,-59,-3480-142,-59,-3480-141,-59,-3480-140,-59,-3480-139,-59,-3480-138,-59,-3480-137,-59,-3480-136,-59,-3480-135,-59,-3480-134,-59,-3480-133,-59,-3480-132,-59,-3480-131,-59,-3480-130,-59,-3480-129,-59,-3480-128,-59,-3480-127,-59,-3480-126,-59,-3480-125,-59,-3480-124,-59,-3480-123,-59,-3480-122,-59,-3480-121,-59,-3480-120,-59,-3480-119,-59,-3480-118,-59,-3480-117,-59,-3480-116,-59,-3480-115,-59,-3480-114,-59,-3480-113,-59,-3480-112,-59,-3480-111,-59,-3480-110,-59,-3480-109,-59,-3480-108,-59,-3480-107,-59,-3480-106,-59,-3480-105,-59,-3480-104,-59,-3480-103,-59,-3480-102,-59,-3480-101,-59,-3480-100,-59,-3480-99,-59,-3480-98,-59,-3480-97,-59,-3480-96,-59,-3480-95,-59,-3480-94,-59,-3480-93,-59,-3480-92,-59,-3480-91,-59,-3480-90,-59,-3480-89,-59,-3480-88,-59,-3480-87,-59,-3480-86,-59,-3480-85,-59,-3480-84,-59,-3400-83,-59,-3080-82,-59,-2520-81,-59,-1520-80,-59,-960-79,-59,-560-78,-59,-320-77,-59,-160-76,-59,40-75,-59,320-74,-59,520-73,-59,1320-72,-59,1960-71,-59,2160-70,-59,1880-69,-59,1560-68,-59,1320-67,-59,960-66,-59,560-65,-59,360-64,-59,240-63,-59,200-62,-59,160-61,-59,40-60,-59,0-59,-59,40-58,-59,120-57,-59,240-56,-59,280-55,-59,200-54,-59,40-53,-59,-200-52,-59,-520-51,-59,-720-50,-59,-640-49,-59,-520-48,-59,-360-47,-59,-280-46,-59,-200-45,-59,-160-44,-59,-120-43,-59,-40-42,-59,120-41,-59,280-40,-59,600-39,-59,1080-38,-59,1320-37,-59,1000-36,-59,800-35,-59,720-34,-59,560-33,-59,560-32,-59,440-31,-59,320-30,-59,320-29,-59,240-28,-59,200-27,-59,200-26,-59,200-25,-59,240-24,-59,240-23,-59,240-22,-59,240-21,-59,320-20,-59,360-19,-59,400-18,-59,320-17,-59,280-16,-59,240-15,-59,240-14,-59,240-13,-59,280-12,-59,280-11,-59,280-10,-59,240-9,-59,240-8,-59,240-7,-59,240-6,-59,240-5,-59,240-4,-59,200-3,-59,200-2,-59,200-1,-59,2400,-59,3601,-59,5202,-59,8403,-59,10404,-59,11605,-59,11206,-59,11607,-59,13608,-59,13609,-59,124010,-59,116011,-59,120012,-59,108013,-59,108014,-59,128015,-59,160016,-59,168017,-59,156018,-59,124019,-59,108020,-59,88021,-59,68022,-59,68023,-59,68024,-59,72025,-59,64026,-59,56027,-59,40028,-59,32029,-59,28030,-59,20031,-59,24032,-59,20033,-59,20034,-59,16035,-59,16036,-59,16037,-59,20038,-59,20039,-59,20040,-59,20041,-59,20042,-59,20043,-59,20044,-59,20045,-59,20046,-59,20047,-59,20048,-59,20049,-59,20050,-59,20051,-59,20052,-59,20053,-59,20054,-59,20055,-59,20056,-59,20057,-59,20058,-59,20059,-59,20060,-59,16061,-59,16062,-59,12063,-59,12064,-59,12065,-59,12066,-59,12067,-59,12068,-59,8069,-59,8070,-59,8071,-59,8072,-59,8073,-59,8074,-59,8075,-59,8076,-59,8077,-59,8078,-59,8079,-59,8080,-59,8081,-59,8082,-59,8083,-59,8084,-59,8085,-59,8086,-59,8087,-59,8088,-59,8089,-59,8090,-59,4091,-59,4092,-59,093,-59,094,-59,095,-59,4096,-59,8097,-59,12098,-59,20099,-59,240100,-59,320101,-59,440102,-59,480103,-59,520104,-59,680105,-59,720106,-59,920107,-59,1040108,-59,1080109,-59,1040110,-59,1000111,-59,880112,-59,800113,-59,760114,-59,640115,-59,440116,-59,320117,-59,240118,-59,160119,-59,160120,-59,160121,-59,120122,-59,120123,-59,120124,-59,120125,-59,120126,-59,240127,-59,320128,-59,400129,-59,480130,-59,600131,-59,640132,-59,760133,-59,800134,-59,720135,-59,600136,-59,680137,-59,800138,-59,800139,-59,760140,-59,680141,-59,720142,-59,680143,-59,640144,-59,520145,-59,480146,-59,400147,-59,320148,-59,280149,-59,280150,-59,280151,-59,320152,-59,280153,-59,280154,-59,320155,-59,360156,-59,400157,-59,320158,-59,360159,-59,520160,-59,720161,-59,920162,-59,1040163,-59,1040164,-59,1080165,-59,1200166,-59,960167,-59,600168,-59,280169,-59,80170,-59,-120171,-59,-200172,-59,-240173,-59,-360174,-59,-400175,-59,-600176,-59,-1600177,-59,-2280178,-59,-2880179,-59,-3080-180,-60,-3480-179,-60,-3480-178,-60,-3480-177,-60,-3480-176,-60,-3480-175,-60,-3480-174,-60,-3480-173,-60,-3480-172,-60,-3480-171,-60,-3480-170,-60,-3480-169,-60,-3480-168,-60,-3480-167,-60,-3480-166,-60,-3480-165,-60,-3480-164,-60,-3480-163,-60,-3480-162,-60,-3480-161,-60,-3480-160,-60,-3480-159,-60,-3480-158,-60,-3480-157,-60,-3480-156,-60,-3480-155,-60,-3480-154,-60,-3480-153,-60,-3480-152,-60,-3480-151,-60,-3480-150,-60,-3480-149,-60,-3480-148,-60,-3480-147,-60,-3480-146,-60,-3480-145,-60,-3480-144,-60,-3480-143,-60,-3480-142,-60,-3480-141,-60,-3480-140,-60,-3480-139,-60,-3480-138,-60,-3480-137,-60,-3480-136,-60,-3480-135,-60,-3480-134,-60,-3480-133,-60,-3480-132,-60,-3480-131,-60,-3480-130,-60,-3480-129,-60,-3480-128,-60,-3480-127,-60,-3480-126,-60,-3480-125,-60,-3480-124,-60,-3480-123,-60,-3480-122,-60,-3480-121,-60,-3480-120,-60,-3480-119,-60,-3480-118,-60,-3480-117,-60,-3480-116,-60,-3480-115,-60,-3480-114,-60,-3480-113,-60,-3480-112,-60,-3480-111,-60,-3480-110,-60,-3480-109,-60,-3480-108,-60,-3480-107,-60,-3480-106,-60,-3480-105,-60,-3480-104,-60,-3480-103,-60,-3480-102,-60,-3480-101,-60,-3480-100,-60,-3480-99,-60,-3480-98,-60,-3480-97,-60,-3480-96,-60,-3480-95,-60,-3480-94,-60,-3480-93,-60,-3480-92,-60,-3480-91,-60,-3480-90,-60,-3480-89,-60,-3480-88,-60,-3480-87,-60,-3480-86,-60,-3480-85,-60,-3440-84,-60,-3040-83,-60,-2440-82,-60,-1480-81,-60,-840-80,-60,-440-79,-60,-280-78,-60,-160-77,-60,0-76,-60,320-75,-60,600-74,-60,960-73,-60,1680-72,-60,2040-71,-60,1880-70,-60,1560-69,-60,1320-68,-60,1080-67,-60,720-66,-60,480-65,-60,280-64,-60,240-63,-60,160-62,-60,80-61,-60,0-60,-60,0-59,-60,80-58,-60,200-57,-60,280-56,-60,240-55,-60,120-54,-60,-120-53,-60,-440-52,-60,-640-51,-60,-680-50,-60,-640-49,-60,-440-48,-60,-280-47,-60,-240-46,-60,-160-45,-60,-160-44,-60,-40-43,-60,120-42,-60,240-41,-60,440-40,-60,600-39,-60,880-38,-60,1040-37,-60,800-36,-60,680-35,-60,560-34,-60,440-33,-60,360-32,-60,320-31,-60,240-30,-60,200-29,-60,200-28,-60,200-27,-60,200-26,-60,200-25,-60,200-24,-60,200-23,-60,200-22,-60,240-21,-60,280-20,-60,320-19,-60,320-18,-60,280-17,-60,240-16,-60,200-15,-60,240-14,-60,240-13,-60,240-12,-60,240-11,-60,240-10,-60,240-9,-60,240-8,-60,240-7,-60,240-6,-60,200-5,-60,240-4,-60,200-3,-60,200-2,-60,280-1,-60,2800,-60,4001,-60,6002,-60,9203,-60,10804,-60,11205,-60,10806,-60,10807,-60,11208,-60,13609,-60,140010,-60,148011,-60,152012,-60,152013,-60,156014,-60,160015,-60,168016,-60,156017,-60,124018,-60,92019,-60,84020,-60,72021,-60,64022,-60,72023,-60,72024,-60,64025,-60,60026,-60,40027,-60,32028,-60,24029,-60,20030,-60,20031,-60,24032,-60,16033,-60,16034,-60,20035,-60,20036,-60,20037,-60,20038,-60,20039,-60,20040,-60,20041,-60,20042,-60,24043,-60,20044,-60,24045,-60,24046,-60,24047,-60,24048,-60,24049,-60,24050,-60,24051,-60,24052,-60,24053,-60,20054,-60,20055,-60,16056,-60,20057,-60,20058,-60,20059,-60,20060,-60,20061,-60,16062,-60,16063,-60,12064,-60,12065,-60,12066,-60,12067,-60,12068,-60,12069,-60,12070,-60,12071,-60,12072,-60,8073,-60,8074,-60,8075,-60,8076,-60,8077,-60,8078,-60,8079,-60,8080,-60,8081,-60,8082,-60,8083,-60,8084,-60,8085,-60,8086,-60,8087,-60,8088,-60,8089,-60,8090,-60,8091,-60,4092,-60,4093,-60,8094,-60,8095,-60,8096,-60,12097,-60,12098,-60,16099,-60,200100,-60,280101,-60,320102,-60,360103,-60,440104,-60,520105,-60,560106,-60,640107,-60,680108,-60,720109,-60,760110,-60,840111,-60,880112,-60,840113,-60,720114,-60,680115,-60,560116,-60,400117,-60,320118,-60,280119,-60,280120,-60,280121,-60,200122,-60,160123,-60,160124,-60,160125,-60,240126,-60,280127,-60,400128,-60,520129,-60,440130,-60,520131,-60,600132,-60,600133,-60,560134,-60,480135,-60,440136,-60,440137,-60,400138,-60,400139,-60,400140,-60,520141,-60,520142,-60,560143,-60,560144,-60,520145,-60,480146,-60,480147,-60,400148,-60,320149,-60,280150,-60,280151,-60,280152,-60,280153,-60,280154,-60,320155,-60,440156,-60,480157,-60,480158,-60,440159,-60,480160,-60,520161,-60,520162,-60,640163,-60,640164,-60,760165,-60,960166,-60,1120167,-60,1120168,-60,760169,-60,440170,-60,200171,-60,80172,-60,0173,-60,-40174,-60,-120175,-60,-200176,-60,-600177,-60,-1360178,-60,-1680179,-60,-2160-180,-61,-3240-179,-61,-3480-178,-61,-3480-177,-61,-3480-176,-61,-3480-175,-61,-3480-174,-61,-3480-173,-61,-3480-172,-61,-3480-171,-61,-3480-170,-61,-3480-169,-61,-3480-168,-61,-3480-167,-61,-3480-166,-61,-3480-165,-61,-3480-164,-61,-3480-163,-61,-3480-162,-61,-3480-161,-61,-3480-160,-61,-3480-159,-61,-3480-158,-61,-3480-157,-61,-3480-156,-61,-3480-155,-61,-3480-154,-61,-3480-153,-61,-3480-152,-61,-3480-151,-61,-3480-150,-61,-3480-149,-61,-3480-148,-61,-3480-147,-61,-3480-146,-61,-3480-145,-61,-3480-144,-61,-3480-143,-61,-3480-142,-61,-3480-141,-61,-3480-140,-61,-3480-139,-61,-3480-138,-61,-3480-137,-61,-3480-136,-61,-3480-135,-61,-3480-134,-61,-3480-133,-61,-3480-132,-61,-3480-131,-61,-3480-130,-61,-3480-129,-61,-3480-128,-61,-3480-127,-61,-3480-126,-61,-3480-125,-61,-3480-124,-61,-3480-123,-61,-3480-122,-61,-3480-121,-61,-3480-120,-61,-3480-119,-61,-3480-118,-61,-3480-117,-61,-3480-116,-61,-3480-115,-61,-3480-114,-61,-3480-113,-61,-3480-112,-61,-3480-111,-61,-3480-110,-61,-3480-109,-61,-3480-108,-61,-3480-107,-61,-3480-106,-61,-3480-105,-61,-3480-104,-61,-3480-103,-61,-3480-102,-61,-3480-101,-61,-3480-100,-61,-3480-99,-61,-3480-98,-61,-3480-97,-61,-3480-96,-61,-3480-95,-61,-3480-94,-61,-3480-93,-61,-3480-92,-61,-3480-91,-61,-3480-90,-61,-3480-89,-61,-3480-88,-61,-3480-87,-61,-3480-86,-61,-3400-85,-61,-3040-84,-61,-2360-83,-61,-1360-82,-61,-760-81,-61,-400-80,-61,-280-79,-61,-160-78,-61,0-77,-61,200-76,-61,560-75,-61,840-74,-61,1400-73,-61,1760-72,-61,1920-71,-61,1680-70,-61,1360-69,-61,1240-68,-61,920-67,-61,520-66,-61,320-65,-61,200-64,-61,160-63,-61,160-62,-61,40-61,-61,-40-60,-61,40-59,-61,120-58,-61,240-57,-61,280-56,-61,160-55,-61,-40-54,-61,-360-53,-61,-560-52,-61,-720-51,-61,-680-50,-61,-520-49,-61,-400-48,-61,-280-47,-61,-200-46,-61,-160-45,-61,-80-44,-61,40-43,-61,240-42,-61,400-41,-61,480-40,-61,680-39,-61,760-38,-61,760-37,-61,680-36,-61,560-35,-61,480-34,-61,320-33,-61,280-32,-61,280-31,-61,240-30,-61,160-29,-61,160-28,-61,160-27,-61,200-26,-61,200-25,-61,240-24,-61,240-23,-61,200-22,-61,240-21,-61,240-20,-61,240-19,-61,280-18,-61,280-17,-61,200-16,-61,200-15,-61,200-14,-61,240-13,-61,240-12,-61,240-11,-61,240-10,-61,240-9,-61,240-8,-61,240-7,-61,240-6,-61,200-5,-61,200-4,-61,200-3,-61,200-2,-61,280-1,-61,3600,-61,4801,-61,7202,-61,10003,-61,11204,-61,11605,-61,10406,-61,9607,-61,9608,-61,10409,-61,132010,-61,152011,-61,164012,-61,164013,-61,148014,-61,144015,-61,132016,-61,112017,-61,88018,-61,76019,-61,68020,-61,64021,-61,72022,-61,68023,-61,64024,-61,52025,-61,44026,-61,32027,-61,20028,-61,20029,-61,20030,-61,20031,-61,20032,-61,24033,-61,20034,-61,20035,-61,20036,-61,20037,-61,20038,-61,24039,-61,24040,-61,24041,-61,24042,-61,24043,-61,24044,-61,24045,-61,24046,-61,24047,-61,24048,-61,24049,-61,24050,-61,24051,-61,24052,-61,24053,-61,24054,-61,24055,-61,20056,-61,20057,-61,20058,-61,20059,-61,20060,-61,20061,-61,20062,-61,16063,-61,16064,-61,16065,-61,12066,-61,12067,-61,12068,-61,12069,-61,12070,-61,12071,-61,12072,-61,12073,-61,12074,-61,12075,-61,12076,-61,12077,-61,8078,-61,8079,-61,8080,-61,8081,-61,8082,-61,8083,-61,8084,-61,8085,-61,8086,-61,8087,-61,8088,-61,8089,-61,12090,-61,12091,-61,12092,-61,12093,-61,16094,-61,12095,-61,12096,-61,16097,-61,16098,-61,20099,-61,160100,-61,200101,-61,240102,-61,280103,-61,280104,-61,400105,-61,400106,-61,440107,-61,480108,-61,560109,-61,640110,-61,680111,-61,720112,-61,800113,-61,800114,-61,720115,-61,680116,-61,560117,-61,480118,-61,440119,-61,440120,-61,360121,-61,280122,-61,240123,-61,240124,-61,280125,-61,320126,-61,400127,-61,480128,-61,560129,-61,520130,-61,520131,-61,480132,-61,480133,-61,440134,-61,400135,-61,360136,-61,320137,-61,440138,-61,440139,-61,360140,-61,320141,-61,280142,-61,280143,-61,280144,-61,280145,-61,280146,-61,280147,-61,320148,-61,280149,-61,280150,-61,280151,-61,280152,-61,280153,-61,280154,-61,280155,-61,400156,-61,560157,-61,640158,-61,680159,-61,600160,-61,640161,-61,560162,-61,440163,-61,480164,-61,600165,-61,640166,-61,840167,-61,920168,-61,800169,-61,560170,-61,400171,-61,280172,-61,200173,-61,80174,-61,40175,-61,0176,-61,-200177,-61,-640178,-61,-1200179,-61,-1560-180,-62,-2400-179,-62,-3440-178,-62,-3480-177,-62,-3480-176,-62,-3480-175,-62,-3480-174,-62,-3480-173,-62,-3480-172,-62,-3480-171,-62,-3480-170,-62,-3480-169,-62,-3480-168,-62,-3480-167,-62,-3480-166,-62,-3480-165,-62,-3480-164,-62,-3480-163,-62,-3480-162,-62,-3480-161,-62,-3480-160,-62,-3480-159,-62,-3480-158,-62,-3480-157,-62,-3480-156,-62,-3480-155,-62,-3480-154,-62,-3480-153,-62,-3480-152,-62,-3480-151,-62,-3480-150,-62,-3480-149,-62,-3480-148,-62,-3480-147,-62,-3480-146,-62,-3480-145,-62,-3480-144,-62,-3480-143,-62,-3480-142,-62,-3480-141,-62,-3480-140,-62,-3480-139,-62,-3480-138,-62,-3480-137,-62,-3480-136,-62,-3480-135,-62,-3480-134,-62,-3480-133,-62,-3480-132,-62,-3480-131,-62,-3480-130,-62,-3480-129,-62,-3480-128,-62,-3480-127,-62,-3480-126,-62,-3480-125,-62,-3480-124,-62,-3480-123,-62,-3480-122,-62,-3480-121,-62,-3480-120,-62,-3480-119,-62,-3480-118,-62,-3480-117,-62,-3480-116,-62,-3480-115,-62,-3480-114,-62,-3480-113,-62,-3480-112,-62,-3480-111,-62,-3480-110,-62,-3480-109,-62,-3480-108,-62,-3480-107,-62,-3480-106,-62,-3480-105,-62,-3480-104,-62,-3480-103,-62,-3480-102,-62,-3480-101,-62,-3480-100,-62,-3480-99,-62,-3480-98,-62,-3480-97,-62,-3480-96,-62,-3480-95,-62,-3480-94,-62,-3480-93,-62,-3480-92,-62,-3480-91,-62,-3480-90,-62,-3480-89,-62,-3480-88,-62,-3480-87,-62,-3440-86,-62,-3040-85,-62,-1840-84,-62,-920-83,-62,-640-82,-62,-320-81,-62,-240-80,-62,-160-79,-62,-40-78,-62,120-77,-62,400-76,-62,840-75,-62,1280-74,-62,1720-73,-62,1960-72,-62,1800-71,-62,1440-70,-62,1320-69,-62,1040-68,-62,560-67,-62,360-66,-62,200-65,-62,160-64,-62,160-63,-62,80-62,-62,0-61,-62,-40-60,-62,80-59,-62,160-58,-62,240-57,-62,200-56,-62,0-55,-62,-200-54,-62,-440-53,-62,-600-52,-62,-720-51,-62,-640-50,-62,-440-49,-62,-280-48,-62,-240-47,-62,-160-46,-62,-160-45,-62,-40-44,-62,200-43,-62,320-42,-62,400-41,-62,520-40,-62,600-39,-62,640-38,-62,600-37,-62,560-36,-62,440-35,-62,320-34,-62,280-33,-62,240-32,-62,200-31,-62,160-30,-62,160-29,-62,200-28,-62,160-27,-62,160-26,-62,200-25,-62,240-24,-62,240-23,-62,240-22,-62,240-21,-62,240-20,-62,240-19,-62,240-18,-62,240-17,-62,240-16,-62,240-15,-62,240-14,-62,240-13,-62,240-12,-62,240-11,-62,240-10,-62,240-9,-62,240-8,-62,240-7,-62,240-6,-62,200-5,-62,200-4,-62,200-3,-62,200-2,-62,280-1,-62,4000,-62,6401,-62,9202,-62,10803,-62,11604,-62,11205,-62,9206,-62,8407,-62,8408,-62,8409,-62,92010,-62,116011,-62,132012,-62,136013,-62,124014,-62,108015,-62,96016,-62,80017,-62,72018,-62,64019,-62,68020,-62,68021,-62,64022,-62,56023,-62,44024,-62,32025,-62,28026,-62,24027,-62,20028,-62,20029,-62,20030,-62,20031,-62,20032,-62,20033,-62,20034,-62,20035,-62,20036,-62,16037,-62,20038,-62,20039,-62,20040,-62,20041,-62,20042,-62,20043,-62,20044,-62,20045,-62,20046,-62,20047,-62,20048,-62,20049,-62,20050,-62,24051,-62,24052,-62,24053,-62,20054,-62,20055,-62,20056,-62,20057,-62,20058,-62,20059,-62,20060,-62,20061,-62,20062,-62,20063,-62,16064,-62,16065,-62,12066,-62,12067,-62,12068,-62,12069,-62,12070,-62,12071,-62,12072,-62,12073,-62,12074,-62,12075,-62,12076,-62,12077,-62,12078,-62,12079,-62,12080,-62,12081,-62,8082,-62,8083,-62,8084,-62,8085,-62,8086,-62,8087,-62,8088,-62,8089,-62,12090,-62,12091,-62,16092,-62,16093,-62,16094,-62,20095,-62,20096,-62,20097,-62,12098,-62,16099,-62,200100,-62,200101,-62,200102,-62,240103,-62,240104,-62,240105,-62,280106,-62,320107,-62,360108,-62,440109,-62,480110,-62,600111,-62,680112,-62,720113,-62,760114,-62,720115,-62,720116,-62,680117,-62,640118,-62,560119,-62,560120,-62,480121,-62,400122,-62,360123,-62,320124,-62,360125,-62,360126,-62,400127,-62,480128,-62,440129,-62,480130,-62,440131,-62,440132,-62,400133,-62,320134,-62,280135,-62,280136,-62,280137,-62,400138,-62,440139,-62,400140,-62,400141,-62,360142,-62,320143,-62,320144,-62,320145,-62,320146,-62,320147,-62,320148,-62,320149,-62,320150,-62,320151,-62,360152,-62,360153,-62,360154,-62,400155,-62,400156,-62,640157,-62,720158,-62,800159,-62,800160,-62,800161,-62,680162,-62,760163,-62,640164,-62,600165,-62,680166,-62,720167,-62,720168,-62,760169,-62,640170,-62,520171,-62,360172,-62,320173,-62,240174,-62,80175,-62,40176,-62,-120177,-62,-360178,-62,-960179,-62,-1160-180,-63,-2040-179,-63,-3280-178,-63,-3480-177,-63,-3480-176,-63,-3480-175,-63,-3480-174,-63,-3480-173,-63,-3480-172,-63,-3480-171,-63,-3480-170,-63,-3480-169,-63,-3480-168,-63,-3480-167,-63,-3480-166,-63,-3480-165,-63,-3480-164,-63,-3480-163,-63,-3480-162,-63,-3480-161,-63,-3480-160,-63,-3480-159,-63,-3480-158,-63,-3480-157,-63,-3480-156,-63,-3480-155,-63,-3480-154,-63,-3480-153,-63,-3480-152,-63,-3480-151,-63,-3480-150,-63,-3480-149,-63,-3480-148,-63,-3480-147,-63,-3480-146,-63,-3480-145,-63,-3480-144,-63,-3480-143,-63,-3480-142,-63,-3480-141,-63,-3480-140,-63,-3480-139,-63,-3480-138,-63,-3480-137,-63,-3480-136,-63,-3480-135,-63,-3480-134,-63,-3480-133,-63,-3480-132,-63,-3480-131,-63,-3480-130,-63,-3480-129,-63,-3480-128,-63,-3480-127,-63,-3480-126,-63,-3480-125,-63,-3480-124,-63,-3480-123,-63,-3480-122,-63,-3480-121,-63,-3480-120,-63,-3480-119,-63,-3480-118,-63,-3480-117,-63,-3480-116,-63,-3480-115,-63,-3480-114,-63,-3480-113,-63,-3480-112,-63,-3480-111,-63,-3480-110,-63,-3480-109,-63,-3480-108,-63,-3480-107,-63,-3480-106,-63,-3480-105,-63,-3480-104,-63,-3480-103,-63,-3480-102,-63,-3480-101,-63,-3480-100,-63,-3480-99,-63,-3480-98,-63,-3480-97,-63,-3480-96,-63,-3480-95,-63,-3480-94,-63,-3480-93,-63,-3480-92,-63,-3480-91,-63,-3480-90,-63,-3480-89,-63,-3480-88,-63,-3400-87,-63,-3120-86,-63,-1720-85,-63,-1000-84,-63,-440-83,-63,-280-82,-63,-240-81,-63,-160-80,-63,0-79,-63,160-78,-63,400-77,-63,800-76,-63,1120-75,-63,1720-74,-63,1960-73,-63,1800-72,-63,1520-71,-63,1320-70,-63,1200-69,-63,760-68,-63,440-67,-63,200-66,-63,160-65,-63,160-64,-63,120-63,-63,40-62,-63,-40-61,-63,0-60,-63,120-59,-63,200-58,-63,160-57,-63,40-56,-63,-80-55,-63,-320-54,-63,-560-53,-63,-720-52,-63,-720-51,-63,-560-50,-63,-400-49,-63,-280-48,-63,-200-47,-63,-160-46,-63,-160-45,-63,0-44,-63,240-43,-63,360-42,-63,520-41,-63,600-40,-63,520-39,-63,560-38,-63,520-37,-63,440-36,-63,320-35,-63,280-34,-63,200-33,-63,200-32,-63,160-31,-63,160-30,-63,160-29,-63,160-28,-63,160-27,-63,160-26,-63,160-25,-63,240-24,-63,200-23,-63,240-22,-63,240-21,-63,240-20,-63,240-19,-63,240-18,-63,240-17,-63,240-16,-63,240-15,-63,240-14,-63,240-13,-63,240-12,-63,240-11,-63,240-10,-63,240-9,-63,240-8,-63,240-7,-63,240-6,-63,240-5,-63,200-4,-63,200-3,-63,240-2,-63,320-1,-63,6000,-63,8001,-63,10802,-63,12403,-63,12804,-63,12005,-63,10006,-63,8007,-63,6408,-63,6009,-63,64010,-63,80011,-63,88012,-63,92013,-63,88014,-63,84015,-63,72016,-63,64017,-63,60018,-63,68019,-63,60020,-63,52021,-63,48022,-63,40023,-63,32024,-63,24025,-63,24026,-63,24027,-63,24028,-63,24029,-63,20030,-63,20031,-63,20032,-63,20033,-63,24034,-63,20035,-63,24036,-63,24037,-63,24038,-63,24039,-63,24040,-63,24041,-63,28042,-63,28043,-63,28044,-63,24045,-63,24046,-63,24047,-63,24048,-63,28049,-63,28050,-63,28051,-63,28052,-63,28053,-63,28054,-63,24055,-63,20056,-63,16057,-63,16058,-63,20059,-63,20060,-63,20061,-63,20062,-63,20063,-63,20064,-63,20065,-63,16066,-63,12067,-63,16068,-63,12069,-63,16070,-63,12071,-63,12072,-63,12073,-63,12074,-63,12075,-63,12076,-63,12077,-63,12078,-63,12079,-63,12080,-63,12081,-63,12082,-63,12083,-63,12084,-63,12085,-63,12086,-63,12087,-63,12088,-63,16089,-63,16090,-63,20091,-63,24092,-63,24093,-63,24094,-63,20095,-63,24096,-63,20097,-63,12098,-63,16099,-63,120100,-63,200101,-63,200102,-63,200103,-63,240104,-63,240105,-63,240106,-63,240107,-63,280108,-63,360109,-63,400110,-63,440111,-63,560112,-63,600113,-63,640114,-63,680115,-63,720116,-63,720117,-63,680118,-63,640119,-63,600120,-63,560121,-63,480122,-63,440123,-63,400124,-63,400125,-63,400126,-63,320127,-63,360128,-63,360129,-63,400130,-63,400131,-63,360132,-63,280133,-63,280134,-63,240135,-63,240136,-63,280137,-63,360138,-63,400139,-63,400140,-63,400141,-63,400142,-63,440143,-63,440144,-63,440145,-63,320146,-63,360147,-63,320148,-63,400149,-63,480150,-63,520151,-63,560152,-63,640153,-63,680154,-63,720155,-63,800156,-63,1000157,-63,1160158,-63,1280159,-63,1240160,-63,1240161,-63,1200162,-63,1080163,-63,1120164,-63,960165,-63,800166,-63,760167,-63,840168,-63,840169,-63,800170,-63,600171,-63,360172,-63,200173,-63,280174,-63,200175,-63,40176,-63,-80177,-63,-360178,-63,-920179,-63,-1040-180,-64,-2040-179,-64,-3040-178,-64,-3480-177,-64,-3480-176,-64,-3480-175,-64,-3480-174,-64,-3480-173,-64,-3480-172,-64,-3480-171,-64,-3480-170,-64,-3480-169,-64,-3480-168,-64,-3480-167,-64,-3480-166,-64,-3480-165,-64,-3480-164,-64,-3480-163,-64,-3480-162,-64,-3480-161,-64,-3480-160,-64,-3480-159,-64,-3480-158,-64,-3480-157,-64,-3480-156,-64,-3480-155,-64,-3480-154,-64,-3480-153,-64,-3480-152,-64,-3480-151,-64,-3480-150,-64,-3480-149,-64,-3480-148,-64,-3480-147,-64,-3480-146,-64,-3480-145,-64,-3480-144,-64,-3480-143,-64,-3480-142,-64,-3480-141,-64,-3480-140,-64,-3480-139,-64,-3480-138,-64,-3480-137,-64,-3480-136,-64,-3480-135,-64,-3480-134,-64,-3480-133,-64,-3480-132,-64,-3480-131,-64,-3480-130,-64,-3480-129,-64,-3480-128,-64,-3480-127,-64,-3480-126,-64,-3480-125,-64,-3480-124,-64,-3480-123,-64,-3480-122,-64,-3480-121,-64,-3480-120,-64,-3480-119,-64,-3480-118,-64,-3480-117,-64,-3480-116,-64,-3480-115,-64,-3480-114,-64,-3480-113,-64,-3480-112,-64,-3480-111,-64,-3480-110,-64,-3480-109,-64,-3480-108,-64,-3480-107,-64,-3480-106,-64,-3480-105,-64,-3480-104,-64,-3480-103,-64,-3480-102,-64,-3480-101,-64,-3480-100,-64,-3480-99,-64,-3480-98,-64,-3480-97,-64,-3480-96,-64,-3480-95,-64,-3480-94,-64,-3480-93,-64,-3480-92,-64,-3480-91,-64,-3480-90,-64,-3480-89,-64,-3440-88,-64,-3040-87,-64,-1720-86,-64,-1120-85,-64,-600-84,-64,-280-83,-64,-200-82,-64,-120-81,-64,-40-80,-64,200-79,-64,400-78,-64,720-77,-64,1160-76,-64,1680-75,-64,1920-74,-64,1880-73,-64,1800-72,-64,1440-71,-64,1160-70,-64,800-69,-64,480-68,-64,280-67,-64,200-66,-64,160-65,-64,160-64,-64,40-63,-64,-80-62,-64,0-61,-64,40-60,-64,120-59,-64,160-58,-64,80-57,-64,-80-56,-64,-240-55,-64,-440-54,-64,-640-53,-64,-720-52,-64,-640-51,-64,-480-50,-64,-320-49,-64,-200-48,-64,-160-47,-64,-160-46,-64,-120-45,-64,80-44,-64,360-43,-64,360-42,-64,520-41,-64,520-40,-64,520-39,-64,480-38,-64,400-37,-64,320-36,-64,280-35,-64,240-34,-64,200-33,-64,160-32,-64,160-31,-64,160-30,-64,160-29,-64,160-28,-64,160-27,-64,160-26,-64,200-25,-64,200-24,-64,200-23,-64,200-22,-64,240-21,-64,240-20,-64,240-19,-64,240-18,-64,240-17,-64,240-16,-64,240-15,-64,240-14,-64,240-13,-64,240-12,-64,240-11,-64,240-10,-64,240-9,-64,240-8,-64,240-7,-64,240-6,-64,200-5,-64,200-4,-64,200-3,-64,360-2,-64,640-1,-64,8800,-64,10801,-64,13202,-64,14403,-64,14404,-64,13205,-64,10806,-64,8407,-64,6808,-64,5209,-64,48010,-64,60011,-64,56012,-64,60013,-64,56014,-64,56015,-64,56016,-64,52017,-64,52018,-64,52019,-64,48020,-64,44021,-64,36022,-64,32023,-64,28024,-64,24025,-64,24026,-64,24027,-64,24028,-64,24029,-64,24030,-64,24031,-64,24032,-64,24033,-64,28034,-64,28035,-64,28036,-64,28037,-64,24038,-64,24039,-64,28040,-64,28041,-64,32042,-64,28043,-64,28044,-64,24045,-64,32046,-64,32047,-64,32048,-64,32049,-64,32050,-64,36051,-64,28052,-64,28053,-64,28054,-64,28055,-64,24056,-64,20057,-64,24058,-64,20059,-64,20060,-64,20061,-64,20062,-64,24063,-64,20064,-64,20065,-64,20066,-64,20067,-64,16068,-64,16069,-64,12070,-64,12071,-64,12072,-64,12073,-64,12074,-64,12075,-64,12076,-64,12077,-64,12078,-64,12079,-64,12080,-64,12081,-64,12082,-64,12083,-64,12084,-64,12085,-64,12086,-64,12087,-64,20088,-64,20089,-64,24090,-64,28091,-64,20092,-64,24093,-64,24094,-64,24095,-64,20096,-64,20097,-64,20098,-64,16099,-64,120100,-64,160101,-64,160102,-64,200103,-64,200104,-64,200105,-64,240106,-64,240107,-64,200108,-64,240109,-64,280110,-64,320111,-64,400112,-64,480113,-64,520114,-64,560115,-64,600116,-64,680117,-64,600118,-64,600119,-64,560120,-64,560121,-64,480122,-64,440123,-64,480124,-64,400125,-64,320126,-64,280127,-64,240128,-64,280129,-64,280130,-64,280131,-64,280132,-64,240133,-64,200134,-64,200135,-64,200136,-64,240137,-64,280138,-64,320139,-64,360140,-64,400141,-64,440142,-64,480143,-64,480144,-64,360145,-64,320146,-64,360147,-64,400148,-64,520149,-64,640150,-64,720151,-64,920152,-64,1000153,-64,1040154,-64,1200155,-64,1320156,-64,1520157,-64,1600158,-64,1800159,-64,1760160,-64,1840161,-64,1720162,-64,1720163,-64,1480164,-64,1240165,-64,1000166,-64,920167,-64,840168,-64,920169,-64,880170,-64,600171,-64,360172,-64,200173,-64,280174,-64,200175,-64,40176,-64,-80177,-64,-440178,-64,-880179,-64,-960-180,-65,-2120-179,-65,-3040-178,-65,-3480-177,-65,-3480-176,-65,-3480-175,-65,-3480-174,-65,-3480-173,-65,-3480-172,-65,-3480-171,-65,-3480-170,-65,-3480-169,-65,-3480-168,-65,-3480-167,-65,-3480-166,-65,-3480-165,-65,-3480-164,-65,-3480-163,-65,-3480-162,-65,-3480-161,-65,-3480-160,-65,-3480-159,-65,-3480-158,-65,-3480-157,-65,-3480-156,-65,-3480-155,-65,-3480-154,-65,-3480-153,-65,-3480-152,-65,-3480-151,-65,-3480-150,-65,-3480-149,-65,-3480-148,-65,-3480-147,-65,-3480-146,-65,-3480-145,-65,-3480-144,-65,-3480-143,-65,-3480-142,-65,-3480-141,-65,-3480-140,-65,-3480-139,-65,-3480-138,-65,-3480-137,-65,-3480-136,-65,-3480-135,-65,-3480-134,-65,-3480-133,-65,-3480-132,-65,-3480-131,-65,-3480-130,-65,-3480-129,-65,-3480-128,-65,-3480-127,-65,-3480-126,-65,-3480-125,-65,-3480-124,-65,-3480-123,-65,-3480-122,-65,-3480-121,-65,-3480-120,-65,-3480-119,-65,-3480-118,-65,-3480-117,-65,-3480-116,-65,-3480-115,-65,-3480-114,-65,-3480-113,-65,-3480-112,-65,-3480-111,-65,-3480-110,-65,-3480-109,-65,-3480-108,-65,-3480-107,-65,-3480-106,-65,-3480-105,-65,-3480-104,-65,-3480-103,-65,-3480-102,-65,-3480-101,-65,-3480-100,-65,-3480-99,-65,-3480-98,-65,-3480-97,-65,-3480-96,-65,-3480-95,-65,-3480-94,-65,-3480-93,-65,-3480-92,-65,-3480-91,-65,-3480-90,-65,-3400-89,-65,-2440-88,-65,-1720-87,-65,-960-86,-65,-480-85,-65,-280-84,-65,-200-83,-65,-160-82,-65,-40-81,-65,240-80,-65,440-79,-65,680-78,-65,1040-77,-65,1680-76,-65,1920-75,-65,1800-74,-65,1880-73,-65,1680-72,-65,1280-71,-65,880-70,-65,480-69,-65,280-68,-65,200-67,-65,160-66,-65,160-65,-65,80-64,-65,-40-63,-65,-40-62,-65,0-61,-65,40-60,-65,80-59,-65,40-58,-65,-40-57,-65,-120-56,-65,-280-55,-65,-560-54,-65,-680-53,-65,-640-52,-65,-520-51,-65,-400-50,-65,-280-49,-65,-200-48,-65,-160-47,-65,-160-46,-65,-40-45,-65,200-44,-65,360-43,-65,400-42,-65,480-41,-65,520-40,-65,480-39,-65,400-38,-65,320-37,-65,280-36,-65,240-35,-65,200-34,-65,200-33,-65,160-32,-65,160-31,-65,160-30,-65,160-29,-65,160-28,-65,160-27,-65,200-26,-65,200-25,-65,200-24,-65,200-23,-65,240-22,-65,200-21,-65,200-20,-65,240-19,-65,240-18,-65,200-17,-65,240-16,-65,240-15,-65,240-14,-65,240-13,-65,240-12,-65,240-11,-65,240-10,-65,240-9,-65,240-8,-65,240-7,-65,240-6,-65,200-5,-65,240-4,-65,280-3,-65,560-2,-65,1000-1,-65,13200,-65,13601,-65,13602,-65,13603,-65,12004,-65,10405,-65,8006,-65,6407,-65,5208,-65,4809,-65,44010,-65,48011,-65,44012,-65,48013,-65,48014,-65,56015,-65,44016,-65,44017,-65,40018,-65,40019,-65,36020,-65,36021,-65,28022,-65,24023,-65,28024,-65,24025,-65,28026,-65,28027,-65,24028,-65,28029,-65,32030,-65,32031,-65,36032,-65,32033,-65,36034,-65,36035,-65,36036,-65,36037,-65,36038,-65,36039,-65,36040,-65,36041,-65,40042,-65,36043,-65,36044,-65,36045,-65,36046,-65,36047,-65,36048,-65,40049,-65,44050,-65,40051,-65,40052,-65,48053,-65,36054,-65,40055,-65,40056,-65,36057,-65,32058,-65,28059,-65,24060,-65,28061,-65,28062,-65,28063,-65,28064,-65,24065,-65,24066,-65,20067,-65,20068,-65,20069,-65,16070,-65,16071,-65,12072,-65,12073,-65,12074,-65,12075,-65,12076,-65,12077,-65,12078,-65,12079,-65,12080,-65,12081,-65,12082,-65,12083,-65,12084,-65,12085,-65,16086,-65,20087,-65,24088,-65,28089,-65,28090,-65,32091,-65,32092,-65,28093,-65,28094,-65,28095,-65,24096,-65,24097,-65,20098,-65,20099,-65,240100,-65,200101,-65,160102,-65,200103,-65,200104,-65,200105,-65,160106,-65,160107,-65,160108,-65,200109,-65,200110,-65,240111,-65,320112,-65,360113,-65,400114,-65,480115,-65,480116,-65,600117,-65,560118,-65,560119,-65,520120,-65,480121,-65,400122,-65,400123,-65,400124,-65,320125,-65,280126,-65,280127,-65,200128,-65,200129,-65,240130,-65,160131,-65,200132,-65,160133,-65,160134,-65,160135,-65,200136,-65,240137,-65,240138,-65,280139,-65,280140,-65,280141,-65,320142,-65,320143,-65,360144,-65,320145,-65,320146,-65,360147,-65,440148,-65,600149,-65,760150,-65,880151,-65,1000152,-65,1120153,-65,1160154,-65,1280155,-65,1400156,-65,1520157,-65,1640158,-65,1720159,-65,1720160,-65,1720161,-65,1840162,-65,1760163,-65,1560164,-65,1400165,-65,1040166,-65,1000167,-65,920168,-65,840169,-65,720170,-65,600171,-65,440172,-65,360173,-65,240174,-65,120175,-65,40176,-65,-120177,-65,-480178,-65,-920179,-65,-960-180,-66,-2760-179,-66,-3000-178,-66,-3480-177,-66,-3480-176,-66,-3480-175,-66,-3480-174,-66,-3480-173,-66,-3480-172,-66,-3480-171,-66,-3480-170,-66,-3480-169,-66,-3480-168,-66,-3480-167,-66,-3480-166,-66,-3480-165,-66,-3480-164,-66,-3480-163,-66,-3480-162,-66,-3480-161,-66,-3480-160,-66,-3480-159,-66,-3480-158,-66,-3480-157,-66,-3480-156,-66,-3480-155,-66,-3480-154,-66,-3480-153,-66,-3480-152,-66,-3480-151,-66,-3480-150,-66,-3480-149,-66,-3480-148,-66,-3480-147,-66,-3480-146,-66,-3480-145,-66,-3480-144,-66,-3480-143,-66,-3480-142,-66,-3480-141,-66,-3480-140,-66,-3480-139,-66,-3480-138,-66,-3480-137,-66,-3480-136,-66,-3480-135,-66,-3480-134,-66,-3480-133,-66,-3480-132,-66,-3480-131,-66,-3480-130,-66,-3480-129,-66,-3480-128,-66,-3480-127,-66,-3480-126,-66,-3480-125,-66,-3480-124,-66,-3480-123,-66,-3480-122,-66,-3480-121,-66,-3480-120,-66,-3480-119,-66,-3480-118,-66,-3480-117,-66,-3480-116,-66,-3480-115,-66,-3480-114,-66,-3480-113,-66,-3480-112,-66,-3480-111,-66,-3480-110,-66,-3480-109,-66,-3480-108,-66,-3480-107,-66,-3480-106,-66,-3480-105,-66,-3480-104,-66,-3480-103,-66,-3480-102,-66,-3480-101,-66,-3480-100,-66,-3480-99,-66,-3480-98,-66,-3480-97,-66,-3480-96,-66,-3480-95,-66,-3480-94,-66,-3480-93,-66,-3480-92,-66,-3400-91,-66,-3320-90,-66,-2080-89,-66,-1480-88,-66,-760-87,-66,-400-86,-66,-280-85,-66,-200-84,-66,-160-83,-66,-40-82,-66,120-81,-66,440-80,-66,680-79,-66,1120-78,-66,1480-77,-66,1680-76,-66,1800-75,-66,1920-74,-66,1880-73,-66,1280-72,-66,800-71,-66,440-70,-66,280-69,-66,240-68,-66,160-67,-66,160-66,-66,80-65,-66,-40-64,-66,-80-63,-66,-40-62,-66,0-61,-66,40-60,-66,0-59,-66,-40-58,-66,-160-57,-66,-320-56,-66,-440-55,-66,-640-54,-66,-720-53,-66,-640-52,-66,-440-51,-66,-320-50,-66,-240-49,-66,-160-48,-66,-160-47,-66,-160-46,-66,-40-45,-66,280-44,-66,280-43,-66,320-42,-66,440-41,-66,440-40,-66,400-39,-66,360-38,-66,280-37,-66,240-36,-66,200-35,-66,200-34,-66,200-33,-66,160-32,-66,160-31,-66,160-30,-66,160-29,-66,160-28,-66,160-27,-66,200-26,-66,200-25,-66,200-24,-66,200-23,-66,200-22,-66,200-21,-66,200-20,-66,240-19,-66,200-18,-66,240-17,-66,240-16,-66,240-15,-66,240-14,-66,240-13,-66,240-12,-66,240-11,-66,240-10,-66,240-9,-66,240-8,-66,240-7,-66,240-6,-66,280-5,-66,360-4,-66,520-3,-66,1000-2,-66,1280-1,-66,12400,-66,10801,-66,10402,-66,9203,-66,7604,-66,6405,-66,5606,-66,5207,-66,4408,-66,4409,-66,40010,-66,40011,-66,44012,-66,40013,-66,36014,-66,40015,-66,40016,-66,36017,-66,36018,-66,28019,-66,28020,-66,28021,-66,24022,-66,28023,-66,28024,-66,28025,-66,28026,-66,28027,-66,32028,-66,36029,-66,40030,-66,44031,-66,52032,-66,56033,-66,56034,-66,60035,-66,56036,-66,56037,-66,56038,-66,60039,-66,60040,-66,60041,-66,60042,-66,60043,-66,60044,-66,60045,-66,52046,-66,48047,-66,56048,-66,64049,-66,64050,-66,68051,-66,68052,-66,72053,-66,72054,-66,60055,-66,56056,-66,52057,-66,48058,-66,44059,-66,40060,-66,36061,-66,40062,-66,36063,-66,28064,-66,28065,-66,24066,-66,24067,-66,16068,-66,20069,-66,20070,-66,20071,-66,16072,-66,16073,-66,12074,-66,12075,-66,12076,-66,12077,-66,12078,-66,12079,-66,12080,-66,12081,-66,12082,-66,16083,-66,16084,-66,16085,-66,20086,-66,24087,-66,28088,-66,36089,-66,40090,-66,44091,-66,36092,-66,36093,-66,32094,-66,32095,-66,32096,-66,28097,-66,28098,-66,28099,-66,280100,-66,200101,-66,240102,-66,240103,-66,200104,-66,200105,-66,200106,-66,160107,-66,160108,-66,160109,-66,160110,-66,200111,-66,200112,-66,280113,-66,320114,-66,320115,-66,400116,-66,440117,-66,480118,-66,480119,-66,480120,-66,400121,-66,400122,-66,320123,-66,320124,-66,280125,-66,200126,-66,200127,-66,160128,-66,160129,-66,160130,-66,160131,-66,160132,-66,160133,-66,160134,-66,160135,-66,160136,-66,200137,-66,280138,-66,240139,-66,280140,-66,280141,-66,280142,-66,280143,-66,280144,-66,360145,-66,400146,-66,440147,-66,520148,-66,680149,-66,720150,-66,800151,-66,880152,-66,880153,-66,960154,-66,1120155,-66,1280156,-66,1360157,-66,1440158,-66,1560159,-66,1560160,-66,1600161,-66,1560162,-66,1440163,-66,1240164,-66,1160165,-66,1000166,-66,1000167,-66,880168,-66,840169,-66,680170,-66,520171,-66,440172,-66,320173,-66,80174,-66,40175,-66,40176,-66,-160177,-66,-600178,-66,-920179,-66,-960-180,-67,-3400-179,-67,-3160-178,-67,-3480-177,-67,-3480-176,-67,-3480-175,-67,-3480-174,-67,-3480-173,-67,-3480-172,-67,-3480-171,-67,-3480-170,-67,-3480-169,-67,-3480-168,-67,-3480-167,-67,-3480-166,-67,-3480-165,-67,-3480-164,-67,-3480-163,-67,-3480-162,-67,-3480-161,-67,-3480-160,-67,-3480-159,-67,-3480-158,-67,-3480-157,-67,-3480-156,-67,-3480-155,-67,-3480-154,-67,-3480-153,-67,-3480-152,-67,-3480-151,-67,-3480-150,-67,-3480-149,-67,-3480-148,-67,-3480-147,-67,-3480-146,-67,-3480-145,-67,-3480-144,-67,-3480-143,-67,-3480-142,-67,-3480-141,-67,-3480-140,-67,-3480-139,-67,-3480-138,-67,-3480-137,-67,-3480-136,-67,-3480-135,-67,-3480-134,-67,-3480-133,-67,-3480-132,-67,-3480-131,-67,-3480-130,-67,-3480-129,-67,-3480-128,-67,-3480-127,-67,-3480-126,-67,-3480-125,-67,-3480-124,-67,-3480-123,-67,-3480-122,-67,-3480-121,-67,-3480-120,-67,-3480-119,-67,-3480-118,-67,-3480-117,-67,-3480-116,-67,-3480-115,-67,-3480-114,-67,-3480-113,-67,-3480-112,-67,-3480-111,-67,-3480-110,-67,-3480-109,-67,-3480-108,-67,-3480-107,-67,-3480-106,-67,-3480-105,-67,-3480-104,-67,-3480-103,-67,-3480-102,-67,-3480-101,-67,-3480-100,-67,-3480-99,-67,-3480-98,-67,-3480-97,-67,-3480-96,-67,-3480-95,-67,-3480-94,-67,-3440-93,-67,-3200-92,-67,-2280-91,-67,-1600-90,-67,-1120-89,-67,-640-88,-67,-400-87,-67,-240-86,-67,-160-85,-67,-120-84,-67,40-83,-67,200-82,-67,440-81,-67,680-80,-67,1160-79,-67,1760-78,-67,1720-77,-67,1680-76,-67,1920-75,-67,1960-74,-67,1480-73,-67,880-72,-67,640-71,-67,280-70,-67,200-69,-67,160-68,-67,120-67,-67,80-66,-67,0-65,-67,-80-64,-67,-40-63,-67,-40-62,-67,0-61,-67,0-60,-67,-40-59,-67,-120-58,-67,-240-57,-67,-400-56,-67,-600-55,-67,-760-54,-67,-640-53,-67,-520-52,-67,-400-51,-67,-280-50,-67,-200-49,-67,-160-48,-67,-160-47,-67,-120-46,-67,0-45,-67,120-44,-67,200-43,-67,240-42,-67,360-41,-67,360-40,-67,320-39,-67,280-38,-67,240-37,-67,200-36,-67,200-35,-67,200-34,-67,200-33,-67,160-32,-67,160-31,-67,160-30,-67,160-29,-67,160-28,-67,200-27,-67,200-26,-67,200-25,-67,200-24,-67,200-23,-67,200-22,-67,240-21,-67,240-20,-67,240-19,-67,240-18,-67,240-17,-67,240-16,-67,200-15,-67,240-14,-67,240-13,-67,240-12,-67,200-11,-67,240-10,-67,240-9,-67,240-8,-67,240-7,-67,240-6,-67,400-5,-67,440-4,-67,600-3,-67,920-2,-67,960-1,-67,8400,-67,8001,-67,7202,-67,6003,-67,4804,-67,4005,-67,4406,-67,4007,-67,4008,-67,4009,-67,40010,-67,36011,-67,36012,-67,32013,-67,32014,-67,32015,-67,32016,-67,32017,-67,32018,-67,32019,-67,28020,-67,28021,-67,28022,-67,28023,-67,28024,-67,28025,-67,32026,-67,32027,-67,36028,-67,52029,-67,68030,-67,68031,-67,68032,-67,68033,-67,72034,-67,80035,-67,84036,-67,84037,-67,88038,-67,88039,-67,92040,-67,84041,-67,80042,-67,80043,-67,76044,-67,72045,-67,76046,-67,80047,-67,80048,-67,80049,-67,80050,-67,84051,-67,92052,-67,96053,-67,92054,-67,92055,-67,80056,-67,76057,-67,64058,-67,60059,-67,56060,-67,56061,-67,52062,-67,44063,-67,40064,-67,36065,-67,24066,-67,20067,-67,16068,-67,16069,-67,16070,-67,16071,-67,16072,-67,16073,-67,16074,-67,12075,-67,12076,-67,12077,-67,16078,-67,16079,-67,16080,-67,16081,-67,16082,-67,16083,-67,16084,-67,20085,-67,20086,-67,32087,-67,40088,-67,44089,-67,44090,-67,44091,-67,44092,-67,44093,-67,40094,-67,40095,-67,36096,-67,36097,-67,32098,-67,32099,-67,320100,-67,280101,-67,280102,-67,240103,-67,240104,-67,200105,-67,200106,-67,120107,-67,160108,-67,120109,-67,160110,-67,160111,-67,160112,-67,200113,-67,200114,-67,200115,-67,320116,-67,360117,-67,440118,-67,440119,-67,440120,-67,400121,-67,320122,-67,280123,-67,240124,-67,240125,-67,240126,-67,200127,-67,200128,-67,200129,-67,200130,-67,200131,-67,200132,-67,200133,-67,200134,-67,200135,-67,200136,-67,200137,-67,280138,-67,200139,-67,240140,-67,280141,-67,320142,-67,320143,-67,320144,-67,400145,-67,440146,-67,440147,-67,520148,-67,600149,-67,640150,-67,720151,-67,680152,-67,720153,-67,800154,-67,800155,-67,920156,-67,960157,-67,1080158,-67,1080159,-67,1120160,-67,960161,-67,960162,-67,920163,-67,880164,-67,800165,-67,760166,-67,720167,-67,720168,-67,680169,-67,560170,-67,360171,-67,240172,-67,200173,-67,80174,-67,80175,-67,-40176,-67,-320177,-67,-720178,-67,-920179,-67,-960-180,-68,-3480-179,-68,-3400-178,-68,-3480-177,-68,-3480-176,-68,-3480-175,-68,-3480-174,-68,-3480-173,-68,-3480-172,-68,-3480-171,-68,-3480-170,-68,-3480-169,-68,-3480-168,-68,-3480-167,-68,-3480-166,-68,-3480-165,-68,-3480-164,-68,-3480-163,-68,-3480-162,-68,-3480-161,-68,-3480-160,-68,-3480-159,-68,-3480-158,-68,-3480-157,-68,-3480-156,-68,-3480-155,-68,-3480-154,-68,-3480-153,-68,-3480-152,-68,-3480-151,-68,-3480-150,-68,-3480-149,-68,-3480-148,-68,-3480-147,-68,-3480-146,-68,-3480-145,-68,-3480-144,-68,-3480-143,-68,-3480-142,-68,-3480-141,-68,-3480-140,-68,-3480-139,-68,-3480-138,-68,-3480-137,-68,-3480-136,-68,-3480-135,-68,-3480-134,-68,-3480-133,-68,-3480-132,-68,-3480-131,-68,-3480-130,-68,-3480-129,-68,-3480-128,-68,-3480-127,-68,-3480-126,-68,-3480-125,-68,-3480-124,-68,-3480-123,-68,-3480-122,-68,-3480-121,-68,-3480-120,-68,-3480-119,-68,-3480-118,-68,-3480-117,-68,-3480-116,-68,-3480-115,-68,-3480-114,-68,-3480-113,-68,-3480-112,-68,-3480-111,-68,-3480-110,-68,-3480-109,-68,-3480-108,-68,-3480-107,-68,-3480-106,-68,-3480-105,-68,-3480-104,-68,-3480-103,-68,-3480-102,-68,-3480-101,-68,-3480-100,-68,-3480-99,-68,-3480-98,-68,-3480-97,-68,-3480-96,-68,-3480-95,-68,-3360-94,-68,-3040-93,-68,-1760-92,-68,-1000-91,-68,-680-90,-68,-440-89,-68,-320-88,-68,-240-87,-68,-200-86,-68,-80-85,-68,80-84,-68,280-83,-68,480-82,-68,760-81,-68,1160-80,-68,1760-79,-68,1920-78,-68,1800-77,-68,2040-76,-68,1960-75,-68,1640-74,-68,1040-73,-68,640-72,-68,480-71,-68,200-70,-68,120-69,-68,80-68,-68,80-67,-68,0-66,-68,-80-65,-68,-80-64,-68,-40-63,-68,-40-62,-68,-40-61,-68,-80-60,-68,-120-59,-68,-200-58,-68,-360-57,-68,-520-56,-68,-640-55,-68,-680-54,-68,-600-53,-68,-440-52,-68,-320-51,-68,-280-50,-68,-160-49,-68,-160-48,-68,-160-47,-68,-80-46,-68,80-45,-68,120-44,-68,120-43,-68,160-42,-68,280-41,-68,280-40,-68,280-39,-68,240-38,-68,200-37,-68,200-36,-68,200-35,-68,200-34,-68,200-33,-68,200-32,-68,160-31,-68,160-30,-68,160-29,-68,200-28,-68,200-27,-68,200-26,-68,200-25,-68,200-24,-68,200-23,-68,200-22,-68,200-21,-68,240-20,-68,240-19,-68,240-18,-68,240-17,-68,240-16,-68,240-15,-68,240-14,-68,200-13,-68,200-12,-68,200-11,-68,200-10,-68,200-9,-68,200-8,-68,200-7,-68,320-6,-68,560-5,-68,560-4,-68,640-3,-68,720-2,-68,760-1,-68,7600,-68,6001,-68,5202,-68,4003,-68,3204,-68,3205,-68,3606,-68,3607,-68,3608,-68,4009,-68,40010,-68,40011,-68,40012,-68,36013,-68,36014,-68,32015,-68,32016,-68,36017,-68,40018,-68,44019,-68,36020,-68,32021,-68,36022,-68,36023,-68,40024,-68,44025,-68,44026,-68,48027,-68,60028,-68,64029,-68,64030,-68,68031,-68,68032,-68,80033,-68,92034,-68,96035,-68,92036,-68,100037,-68,116038,-68,120039,-68,128040,-68,120041,-68,112042,-68,108043,-68,96044,-68,104045,-68,100046,-68,100047,-68,104048,-68,108049,-68,108050,-68,116051,-68,132052,-68,144053,-68,144054,-68,136055,-68,124056,-68,116057,-68,96058,-68,80059,-68,68060,-68,64061,-68,64062,-68,64063,-68,52064,-68,40065,-68,32066,-68,20067,-68,16068,-68,16069,-68,16070,-68,16071,-68,16072,-68,16073,-68,16074,-68,16075,-68,16076,-68,16077,-68,16078,-68,16079,-68,16080,-68,16081,-68,20082,-68,20083,-68,20084,-68,24085,-68,28086,-68,32087,-68,40088,-68,40089,-68,44090,-68,44091,-68,48092,-68,48093,-68,44094,-68,44095,-68,44096,-68,44097,-68,40098,-68,40099,-68,360100,-68,360101,-68,320102,-68,320103,-68,320104,-68,280105,-68,240106,-68,160107,-68,120108,-68,120109,-68,120110,-68,120111,-68,120112,-68,160113,-68,160114,-68,160115,-68,240116,-68,240117,-68,280118,-68,320119,-68,320120,-68,320121,-68,320122,-68,280123,-68,240124,-68,240125,-68,200126,-68,200127,-68,200128,-68,200129,-68,200130,-68,200131,-68,200132,-68,200133,-68,200134,-68,200135,-68,200136,-68,200137,-68,200138,-68,200139,-68,200140,-68,200141,-68,240142,-68,240143,-68,320144,-68,360145,-68,400146,-68,360147,-68,360148,-68,400149,-68,440150,-68,560151,-68,640152,-68,720153,-68,680154,-68,760155,-68,760156,-68,760157,-68,760158,-68,640159,-68,480160,-68,360161,-68,360162,-68,480163,-68,520164,-68,520165,-68,520166,-68,600167,-68,640168,-68,520169,-68,440170,-68,280171,-68,200172,-68,120173,-68,80174,-68,-40175,-68,-440176,-68,-560177,-68,-760178,-68,-960179,-68,-960-180,-69,-3400-179,-69,-3480-178,-69,-3480-177,-69,-3480-176,-69,-3480-175,-69,-3480-174,-69,-3480-173,-69,-3480-172,-69,-3480-171,-69,-3480-170,-69,-3480-169,-69,-3480-168,-69,-3480-167,-69,-3480-166,-69,-3480-165,-69,-3480-164,-69,-3480-163,-69,-3480-162,-69,-3480-161,-69,-3480-160,-69,-3480-159,-69,-3480-158,-69,-3480-157,-69,-3480-156,-69,-3480-155,-69,-3480-154,-69,-3480-153,-69,-3480-152,-69,-3480-151,-69,-3480-150,-69,-3480-149,-69,-3480-148,-69,-3480-147,-69,-3480-146,-69,-3480-145,-69,-3480-144,-69,-3480-143,-69,-3480-142,-69,-3480-141,-69,-3480-140,-69,-3480-139,-69,-3480-138,-69,-3480-137,-69,-3480-136,-69,-3480-135,-69,-3480-134,-69,-3480-133,-69,-3480-132,-69,-3480-131,-69,-3480-130,-69,-3480-129,-69,-3480-128,-69,-3480-127,-69,-3480-126,-69,-3480-125,-69,-3480-124,-69,-3480-123,-69,-3480-122,-69,-3480-121,-69,-3480-120,-69,-3480-119,-69,-3480-118,-69,-3480-117,-69,-3480-116,-69,-3480-115,-69,-3480-114,-69,-3480-113,-69,-3480-112,-69,-3480-111,-69,-3480-110,-69,-3480-109,-69,-3480-108,-69,-3480-107,-69,-3480-106,-69,-3480-105,-69,-3480-104,-69,-3480-103,-69,-3480-102,-69,-3480-101,-69,-3480-100,-69,-3480-99,-69,-3480-98,-69,-3400-97,-69,-3360-96,-69,-3040-95,-69,-2200-94,-69,-1280-93,-69,-760-92,-69,-520-91,-69,-400-90,-69,-280-89,-69,-240-88,-69,-120-87,-69,-40-86,-69,120-85,-69,240-84,-69,560-83,-69,1080-82,-69,1360-81,-69,1720-80,-69,2000-79,-69,2000-78,-69,1920-77,-69,1800-76,-69,1480-75,-69,1080-74,-69,720-73,-69,480-72,-69,320-71,-69,160-70,-69,80-69,-69,80-68,-69,40-67,-69,-80-66,-69,-80-65,-69,-80-64,-69,-80-63,-69,-80-62,-69,-120-61,-69,-160-60,-69,-240-59,-69,-320-58,-69,-440-57,-69,-640-56,-69,-680-55,-69,-640-54,-69,-520-53,-69,-360-52,-69,-280-51,-69,-200-50,-69,-160-49,-69,-160-48,-69,-160-47,-69,-40-46,-69,80-45,-69,120-44,-69,160-43,-69,240-42,-69,240-41,-69,240-40,-69,200-39,-69,200-38,-69,200-37,-69,200-36,-69,200-35,-69,200-34,-69,200-33,-69,200-32,-69,200-31,-69,200-30,-69,200-29,-69,200-28,-69,200-27,-69,200-26,-69,200-25,-69,240-24,-69,240-23,-69,240-22,-69,240-21,-69,240-20,-69,240-19,-69,240-18,-69,240-17,-69,240-16,-69,240-15,-69,240-14,-69,240-13,-69,240-12,-69,200-11,-69,240-10,-69,200-9,-69,240-8,-69,320-7,-69,440-6,-69,640-5,-69,560-4,-69,520-3,-69,600-2,-69,720-1,-69,7200,-69,6401,-69,6002,-69,5603,-69,4804,-69,4405,-69,4806,-69,5607,-69,5208,-69,5609,-69,52010,-69,52011,-69,52012,-69,48013,-69,44014,-69,44015,-69,40016,-69,48017,-69,52018,-69,52019,-69,52020,-69,48021,-69,48022,-69,56023,-69,60024,-69,60025,-69,64026,-69,68027,-69,76028,-69,84029,-69,88030,-69,88031,-69,100032,-69,104033,-69,104034,-69,108035,-69,112036,-69,116037,-69,132038,-69,148039,-69,160040,-69,160041,-69,160042,-69,148043,-69,148044,-69,152045,-69,148046,-69,148047,-69,148048,-69,148049,-69,148050,-69,152051,-69,156052,-69,164053,-69,164054,-69,156055,-69,152056,-69,144057,-69,136058,-69,116059,-69,92060,-69,76061,-69,72062,-69,60063,-69,52064,-69,48065,-69,32066,-69,28067,-69,20068,-69,20069,-69,24070,-69,20071,-69,20072,-69,20073,-69,20074,-69,20075,-69,20076,-69,20077,-69,20078,-69,20079,-69,20080,-69,24081,-69,24082,-69,24083,-69,24084,-69,28085,-69,32086,-69,32087,-69,36088,-69,40089,-69,40090,-69,40091,-69,44092,-69,44093,-69,44094,-69,44095,-69,48096,-69,48097,-69,44098,-69,44099,-69,440100,-69,440101,-69,440102,-69,400103,-69,360104,-69,360105,-69,320106,-69,240107,-69,200108,-69,160109,-69,160110,-69,120111,-69,120112,-69,120113,-69,160114,-69,160115,-69,160116,-69,200117,-69,240118,-69,240119,-69,240120,-69,240121,-69,240122,-69,240123,-69,240124,-69,240125,-69,200126,-69,200127,-69,200128,-69,200129,-69,200130,-69,200131,-69,200132,-69,200133,-69,200134,-69,200135,-69,200136,-69,240137,-69,240138,-69,200139,-69,200140,-69,240141,-69,240142,-69,240143,-69,240144,-69,280145,-69,320146,-69,280147,-69,320148,-69,360149,-69,440150,-69,560151,-69,640152,-69,720153,-69,720154,-69,680155,-69,640156,-69,640157,-69,560158,-69,440159,-69,320160,-69,240161,-69,320162,-69,360163,-69,440164,-69,520165,-69,520166,-69,600167,-69,560168,-69,480169,-69,320170,-69,200171,-69,120172,-69,80173,-69,40174,-69,-240175,-69,-680176,-69,-840177,-69,-840178,-69,-920179,-69,-960-180,-70,-3320-179,-70,-3440-178,-70,-3480-177,-70,-3480-176,-70,-3480-175,-70,-3480-174,-70,-3480-173,-70,-3480-172,-70,-3480-171,-70,-3480-170,-70,-3480-169,-70,-3480-168,-70,-3480-167,-70,-3480-166,-70,-3480-165,-70,-3480-164,-70,-3480-163,-70,-3480-162,-70,-3480-161,-70,-3480-160,-70,-3480-159,-70,-3480-158,-70,-3480-157,-70,-3480-156,-70,-3480-155,-70,-3480-154,-70,-3480-153,-70,-3480-152,-70,-3480-151,-70,-3480-150,-70,-3480-149,-70,-3480-148,-70,-3480-147,-70,-3480-146,-70,-3480-145,-70,-3480-144,-70,-3480-143,-70,-3480-142,-70,-3480-141,-70,-3480-140,-70,-3480-139,-70,-3480-138,-70,-3480-137,-70,-3480-136,-70,-3480-135,-70,-3480-134,-70,-3480-133,-70,-3480-132,-70,-3480-131,-70,-3480-130,-70,-3480-129,-70,-3480-128,-70,-3480-127,-70,-3480-126,-70,-3480-125,-70,-3480-124,-70,-3480-123,-70,-3480-122,-70,-3480-121,-70,-3480-120,-70,-3480-119,-70,-3480-118,-70,-3480-117,-70,-3480-116,-70,-3480-115,-70,-3480-114,-70,-3480-113,-70,-3480-112,-70,-3480-111,-70,-3480-110,-70,-3480-109,-70,-3480-108,-70,-3480-107,-70,-3480-106,-70,-3480-105,-70,-3480-104,-70,-3480-103,-70,-3480-102,-70,-3480-101,-70,-3400-100,-70,-3280-99,-70,-3080-98,-70,-2520-97,-70,-2080-96,-70,-1440-95,-70,-840-94,-70,-600-93,-70,-480-92,-70,-360-91,-70,-280-90,-70,-160-89,-70,-40-88,-70,80-87,-70,200-86,-70,480-85,-70,720-84,-70,1040-83,-70,1560-82,-70,1840-81,-70,1960-80,-70,1960-79,-70,1840-78,-70,1640-77,-70,1360-76,-70,960-75,-70,640-74,-70,400-73,-70,400-72,-70,240-71,-70,120-70,-70,120-69,-70,40-68,-70,-40-67,-70,-120-66,-70,-80-65,-70,-80-64,-70,-80-63,-70,-120-62,-70,-160-61,-70,-240-60,-70,-280-59,-70,-440-58,-70,-560-57,-70,-680-56,-70,-680-55,-70,-560-54,-70,-400-53,-70,-280-52,-70,-200-51,-70,-160-50,-70,-160-49,-70,-160-48,-70,-160-47,-70,-40-46,-70,40-45,-70,160-44,-70,160-43,-70,200-42,-70,200-41,-70,160-40,-70,160-39,-70,160-38,-70,160-37,-70,160-36,-70,160-35,-70,200-34,-70,200-33,-70,200-32,-70,200-31,-70,200-30,-70,200-29,-70,200-28,-70,200-27,-70,200-26,-70,240-25,-70,240-24,-70,240-23,-70,240-22,-70,240-21,-70,240-20,-70,240-19,-70,240-18,-70,240-17,-70,240-16,-70,240-15,-70,240-14,-70,240-13,-70,240-12,-70,240-11,-70,240-10,-70,240-9,-70,240-8,-70,360-7,-70,520-6,-70,600-5,-70,640-4,-70,640-3,-70,720-2,-70,840-1,-70,8800,-70,8401,-70,8802,-70,8803,-70,8804,-70,8005,-70,8006,-70,7607,-70,7608,-70,8009,-70,76010,-70,80011,-70,80012,-70,80013,-70,76014,-70,76015,-70,84016,-70,88017,-70,96018,-70,92019,-70,100020,-70,96021,-70,104022,-70,108023,-70,116024,-70,120025,-70,124026,-70,128027,-70,132028,-70,140029,-70,136030,-70,140031,-70,148032,-70,152033,-70,148034,-70,148035,-70,156036,-70,144037,-70,152038,-70,176039,-70,188040,-70,188041,-70,188042,-70,188043,-70,176044,-70,176045,-70,164046,-70,172047,-70,180048,-70,172049,-70,172050,-70,180051,-70,176052,-70,180053,-70,184054,-70,172055,-70,168056,-70,164057,-70,160058,-70,148059,-70,108060,-70,84061,-70,64062,-70,48063,-70,40064,-70,36065,-70,32066,-70,24067,-70,24068,-70,24069,-70,24070,-70,24071,-70,24072,-70,24073,-70,24074,-70,24075,-70,20076,-70,24077,-70,24078,-70,24079,-70,24080,-70,24081,-70,24082,-70,24083,-70,24084,-70,24085,-70,28086,-70,28087,-70,32088,-70,32089,-70,32090,-70,32091,-70,32092,-70,36093,-70,36094,-70,40095,-70,40096,-70,44097,-70,44098,-70,44099,-70,440100,-70,480101,-70,480102,-70,440103,-70,440104,-70,440105,-70,400106,-70,320107,-70,280108,-70,280109,-70,200110,-70,160111,-70,160112,-70,160113,-70,160114,-70,160115,-70,160116,-70,160117,-70,160118,-70,160119,-70,200120,-70,280121,-70,240122,-70,240123,-70,240124,-70,200125,-70,200126,-70,200127,-70,200128,-70,200129,-70,200130,-70,200131,-70,200132,-70,200133,-70,200134,-70,200135,-70,200136,-70,240137,-70,240138,-70,240139,-70,200140,-70,200141,-70,240142,-70,240143,-70,280144,-70,280145,-70,280146,-70,280147,-70,320148,-70,360149,-70,440150,-70,640151,-70,720152,-70,760153,-70,800154,-70,760155,-70,640156,-70,600157,-70,440158,-70,320159,-70,240160,-70,240161,-70,240162,-70,360163,-70,360164,-70,440165,-70,480166,-70,480167,-70,400168,-70,320169,-70,200170,-70,80171,-70,40172,-70,-40173,-70,-40174,-70,-160175,-70,-600176,-70,-880177,-70,-960178,-70,-960179,-70,-960-180,-71,-3160-179,-71,-3400-178,-71,-3480-177,-71,-3480-176,-71,-3480-175,-71,-3480-174,-71,-3480-173,-71,-3480-172,-71,-3480-171,-71,-3480-170,-71,-3480-169,-71,-3480-168,-71,-3480-167,-71,-3480-166,-71,-3480-165,-71,-3480-164,-71,-3480-163,-71,-3480-162,-71,-3480-161,-71,-3480-160,-71,-3480-159,-71,-3480-158,-71,-3480-157,-71,-3480-156,-71,-3480-155,-71,-3480-154,-71,-3480-153,-71,-3480-152,-71,-3480-151,-71,-3480-150,-71,-3480-149,-71,-3480-148,-71,-3480-147,-71,-3480-146,-71,-3480-145,-71,-3480-144,-71,-3480-143,-71,-3480-142,-71,-3480-141,-71,-3480-140,-71,-3480-139,-71,-3480-138,-71,-3480-137,-71,-3480-136,-71,-3480-135,-71,-3480-134,-71,-3480-133,-71,-3480-132,-71,-3480-131,-71,-3480-130,-71,-3480-129,-71,-3480-128,-71,-3480-127,-71,-3480-126,-71,-3480-125,-71,-3480-124,-71,-3480-123,-71,-3480-122,-71,-3480-121,-71,-3480-120,-71,-3480-119,-71,-3480-118,-71,-3480-117,-71,-3480-116,-71,-3480-115,-71,-3480-114,-71,-3480-113,-71,-3480-112,-71,-3480-111,-71,-3480-110,-71,-3480-109,-71,-3480-108,-71,-3480-107,-71,-3480-106,-71,-3480-105,-71,-3440-104,-71,-3400-103,-71,-3280-102,-71,-3120-101,-71,-2560-100,-71,-2080-99,-71,-1560-98,-71,-1080-97,-71,-880-96,-71,-640-95,-71,-440-94,-71,-360-93,-71,-280-92,-71,-160-91,-71,-80-90,-71,80-89,-71,160-88,-71,240-87,-71,520-86,-71,720-85,-71,920-84,-71,1280-83,-71,1680-82,-71,1800-81,-71,1560-80,-71,1440-79,-71,1320-78,-71,1000-77,-71,760-76,-71,560-75,-71,400-74,-71,360-73,-71,280-72,-71,120-71,-71,40-70,-71,40-69,-71,-120-68,-71,-120-67,-71,-120-66,-71,-120-65,-71,-160-64,-71,-120-63,-71,-160-62,-71,-240-61,-71,-320-60,-71,-400-59,-71,-560-58,-71,-640-57,-71,-680-56,-71,-640-55,-71,-480-54,-71,-320-53,-71,-240-52,-71,-200-51,-71,-160-50,-71,-160-49,-71,-160-48,-71,-160-47,-71,-40-46,-71,40-45,-71,120-44,-71,120-43,-71,160-42,-71,160-41,-71,160-40,-71,160-39,-71,160-38,-71,160-37,-71,160-36,-71,160-35,-71,160-34,-71,200-33,-71,200-32,-71,200-31,-71,200-30,-71,200-29,-71,200-28,-71,240-27,-71,240-26,-71,240-25,-71,240-24,-71,240-23,-71,280-22,-71,240-21,-71,280-20,-71,280-19,-71,280-18,-71,280-17,-71,240-16,-71,240-15,-71,240-14,-71,240-13,-71,240-12,-71,280-11,-71,280-10,-71,320-9,-71,400-8,-71,600-7,-71,760-6,-71,800-5,-71,920-4,-71,1000-3,-71,1120-2,-71,1200-1,-71,12800,-71,12801,-71,12002,-71,11603,-71,12804,-71,12805,-71,12406,-71,13607,-71,13208,-71,13609,-71,136010,-71,128011,-71,136012,-71,128013,-71,128014,-71,136015,-71,140016,-71,152017,-71,152018,-71,160019,-71,160020,-71,160021,-71,160022,-71,168023,-71,168024,-71,172025,-71,164026,-71,172027,-71,176028,-71,168029,-71,176030,-71,176031,-71,172032,-71,172033,-71,176034,-71,184035,-71,176036,-71,172037,-71,176038,-71,172039,-71,164040,-71,168041,-71,176042,-71,180043,-71,160044,-71,156045,-71,148046,-71,156047,-71,164048,-71,156049,-71,152050,-71,152051,-71,152052,-71,160053,-71,172054,-71,168055,-71,176056,-71,164057,-71,152058,-71,136059,-71,112060,-71,88061,-71,72062,-71,52063,-71,36064,-71,28065,-71,28066,-71,20067,-71,20068,-71,24069,-71,24070,-71,24071,-71,24072,-71,24073,-71,24074,-71,24075,-71,24076,-71,24077,-71,24078,-71,24079,-71,24080,-71,24081,-71,24082,-71,24083,-71,24084,-71,24085,-71,24086,-71,24087,-71,24088,-71,24089,-71,28090,-71,28091,-71,28092,-71,32093,-71,32094,-71,32095,-71,32096,-71,36097,-71,36098,-71,40099,-71,400100,-71,440101,-71,400102,-71,440103,-71,400104,-71,440105,-71,400106,-71,400107,-71,360108,-71,320109,-71,280110,-71,280111,-71,240112,-71,200113,-71,160114,-71,160115,-71,160116,-71,160117,-71,160118,-71,160119,-71,160120,-71,200121,-71,280122,-71,200123,-71,200124,-71,200125,-71,200126,-71,200127,-71,200128,-71,200129,-71,200130,-71,200131,-71,200132,-71,200133,-71,200134,-71,200135,-71,240136,-71,240137,-71,280138,-71,240139,-71,240140,-71,280141,-71,280142,-71,280143,-71,280144,-71,280145,-71,320146,-71,360147,-71,400148,-71,400149,-71,520150,-71,680151,-71,760152,-71,800153,-71,720154,-71,680155,-71,560156,-71,480157,-71,440158,-71,360159,-71,360160,-71,360161,-71,400162,-71,400163,-71,360164,-71,400165,-71,440166,-71,360167,-71,320168,-71,160169,-71,0170,-71,-40171,-71,0172,-71,-40173,-71,-80174,-71,-80175,-71,-360176,-71,-800177,-71,-960178,-71,-960179,-71,-960-180,-72,-2800-179,-72,-3280-178,-72,-3480-177,-72,-3480-176,-72,-3480-175,-72,-3480-174,-72,-3480-173,-72,-3480-172,-72,-3480-171,-72,-3480-170,-72,-3480-169,-72,-3480-168,-72,-3480-167,-72,-3480-166,-72,-3480-165,-72,-3480-164,-72,-3480-163,-72,-3480-162,-72,-3480-161,-72,-3480-160,-72,-3480-159,-72,-3480-158,-72,-3480-157,-72,-3480-156,-72,-3480-155,-72,-3480-154,-72,-3480-153,-72,-3480-152,-72,-3480-151,-72,-3480-150,-72,-3480-149,-72,-3480-148,-72,-3480-147,-72,-3480-146,-72,-3480-145,-72,-3480-144,-72,-3480-143,-72,-3480-142,-72,-3480-141,-72,-3480-140,-72,-3480-139,-72,-3480-138,-72,-3480-137,-72,-3480-136,-72,-3480-135,-72,-3480-134,-72,-3480-133,-72,-3480-132,-72,-3480-131,-72,-3480-130,-72,-3480-129,-72,-3480-128,-72,-3480-127,-72,-3480-126,-72,-3480-125,-72,-3480-124,-72,-3480-123,-72,-3480-122,-72,-3480-121,-72,-3480-120,-72,-3480-119,-72,-3480-118,-72,-3480-117,-72,-3480-116,-72,-3480-115,-72,-3480-114,-72,-3480-113,-72,-3480-112,-72,-3480-111,-72,-3480-110,-72,-3480-109,-72,-3480-108,-72,-3480-107,-72,-3400-106,-72,-3120-105,-72,-2720-104,-72,-2360-103,-72,-2080-102,-72,-1840-101,-72,-1400-100,-72,-1120-99,-72,-840-98,-72,-640-97,-72,-440-96,-72,-360-95,-72,-240-94,-72,-200-93,-72,-80-92,-72,40-91,-72,120-90,-72,200-89,-72,320-88,-72,480-87,-72,560-86,-72,640-85,-72,720-84,-72,800-83,-72,1000-82,-72,1040-81,-72,960-80,-72,920-79,-72,760-78,-72,640-77,-72,520-76,-72,480-75,-72,360-74,-72,240-73,-72,120-72,-72,40-71,-72,-40-70,-72,-120-69,-72,-120-68,-72,-120-67,-72,-120-66,-72,-120-65,-72,-160-64,-72,-200-63,-72,-200-62,-72,-240-61,-72,-360-60,-72,-520-59,-72,-640-58,-72,-680-57,-72,-640-56,-72,-520-55,-72,-400-54,-72,-280-53,-72,-200-52,-72,-160-51,-72,-160-50,-72,-160-49,-72,-120-48,-72,-80-47,-72,-40-46,-72,40-45,-72,120-44,-72,120-43,-72,160-42,-72,160-41,-72,160-40,-72,160-39,-72,120-38,-72,120-37,-72,120-36,-72,160-35,-72,160-34,-72,200-33,-72,200-32,-72,200-31,-72,200-30,-72,200-29,-72,240-28,-72,240-27,-72,240-26,-72,240-25,-72,280-24,-72,280-23,-72,280-22,-72,280-21,-72,280-20,-72,280-19,-72,280-18,-72,280-17,-72,320-16,-72,320-15,-72,360-14,-72,360-13,-72,400-12,-72,400-11,-72,480-10,-72,720-9,-72,920-8,-72,1080-7,-72,1280-6,-72,1360-5,-72,1520-4,-72,1520-3,-72,1560-2,-72,1640-1,-72,17200,-72,17601,-72,17202,-72,16803,-72,17204,-72,17205,-72,17206,-72,17207,-72,17208,-72,17209,-72,172010,-72,172011,-72,180012,-72,176013,-72,172014,-72,180015,-72,180016,-72,176017,-72,176018,-72,188019,-72,176020,-72,176021,-72,172022,-72,172023,-72,172024,-72,176025,-72,172026,-72,164027,-72,160028,-72,156029,-72,156030,-72,152031,-72,152032,-72,160033,-72,164034,-72,168035,-72,152036,-72,152037,-72,160038,-72,156039,-72,136040,-72,136041,-72,136042,-72,136043,-72,124044,-72,104045,-72,104046,-72,104047,-72,104048,-72,112049,-72,104050,-72,108051,-72,108052,-72,120053,-72,120054,-72,120055,-72,124056,-72,124057,-72,108058,-72,104059,-72,88060,-72,68061,-72,60062,-72,52063,-72,40064,-72,32065,-72,24066,-72,24067,-72,20068,-72,20069,-72,20070,-72,20071,-72,20072,-72,20073,-72,24074,-72,24075,-72,24076,-72,24077,-72,24078,-72,24079,-72,24080,-72,24081,-72,24082,-72,24083,-72,24084,-72,24085,-72,24086,-72,24087,-72,24088,-72,24089,-72,24090,-72,24091,-72,24092,-72,24093,-72,24094,-72,28095,-72,28096,-72,28097,-72,32098,-72,32099,-72,320100,-72,320101,-72,320102,-72,360103,-72,320104,-72,360105,-72,360106,-72,360107,-72,320108,-72,400109,-72,320110,-72,280111,-72,280112,-72,280113,-72,240114,-72,200115,-72,200116,-72,160117,-72,160118,-72,160119,-72,160120,-72,200121,-72,200122,-72,200123,-72,200124,-72,200125,-72,200126,-72,200127,-72,160128,-72,160129,-72,160130,-72,200131,-72,200132,-72,200133,-72,200134,-72,240135,-72,280136,-72,280137,-72,280138,-72,280139,-72,280140,-72,320141,-72,320142,-72,360143,-72,360144,-72,440145,-72,400146,-72,400147,-72,440148,-72,520149,-72,640150,-72,760151,-72,760152,-72,720153,-72,600154,-72,480155,-72,520156,-72,480157,-72,440158,-72,400159,-72,400160,-72,400161,-72,440162,-72,440163,-72,440164,-72,440165,-72,440166,-72,280167,-72,160168,-72,40169,-72,0170,-72,-80171,-72,-80172,-72,-80173,-72,-80174,-72,-80175,-72,-120176,-72,-360177,-72,-840178,-72,-960179,-72,-960-180,-73,-2520-179,-73,-2960-178,-73,-3400-177,-73,-3480-176,-73,-3480-175,-73,-3480-174,-73,-3480-173,-73,-3480-172,-73,-3480-171,-73,-3480-170,-73,-3480-169,-73,-3480-168,-73,-3480-167,-73,-3480-166,-73,-3480-165,-73,-3480-164,-73,-3480-163,-73,-3480-162,-73,-3480-161,-73,-3480-160,-73,-3480-159,-73,-3480-158,-73,-3480-157,-73,-3480-156,-73,-3480-155,-73,-3480-154,-73,-3480-153,-73,-3480-152,-73,-3480-151,-73,-3480-150,-73,-3480-149,-73,-3480-148,-73,-3480-147,-73,-3480-146,-73,-3480-145,-73,-3480-144,-73,-3480-143,-73,-3480-142,-73,-3480-141,-73,-3480-140,-73,-3480-139,-73,-3480-138,-73,-3480-137,-73,-3480-136,-73,-3480-135,-73,-3480-134,-73,-3480-133,-73,-3480-132,-73,-3480-131,-73,-3480-130,-73,-3480-129,-73,-3480-128,-73,-3480-127,-73,-3480-126,-73,-3480-125,-73,-3480-124,-73,-3480-123,-73,-3480-122,-73,-3480-121,-73,-3480-120,-73,-3480-119,-73,-3480-118,-73,-3480-117,-73,-3480-116,-73,-3480-115,-73,-3480-114,-73,-3480-113,-73,-3480-112,-73,-3440-111,-73,-3280-110,-73,-3040-109,-73,-2760-108,-73,-2480-107,-73,-2080-106,-73,-1720-105,-73,-1480-104,-73,-1440-103,-73,-1240-102,-73,-960-101,-73,-760-100,-73,-560-99,-73,-400-98,-73,-320-97,-73,-240-96,-73,-200-95,-73,-80-94,-73,40-93,-73,120-92,-73,240-91,-73,320-90,-73,440-89,-73,480-88,-73,520-87,-73,600-86,-73,680-85,-73,680-84,-73,680-83,-73,720-82,-73,720-81,-73,680-80,-73,560-79,-73,440-78,-73,400-77,-73,360-76,-73,280-75,-73,160-74,-73,120-73,-73,0-72,-73,-40-71,-73,-160-70,-73,-160-69,-73,-120-68,-73,-120-67,-73,-160-66,-73,-120-65,-73,-200-64,-73,-240-63,-73,-280-62,-73,-400-61,-73,-520-60,-73,-640-59,-73,-680-58,-73,-640-57,-73,-520-56,-73,-400-55,-73,-280-54,-73,-240-53,-73,-160-52,-73,-160-51,-73,-160-50,-73,-160-49,-73,-80-48,-73,-40-47,-73,0-46,-73,40-45,-73,80-44,-73,120-43,-73,120-42,-73,80-41,-73,80-40,-73,80-39,-73,80-38,-73,80-37,-73,80-36,-73,80-35,-73,120-34,-73,160-33,-73,160-32,-73,200-31,-73,240-30,-73,320-29,-73,320-28,-73,320-27,-73,320-26,-73,320-25,-73,280-24,-73,280-23,-73,280-22,-73,280-21,-73,280-20,-73,320-19,-73,360-18,-73,360-17,-73,400-16,-73,520-15,-73,680-14,-73,760-13,-73,680-12,-73,640-11,-73,840-10,-73,1320-9,-73,1520-8,-73,1560-7,-73,1680-6,-73,1720-5,-73,1760-4,-73,1760-3,-73,1720-2,-73,1720-1,-73,18000,-73,18001,-73,18002,-73,17603,-73,17204,-73,16805,-73,16806,-73,17207,-73,17208,-73,16809,-73,172010,-73,168011,-73,168012,-73,168013,-73,172014,-73,172015,-73,160016,-73,160017,-73,148018,-73,152019,-73,148020,-73,140021,-73,140022,-73,132023,-73,128024,-73,132025,-73,128026,-73,128027,-73,120028,-73,116029,-73,112030,-73,112031,-73,112032,-73,112033,-73,108034,-73,116035,-73,120036,-73,124037,-73,120038,-73,124039,-73,128040,-73,132041,-73,120042,-73,120043,-73,100044,-73,72045,-73,72046,-73,72047,-73,80048,-73,84049,-73,88050,-73,92051,-73,80052,-73,72053,-73,76054,-73,72055,-73,72056,-73,68057,-73,64058,-73,60059,-73,52060,-73,44061,-73,40062,-73,44063,-73,40064,-73,44065,-73,40066,-73,32067,-73,24068,-73,20069,-73,24070,-73,20071,-73,20072,-73,20073,-73,24074,-73,24075,-73,24076,-73,24077,-73,24078,-73,24079,-73,24080,-73,24081,-73,24082,-73,24083,-73,24084,-73,24085,-73,24086,-73,24087,-73,24088,-73,24089,-73,24090,-73,24091,-73,24092,-73,24093,-73,24094,-73,24095,-73,24096,-73,24097,-73,28098,-73,32099,-73,320100,-73,280101,-73,280102,-73,240103,-73,240104,-73,240105,-73,280106,-73,280107,-73,280108,-73,280109,-73,280110,-73,280111,-73,280112,-73,280113,-73,280114,-73,240115,-73,200116,-73,160117,-73,160118,-73,120119,-73,160120,-73,120121,-73,160122,-73,160123,-73,160124,-73,160125,-73,160126,-73,160127,-73,160128,-73,160129,-73,160130,-73,160131,-73,200132,-73,200133,-73,200134,-73,240135,-73,280136,-73,280137,-73,320138,-73,320139,-73,360140,-73,400141,-73,400142,-73,480143,-73,520144,-73,520145,-73,520146,-73,560147,-73,520148,-73,680149,-73,760150,-73,720151,-73,640152,-73,520153,-73,440154,-73,440155,-73,480156,-73,480157,-73,480158,-73,480159,-73,440160,-73,440161,-73,440162,-73,440163,-73,440164,-73,400165,-73,320166,-73,240167,-73,200168,-73,120169,-73,40170,-73,0171,-73,0172,-73,-40173,-73,-40174,-73,-80175,-73,-120176,-73,-120177,-73,-160178,-73,-600179,-73,-960-180,-74,-2280-179,-74,-2760-178,-74,-3280-177,-74,-3480-176,-74,-3480-175,-74,-3480-174,-74,-3480-173,-74,-3480-172,-74,-3480-171,-74,-3480-170,-74,-3480-169,-74,-3480-168,-74,-3480-167,-74,-3480-166,-74,-3480-165,-74,-3480-164,-74,-3480-163,-74,-3480-162,-74,-3480-161,-74,-3480-160,-74,-3480-159,-74,-3480-158,-74,-3480-157,-74,-3480-156,-74,-3480-155,-74,-3480-154,-74,-3480-153,-74,-3480-152,-74,-3480-151,-74,-3480-150,-74,-3480-149,-74,-3480-148,-74,-3480-147,-74,-3480-146,-74,-3480-145,-74,-3480-144,-74,-3480-143,-74,-3480-142,-74,-3480-141,-74,-3480-140,-74,-3480-139,-74,-3480-138,-74,-3480-137,-74,-3480-136,-74,-3480-135,-74,-3480-134,-74,-3480-133,-74,-3480-132,-74,-3480-131,-74,-3480-130,-74,-3480-129,-74,-3480-128,-74,-3480-127,-74,-3480-126,-74,-3480-125,-74,-3480-124,-74,-3480-123,-74,-3480-122,-74,-3480-121,-74,-3480-120,-74,-3480-119,-74,-3480-118,-74,-3480-117,-74,-3480-116,-74,-3480-115,-74,-3160-114,-74,-2880-113,-74,-2600-112,-74,-2360-111,-74,-2160-110,-74,-2080-109,-74,-1840-108,-74,-1560-107,-74,-1240-106,-74,-1000-105,-74,-840-104,-74,-760-103,-74,-640-102,-74,-480-101,-74,-360-100,-74,-280-99,-74,-240-98,-74,-160-97,-74,-120-96,-74,-40-95,-74,40-94,-74,160-93,-74,280-92,-74,440-91,-74,480-90,-74,560-89,-74,560-88,-74,600-87,-74,680-86,-74,600-85,-74,600-84,-74,600-83,-74,560-82,-74,520-81,-74,440-80,-74,320-79,-74,240-78,-74,200-77,-74,160-76,-74,120-75,-74,40-74,-74,-40-73,-74,-80-72,-74,-120-71,-74,-120-70,-74,-160-69,-74,-160-68,-74,-160-67,-74,-160-66,-74,-160-65,-74,-240-64,-74,-280-63,-74,-400-62,-74,-520-61,-74,-680-60,-74,-680-59,-74,-640-58,-74,-560-57,-74,-400-56,-74,-320-55,-74,-240-54,-74,-200-53,-74,-160-52,-74,-160-51,-74,-160-50,-74,-40-49,-74,0-48,-74,40-47,-74,40-46,-74,40-45,-74,80-44,-74,120-43,-74,80-42,-74,40-41,-74,40-40,-74,40-39,-74,40-38,-74,40-37,-74,40-36,-74,40-35,-74,120-34,-74,160-33,-74,200-32,-74,240-31,-74,240-30,-74,320-29,-74,360-28,-74,400-27,-74,400-26,-74,360-25,-74,320-24,-74,280-23,-74,280-22,-74,320-21,-74,320-20,-74,360-19,-74,440-18,-74,440-17,-74,520-16,-74,640-15,-74,760-14,-74,720-13,-74,680-12,-74,760-11,-74,1040-10,-74,1480-9,-74,1640-8,-74,1600-7,-74,1640-6,-74,1680-5,-74,1600-4,-74,1680-3,-74,1640-2,-74,1600-1,-74,15200,-74,16001,-74,16002,-74,15603,-74,14404,-74,14005,-74,14006,-74,14407,-74,14808,-74,13209,-74,132010,-74,132011,-74,132012,-74,128013,-74,132014,-74,128015,-74,112016,-74,112017,-74,100018,-74,100019,-74,92020,-74,92021,-74,84022,-74,80023,-74,84024,-74,88025,-74,80026,-74,80027,-74,80028,-74,80029,-74,80030,-74,84031,-74,84032,-74,88033,-74,80034,-74,80035,-74,76036,-74,72037,-74,68038,-74,76039,-74,80040,-74,80041,-74,76042,-74,76043,-74,68044,-74,56045,-74,64046,-74,68047,-74,68048,-74,76049,-74,80050,-74,80051,-74,68052,-74,64053,-74,52054,-74,48055,-74,44056,-74,36057,-74,40058,-74,36059,-74,36060,-74,40061,-74,36062,-74,40063,-74,44064,-74,44065,-74,44066,-74,36067,-74,28068,-74,28069,-74,24070,-74,24071,-74,24072,-74,24073,-74,24074,-74,24075,-74,24076,-74,24077,-74,24078,-74,24079,-74,24080,-74,24081,-74,24082,-74,24083,-74,24084,-74,24085,-74,24086,-74,24087,-74,24088,-74,24089,-74,20090,-74,20091,-74,20092,-74,20093,-74,20094,-74,20095,-74,20096,-74,20097,-74,24098,-74,28099,-74,320100,-74,280101,-74,280102,-74,280103,-74,240104,-74,240105,-74,200106,-74,240107,-74,240108,-74,240109,-74,280110,-74,280111,-74,280112,-74,280113,-74,280114,-74,280115,-74,240116,-74,200117,-74,160118,-74,120119,-74,120120,-74,120121,-74,160122,-74,160123,-74,160124,-74,160125,-74,160126,-74,120127,-74,120128,-74,120129,-74,120130,-74,160131,-74,200132,-74,200133,-74,240134,-74,280135,-74,360136,-74,480137,-74,560138,-74,680139,-74,680140,-74,720141,-74,800142,-74,840143,-74,800144,-74,800145,-74,880146,-74,920147,-74,880148,-74,960149,-74,1080150,-74,1000151,-74,800152,-74,640153,-74,640154,-74,600155,-74,640156,-74,640157,-74,600158,-74,560159,-74,480160,-74,480161,-74,480162,-74,400163,-74,360164,-74,320165,-74,240166,-74,200167,-74,160168,-74,120169,-74,80170,-74,40171,-74,0172,-74,0173,-74,-40174,-74,-80175,-74,-120176,-74,-120177,-74,-160178,-74,-160179,-74,-960-180,-75,-2000-179,-75,-2680-178,-75,-3240-177,-75,-3480-176,-75,-3480-175,-75,-3480-174,-75,-3480-173,-75,-3480-172,-75,-3480-171,-75,-3480-170,-75,-3480-169,-75,-3480-168,-75,-3480-167,-75,-3480-166,-75,-3480-165,-75,-3480-164,-75,-3480-163,-75,-3480-162,-75,-3480-161,-75,-3480-160,-75,-3480-159,-75,-3480-158,-75,-3480-157,-75,-3480-156,-75,-3480-155,-75,-3480-154,-75,-3480-153,-75,-3480-152,-75,-3480-151,-75,-3480-150,-75,-3480-149,-75,-3480-148,-75,-3480-147,-75,-3480-146,-75,-3480-145,-75,-3480-144,-75,-3480-143,-75,-3480-142,-75,-3480-141,-75,-3480-140,-75,-3480-139,-75,-3480-138,-75,-3480-137,-75,-3480-136,-75,-3480-135,-75,-3480-134,-75,-3480-133,-75,-3480-132,-75,-3480-131,-75,-3480-130,-75,-3480-129,-75,-3480-128,-75,-3480-127,-75,-3480-126,-75,-3480-125,-75,-3480-124,-75,-3480-123,-75,-3480-122,-75,-3480-121,-75,-3280-120,-75,-3080-119,-75,-2880-118,-75,-2640-117,-75,-2400-116,-75,-2320-115,-75,-2200-114,-75,-1960-113,-75,-1840-112,-75,-1600-111,-75,-1440-110,-75,-1240-109,-75,-1040-108,-75,-840-107,-75,-680-106,-75,-600-105,-75,-520-104,-75,-400-103,-75,-320-102,-75,-240-101,-75,-240-100,-75,-160-99,-75,-120-98,-75,-80-97,-75,-120-96,-75,-40-95,-75,40-94,-75,160-93,-75,360-92,-75,440-91,-75,560-90,-75,640-89,-75,680-88,-75,640-87,-75,640-86,-75,600-85,-75,520-84,-75,480-83,-75,400-82,-75,320-81,-75,280-80,-75,160-79,-75,120-78,-75,120-77,-75,120-76,-75,40-75,-75,-40-74,-75,-160-73,-75,-120-72,-75,-120-71,-75,-160-70,-75,-160-69,-75,-160-68,-75,-120-67,-75,-200-66,-75,-240-65,-75,-320-64,-75,-400-63,-75,-560-62,-75,-640-61,-75,-720-60,-75,-680-59,-75,-560-58,-75,-440-57,-75,-320-56,-75,-240-55,-75,-200-54,-75,-160-53,-75,-160-52,-75,-160-51,-75,-80-50,-75,-40-49,-75,40-48,-75,80-47,-75,120-46,-75,80-45,-75,80-44,-75,80-43,-75,40-42,-75,40-41,-75,40-40,-75,40-39,-75,0-38,-75,40-37,-75,40-36,-75,80-35,-75,160-34,-75,240-33,-75,240-32,-75,240-31,-75,280-30,-75,320-29,-75,400-28,-75,440-27,-75,440-26,-75,360-25,-75,360-24,-75,280-23,-75,240-22,-75,280-21,-75,280-20,-75,360-19,-75,400-18,-75,400-17,-75,440-16,-75,560-15,-75,560-14,-75,560-13,-75,560-12,-75,600-11,-75,720-10,-75,960-9,-75,1120-8,-75,1240-7,-75,1280-6,-75,1360-5,-75,1400-4,-75,1320-3,-75,1280-2,-75,1240-1,-75,11200,-75,11201,-75,10802,-75,10803,-75,10404,-75,10405,-75,9206,-75,9207,-75,10008,-75,10409,-75,92010,-75,88011,-75,92012,-75,92013,-75,88014,-75,84015,-75,80016,-75,80017,-75,80018,-75,72019,-75,68020,-75,68021,-75,68022,-75,60023,-75,64024,-75,68025,-75,72026,-75,64027,-75,64028,-75,64029,-75,60030,-75,64031,-75,64032,-75,68033,-75,72034,-75,60035,-75,64036,-75,60037,-75,56038,-75,52039,-75,52040,-75,56041,-75,52042,-75,48043,-75,52044,-75,52045,-75,48046,-75,52047,-75,52048,-75,60049,-75,64050,-75,68051,-75,56052,-75,48053,-75,44054,-75,40055,-75,32056,-75,28057,-75,28058,-75,28059,-75,32060,-75,32061,-75,36062,-75,40063,-75,44064,-75,44065,-75,40066,-75,32067,-75,32068,-75,32069,-75,28070,-75,28071,-75,24072,-75,24073,-75,24074,-75,24075,-75,24076,-75,24077,-75,24078,-75,24079,-75,24080,-75,24081,-75,24082,-75,24083,-75,24084,-75,24085,-75,24086,-75,24087,-75,24088,-75,20089,-75,20090,-75,20091,-75,20092,-75,20093,-75,20094,-75,20095,-75,20096,-75,20097,-75,28098,-75,28099,-75,360100,-75,400101,-75,360102,-75,280103,-75,280104,-75,240105,-75,240106,-75,280107,-75,280108,-75,320109,-75,360110,-75,320111,-75,360112,-75,400113,-75,360114,-75,360115,-75,320116,-75,280117,-75,200118,-75,200119,-75,200120,-75,160121,-75,200122,-75,200123,-75,200124,-75,200125,-75,200126,-75,200127,-75,120128,-75,160129,-75,240130,-75,320131,-75,360132,-75,400133,-75,440134,-75,440135,-75,560136,-75,600137,-75,720138,-75,720139,-75,760140,-75,840141,-75,880142,-75,960143,-75,1000144,-75,1080145,-75,1280146,-75,1280147,-75,1360148,-75,1400149,-75,1400150,-75,1320151,-75,1080152,-75,1000153,-75,1040154,-75,1000155,-75,1000156,-75,1000157,-75,880158,-75,840159,-75,760160,-75,680161,-75,600162,-75,560163,-75,480164,-75,280165,-75,200166,-75,160167,-75,120168,-75,80169,-75,40170,-75,0171,-75,0172,-75,40173,-75,0174,-75,-40175,-75,-40176,-75,-80177,-75,-160178,-75,-160179,-75,-760-180,-76,-1680-179,-76,-2440-178,-76,-3040-177,-76,-3400-176,-76,-3480-175,-76,-3480-174,-76,-3480-173,-76,-3480-172,-76,-3480-171,-76,-3480-170,-76,-3480-169,-76,-3480-168,-76,-3480-167,-76,-3480-166,-76,-3480-165,-76,-3480-164,-76,-3480-163,-76,-3480-162,-76,-3480-161,-76,-3480-160,-76,-3480-159,-76,-3480-158,-76,-3480-157,-76,-3480-156,-76,-3480-155,-76,-3480-154,-76,-3480-153,-76,-3480-152,-76,-3480-151,-76,-3480-150,-76,-3480-149,-76,-3480-148,-76,-3480-147,-76,-3480-146,-76,-3480-145,-76,-3480-144,-76,-3480-143,-76,-3480-142,-76,-3480-141,-76,-3480-140,-76,-3480-139,-76,-3480-138,-76,-3480-137,-76,-3480-136,-76,-3480-135,-76,-3480-134,-76,-3480-133,-76,-3480-132,-76,-3480-131,-76,-3480-130,-76,-3480-129,-76,-3480-128,-76,-3480-127,-76,-3480-126,-76,-3360-125,-76,-2880-124,-76,-2600-123,-76,-2480-122,-76,-2360-121,-76,-2320-120,-76,-2120-119,-76,-1960-118,-76,-1880-117,-76,-1760-116,-76,-1680-115,-76,-1560-114,-76,-1360-113,-76,-1200-112,-76,-1000-111,-76,-880-110,-76,-720-109,-76,-640-108,-76,-480-107,-76,-400-106,-76,-320-105,-76,-240-104,-76,-240-103,-76,-200-102,-76,-160-101,-76,-160-100,-76,-120-99,-76,-120-98,-76,-120-97,-76,-120-96,-76,0-95,-76,120-94,-76,280-93,-76,360-92,-76,520-91,-76,520-90,-76,600-89,-76,560-88,-76,520-87,-76,520-86,-76,400-85,-76,360-84,-76,320-83,-76,280-82,-76,200-81,-76,120-80,-76,80-79,-76,40-78,-76,40-77,-76,0-76,-76,0-75,-76,-40-74,-76,-160-73,-76,-160-72,-76,-160-71,-76,-160-70,-76,-200-69,-76,-200-68,-76,-240-67,-76,-240-66,-76,-400-65,-76,-440-64,-76,-560-63,-76,-640-62,-76,-720-61,-76,-680-60,-76,-560-59,-76,-440-58,-76,-360-57,-76,-240-56,-76,-200-55,-76,-160-54,-76,-160-53,-76,-160-52,-76,-160-51,-76,-160-50,-76,-80-49,-76,-40-48,-76,80-47,-76,80-46,-76,80-45,-76,80-44,-76,0-43,-76,0-42,-76,0-41,-76,0-40,-76,-40-39,-76,0-38,-76,40-37,-76,80-36,-76,160-35,-76,200-34,-76,240-33,-76,240-32,-76,240-31,-76,240-30,-76,280-29,-76,320-28,-76,360-27,-76,400-26,-76,360-25,-76,320-24,-76,280-23,-76,240-22,-76,280-21,-76,280-20,-76,320-19,-76,400-18,-76,440-17,-76,520-16,-76,520-15,-76,560-14,-76,560-13,-76,520-12,-76,480-11,-76,400-10,-76,400-9,-76,480-8,-76,560-7,-76,600-6,-76,680-5,-76,760-4,-76,760-3,-76,760-2,-76,800-1,-76,8400,-76,8001,-76,8402,-76,7203,-76,7604,-76,7205,-76,6406,-76,5607,-76,6008,-76,6009,-76,56010,-76,60011,-76,60012,-76,52013,-76,60014,-76,56015,-76,48016,-76,52017,-76,52018,-76,56019,-76,48020,-76,48021,-76,48022,-76,48023,-76,48024,-76,48025,-76,48026,-76,48027,-76,48028,-76,48029,-76,44030,-76,48031,-76,48032,-76,52033,-76,52034,-76,48035,-76,40036,-76,44037,-76,40038,-76,40039,-76,44040,-76,40041,-76,48042,-76,44043,-76,44044,-76,44045,-76,48046,-76,52047,-76,48048,-76,48049,-76,44050,-76,48051,-76,40052,-76,36053,-76,36054,-76,32055,-76,28056,-76,28057,-76,32058,-76,32059,-76,32060,-76,36061,-76,40062,-76,40063,-76,36064,-76,36065,-76,40066,-76,32067,-76,32068,-76,36069,-76,32070,-76,32071,-76,24072,-76,24073,-76,24074,-76,20075,-76,20076,-76,24077,-76,24078,-76,24079,-76,24080,-76,24081,-76,20082,-76,24083,-76,24084,-76,24085,-76,20086,-76,20087,-76,20088,-76,20089,-76,20090,-76,20091,-76,20092,-76,20093,-76,20094,-76,20095,-76,20096,-76,20097,-76,24098,-76,28099,-76,360100,-76,400101,-76,400102,-76,360103,-76,320104,-76,280105,-76,320106,-76,360107,-76,400108,-76,400109,-76,400110,-76,440111,-76,440112,-76,440113,-76,440114,-76,440115,-76,400116,-76,400117,-76,280118,-76,320119,-76,280120,-76,320121,-76,360122,-76,320123,-76,280124,-76,320125,-76,280126,-76,200127,-76,360128,-76,480129,-76,520130,-76,520131,-76,560132,-76,560133,-76,600134,-76,600135,-76,640136,-76,680137,-76,760138,-76,760139,-76,840140,-76,840141,-76,920142,-76,1080143,-76,1200144,-76,1360145,-76,1520146,-76,1480147,-76,1440148,-76,1520149,-76,1600150,-76,1440151,-76,1240152,-76,1200153,-76,1240154,-76,1240155,-76,1080156,-76,1000157,-76,920158,-76,840159,-76,840160,-76,800161,-76,720162,-76,640163,-76,480164,-76,240165,-76,240166,-76,200167,-76,160168,-76,120169,-76,120170,-76,40171,-76,40172,-76,0173,-76,0174,-76,-40175,-76,-80176,-76,-400177,-76,-680178,-76,-440179,-76,-400-180,-77,-1440-179,-77,-2000-178,-77,-2680-177,-77,-3200-176,-77,-3480-175,-77,-3480-174,-77,-3480-173,-77,-3480-172,-77,-3480-171,-77,-3480-170,-77,-3480-169,-77,-3480-168,-77,-3480-167,-77,-3480-166,-77,-3480-165,-77,-3480-164,-77,-3480-163,-77,-3480-162,-77,-3480-161,-77,-3480-160,-77,-3480-159,-77,-3480-158,-77,-3480-157,-77,-3480-156,-77,-3480-155,-77,-3480-154,-77,-3480-153,-77,-3480-152,-77,-3480-151,-77,-3480-150,-77,-3480-149,-77,-3480-148,-77,-3480-147,-77,-3480-146,-77,-3480-145,-77,-3440-144,-77,-3200-143,-77,-3040-142,-77,-2920-141,-77,-2960-140,-77,-3000-139,-77,-3040-138,-77,-3080-137,-77,-3040-136,-77,-3240-135,-77,-2920-134,-77,-2880-133,-77,-3080-132,-77,-2840-131,-77,-2800-130,-77,-2600-129,-77,-2480-128,-77,-2400-127,-77,-2240-126,-77,-2080-125,-77,-2040-124,-77,-1920-123,-77,-1800-122,-77,-1720-121,-77,-1600-120,-77,-1480-119,-77,-1400-118,-77,-1360-117,-77,-1280-116,-77,-1160-115,-77,-1080-114,-77,-920-113,-77,-720-112,-77,-720-111,-77,-560-110,-77,-520-109,-77,-400-108,-77,-320-107,-77,-280-106,-77,-240-105,-77,-160-104,-77,-160-103,-77,-120-102,-77,-120-101,-77,-120-100,-77,-120-99,-77,-120-98,-77,-120-97,-77,-40-96,-77,40-95,-77,160-94,-77,400-93,-77,480-92,-77,600-91,-77,600-90,-77,480-89,-77,520-88,-77,400-87,-77,320-86,-77,240-85,-77,280-84,-77,240-83,-77,160-82,-77,120-81,-77,80-80,-77,40-79,-77,0-78,-77,0-77,-77,0-76,-77,-40-75,-77,-160-74,-77,-160-73,-77,-160-72,-77,-160-71,-77,-200-70,-77,-240-69,-77,-280-68,-77,-320-67,-77,-400-66,-77,-480-65,-77,-640-64,-77,-680-63,-77,-760-62,-77,-720-61,-77,-600-60,-77,-440-59,-77,-320-58,-77,-280-57,-77,-200-56,-77,-160-55,-77,-160-54,-77,-160-53,-77,-160-52,-77,-160-51,-77,-160-50,-77,-160-49,-77,-120-48,-77,-40-47,-77,0-46,-77,40-45,-77,0-44,-77,0-43,-77,0-42,-77,-40-41,-77,-40-40,-77,-40-39,-77,-40-38,-77,0-37,-77,120-36,-77,160-35,-77,240-34,-77,240-33,-77,200-32,-77,160-31,-77,160-30,-77,200-29,-77,240-28,-77,200-27,-77,240-26,-77,240-25,-77,240-24,-77,240-23,-77,160-22,-77,160-21,-77,200-20,-77,240-19,-77,320-18,-77,400-17,-77,440-16,-77,440-15,-77,480-14,-77,480-13,-77,520-12,-77,480-11,-77,400-10,-77,360-9,-77,320-8,-77,360-7,-77,400-6,-77,440-5,-77,440-4,-77,480-3,-77,480-2,-77,560-1,-77,5600,-77,5601,-77,5202,-77,4803,-77,4804,-77,4405,-77,4406,-77,4407,-77,4408,-77,4409,-77,44010,-77,44011,-77,44012,-77,44013,-77,44014,-77,44015,-77,44016,-77,44017,-77,44018,-77,40019,-77,40020,-77,40021,-77,40022,-77,40023,-77,36024,-77,40025,-77,40026,-77,40027,-77,40028,-77,40029,-77,36030,-77,40031,-77,40032,-77,44033,-77,44034,-77,44035,-77,40036,-77,36037,-77,36038,-77,36039,-77,40040,-77,40041,-77,44042,-77,40043,-77,40044,-77,40045,-77,44046,-77,44047,-77,40048,-77,40049,-77,40050,-77,32051,-77,32052,-77,28053,-77,32054,-77,36055,-77,36056,-77,32057,-77,36058,-77,40059,-77,40060,-77,44061,-77,44062,-77,44063,-77,40064,-77,40065,-77,40066,-77,40067,-77,40068,-77,36069,-77,36070,-77,36071,-77,32072,-77,32073,-77,28074,-77,24075,-77,24076,-77,24077,-77,24078,-77,24079,-77,20080,-77,24081,-77,24082,-77,20083,-77,20084,-77,20085,-77,20086,-77,20087,-77,20088,-77,20089,-77,20090,-77,20091,-77,20092,-77,20093,-77,20094,-77,20095,-77,20096,-77,20097,-77,24098,-77,28099,-77,280100,-77,320101,-77,360102,-77,360103,-77,320104,-77,320105,-77,360106,-77,400107,-77,440108,-77,480109,-77,480110,-77,520111,-77,520112,-77,520113,-77,480114,-77,480115,-77,440116,-77,440117,-77,400118,-77,440119,-77,440120,-77,440121,-77,480122,-77,480123,-77,440124,-77,440125,-77,360126,-77,480127,-77,680128,-77,640129,-77,640130,-77,680131,-77,680132,-77,720133,-77,720134,-77,720135,-77,760136,-77,800137,-77,720138,-77,720139,-77,800140,-77,880141,-77,960142,-77,1040143,-77,1160144,-77,1280145,-77,1480146,-77,1440147,-77,1520148,-77,1680149,-77,1600150,-77,1600151,-77,1560152,-77,1520153,-77,1600154,-77,1480155,-77,1120156,-77,880157,-77,880158,-77,880159,-77,840160,-77,760161,-77,680162,-77,560163,-77,440164,-77,360165,-77,280166,-77,240167,-77,200168,-77,200169,-77,160170,-77,120171,-77,80172,-77,80173,-77,80174,-77,40175,-77,80176,-77,0177,-77,-320178,-77,-840179,-77,-320-180,-78,-1200-179,-78,-1560-178,-78,-2160-177,-78,-2760-176,-78,-3280-175,-78,-3480-174,-78,-3480-173,-78,-3480-172,-78,-3480-171,-78,-3480-170,-78,-3480-169,-78,-3480-168,-78,-3480-167,-78,-3480-166,-78,-3480-165,-78,-3480-164,-78,-3480-163,-78,-3480-162,-78,-3480-161,-78,-3480-160,-78,-3480-159,-78,-3480-158,-78,-3480-157,-78,-3480-156,-78,-3480-155,-78,-3480-154,-78,-3480-153,-78,-3480-152,-78,-2760-151,-78,-2680-150,-78,-2680-149,-78,-2680-148,-78,-2680-147,-78,-2680-146,-78,-2680-145,-78,-2680-144,-78,-2680-143,-78,-2680-142,-78,-2680-141,-78,-2680-140,-78,-2680-139,-78,-2680-138,-78,-2640-137,-78,-2600-136,-78,-2600-135,-78,-2560-134,-78,-2480-133,-78,-2320-132,-78,-2200-131,-78,-2080-130,-78,-2000-129,-78,-1840-128,-78,-1800-127,-78,-1640-126,-78,-1520-125,-78,-1360-124,-78,-1320-123,-78,-1240-122,-78,-1120-121,-78,-1120-120,-78,-1040-119,-78,-1000-118,-78,-1000-117,-78,-920-116,-78,-800-115,-78,-680-114,-78,-640-113,-78,-520-112,-78,-440-111,-78,-360-110,-78,-280-109,-78,-240-108,-78,-200-107,-78,-120-106,-78,-120-105,-78,-80-104,-78,-80-103,-78,-80-102,-78,-80-101,-78,-40-100,-78,-40-99,-78,40-98,-78,80-97,-78,120-96,-78,200-95,-78,280-94,-78,400-93,-78,480-92,-78,560-91,-78,640-90,-78,480-89,-78,400-88,-78,280-87,-78,200-86,-78,160-85,-78,120-84,-78,120-83,-78,120-82,-78,80-81,-78,40-80,-78,40-79,-78,0-78,-78,0-77,-78,-120-76,-78,-160-75,-78,-120-74,-78,-160-73,-78,-160-72,-78,-200-71,-78,-240-70,-78,-320-69,-78,-400-68,-78,-480-67,-78,-560-66,-78,-640-65,-78,-720-64,-78,-760-63,-78,-680-62,-78,-600-61,-78,-440-60,-78,-360-59,-78,-280-58,-78,-200-57,-78,-160-56,-78,-160-55,-78,-160-54,-78,-160-53,-78,-160-52,-78,-160-51,-78,-160-50,-78,-160-49,-78,-160-48,-78,-160-47,-78,-80-46,-78,-40-45,-78,-40-44,-78,-40-43,-78,-40-42,-78,-80-41,-78,-40-40,-78,-40-39,-78,-40-38,-78,40-37,-78,120-36,-78,160-35,-78,200-34,-78,160-33,-78,160-32,-78,160-31,-78,120-30,-78,80-29,-78,120-28,-78,120-27,-78,120-26,-78,120-25,-78,160-24,-78,120-23,-78,80-22,-78,120-21,-78,160-20,-78,200-19,-78,240-18,-78,320-17,-78,360-16,-78,360-15,-78,400-14,-78,400-13,-78,440-12,-78,400-11,-78,360-10,-78,360-9,-78,320-8,-78,320-7,-78,320-6,-78,320-5,-78,360-4,-78,360-3,-78,360-2,-78,360-1,-78,3200,-78,3201,-78,3202,-78,3203,-78,3204,-78,3205,-78,3206,-78,3207,-78,3208,-78,3609,-78,32010,-78,32011,-78,36012,-78,36013,-78,36014,-78,36015,-78,36016,-78,36017,-78,44018,-78,36019,-78,36020,-78,36021,-78,36022,-78,36023,-78,36024,-78,36025,-78,36026,-78,36027,-78,36028,-78,36029,-78,36030,-78,40031,-78,40032,-78,40033,-78,44034,-78,44035,-78,40036,-78,40037,-78,40038,-78,40039,-78,40040,-78,40041,-78,40042,-78,40043,-78,40044,-78,40045,-78,44046,-78,40047,-78,44048,-78,36049,-78,40050,-78,32051,-78,32052,-78,32053,-78,36054,-78,40055,-78,40056,-78,44057,-78,40058,-78,48059,-78,48060,-78,48061,-78,48062,-78,48063,-78,44064,-78,36065,-78,36066,-78,36067,-78,32068,-78,32069,-78,40070,-78,40071,-78,44072,-78,40073,-78,36074,-78,32075,-78,32076,-78,28077,-78,28078,-78,28079,-78,32080,-78,28081,-78,28082,-78,28083,-78,28084,-78,28085,-78,24086,-78,24087,-78,20088,-78,20089,-78,16090,-78,20091,-78,20092,-78,20093,-78,20094,-78,20095,-78,20096,-78,20097,-78,20098,-78,24099,-78,240100,-78,280101,-78,280102,-78,280103,-78,280104,-78,320105,-78,360106,-78,400107,-78,440108,-78,480109,-78,480110,-78,520111,-78,520112,-78,480113,-78,480114,-78,400115,-78,400116,-78,400117,-78,400118,-78,440119,-78,480120,-78,480121,-78,480122,-78,480123,-78,480124,-78,480125,-78,480126,-78,760127,-78,760128,-78,800129,-78,720130,-78,840131,-78,840132,-78,800133,-78,840134,-78,800135,-78,800136,-78,800137,-78,760138,-78,760139,-78,800140,-78,880141,-78,920142,-78,1040143,-78,1040144,-78,1160145,-78,1320146,-78,1400147,-78,1480148,-78,1680149,-78,1560150,-78,1520151,-78,1560152,-78,1640153,-78,1680154,-78,1640155,-78,1480156,-78,1320157,-78,1320158,-78,1240159,-78,1160160,-78,920161,-78,720162,-78,640163,-78,640164,-78,560165,-78,440166,-78,280167,-78,280168,-78,200169,-78,160170,-78,160171,-78,120172,-78,120173,-78,120174,-78,80175,-78,40176,-78,40177,-78,0178,-78,-760179,-78,-720-180,-79,-1080-179,-79,-1280-178,-79,-1560-177,-79,-2200-176,-79,-2640-175,-79,-3120-174,-79,-3400-173,-79,-3440-172,-79,-3480-171,-79,-3480-170,-79,-3480-169,-79,-3480-168,-79,-3480-167,-79,-3480-166,-79,-3480-165,-79,-3480-164,-79,-3480-163,-79,-3480-162,-79,-3480-161,-79,-3480-160,-79,-3480-159,-79,-3480-158,-79,-3480-157,-79,-3480-156,-79,-3480-155,-79,-2800-154,-79,-2680-153,-79,-2680-152,-79,-2680-151,-79,-2680-150,-79,-2680-149,-79,-2680-148,-79,-2680-147,-79,-2680-146,-79,-2680-145,-79,-2680-144,-79,-2640-143,-79,-2600-142,-79,-2600-141,-79,-2520-140,-79,-2400-139,-79,-2320-138,-79,-2200-137,-79,-2160-136,-79,-2040-135,-79,-1920-134,-79,-1880-133,-79,-1680-132,-79,-1520-131,-79,-1440-130,-79,-1400-129,-79,-1320-128,-79,-1200-127,-79,-1080-126,-79,-1080-125,-79,-1000-124,-79,-960-123,-79,-920-122,-79,-880-121,-79,-880-120,-79,-720-119,-79,-760-118,-79,-640-117,-79,-560-116,-79,-440-115,-79,-360-114,-79,-320-113,-79,-280-112,-79,-200-111,-79,-160-110,-79,-160-109,-79,-120-108,-79,-80-107,-79,-40-106,-79,-40-105,-79,-40-104,-79,-40-103,-79,-40-102,-79,0-101,-79,80-100,-79,80-99,-79,120-98,-79,160-97,-79,280-96,-79,440-95,-79,560-94,-79,640-93,-79,760-92,-79,760-91,-79,680-90,-79,600-89,-79,520-88,-79,440-87,-79,280-86,-79,200-85,-79,120-84,-79,80-83,-79,80-82,-79,40-81,-79,40-80,-79,0-79,-79,-40-78,-79,-80-77,-79,-120-76,-79,-160-75,-79,-160-74,-79,-160-73,-79,-160-72,-79,-160-71,-79,-280-70,-79,-400-69,-79,-520-68,-79,-640-67,-79,-680-66,-79,-760-65,-79,-760-64,-79,-680-63,-79,-560-62,-79,-400-61,-79,-360-60,-79,-280-59,-79,-200-58,-79,-160-57,-79,-160-56,-79,-160-55,-79,-160-54,-79,-160-53,-79,-160-52,-79,-160-51,-79,-160-50,-79,-160-49,-79,-160-48,-79,-160-47,-79,-160-46,-79,-160-45,-79,-160-44,-79,-160-43,-79,-160-42,-79,-160-41,-79,-80-40,-79,-40-39,-79,0-38,-79,0-37,-79,40-36,-79,120-35,-79,120-34,-79,120-33,-79,80-32,-79,80-31,-79,40-30,-79,40-29,-79,40-28,-79,40-27,-79,80-26,-79,80-25,-79,80-24,-79,80-23,-79,80-22,-79,80-21,-79,80-20,-79,80-19,-79,200-18,-79,200-17,-79,240-16,-79,280-15,-79,280-14,-79,360-13,-79,360-12,-79,360-11,-79,320-10,-79,280-9,-79,320-8,-79,320-7,-79,320-6,-79,320-5,-79,360-4,-79,320-3,-79,320-2,-79,280-1,-79,2800,-79,2801,-79,3202,-79,3203,-79,2804,-79,3205,-79,2806,-79,3207,-79,3208,-79,3209,-79,32010,-79,32011,-79,32012,-79,36013,-79,36014,-79,36015,-79,36016,-79,36017,-79,36018,-79,36019,-79,36020,-79,32021,-79,36022,-79,36023,-79,36024,-79,36025,-79,36026,-79,36027,-79,36028,-79,32029,-79,32030,-79,32031,-79,36032,-79,32033,-79,36034,-79,32035,-79,36036,-79,32037,-79,36038,-79,36039,-79,32040,-79,32041,-79,32042,-79,28043,-79,32044,-79,36045,-79,36046,-79,36047,-79,40048,-79,36049,-79,36050,-79,28051,-79,32052,-79,32053,-79,36054,-79,48055,-79,48056,-79,52057,-79,60058,-79,60059,-79,56060,-79,56061,-79,56062,-79,60063,-79,48064,-79,44065,-79,44066,-79,44067,-79,44068,-79,36069,-79,40070,-79,52071,-79,64072,-79,60073,-79,56074,-79,48075,-79,44076,-79,40077,-79,40078,-79,44079,-79,44080,-79,48081,-79,44082,-79,44083,-79,44084,-79,40085,-79,32086,-79,28087,-79,28088,-79,24089,-79,24090,-79,24091,-79,24092,-79,28093,-79,20094,-79,20095,-79,20096,-79,20097,-79,20098,-79,20099,-79,200100,-79,200101,-79,200102,-79,200103,-79,200104,-79,240105,-79,280106,-79,320107,-79,360108,-79,400109,-79,400110,-79,400111,-79,400112,-79,400113,-79,320114,-79,320115,-79,280116,-79,320117,-79,280118,-79,360119,-79,360120,-79,360121,-79,360122,-79,360123,-79,360124,-79,360125,-79,680126,-79,680127,-79,760128,-79,800129,-79,880130,-79,840131,-79,840132,-79,840133,-79,880134,-79,880135,-79,880136,-79,760137,-79,720138,-79,720139,-79,760140,-79,720141,-79,760142,-79,840143,-79,840144,-79,800145,-79,960146,-79,1080147,-79,1240148,-79,1400149,-79,1480150,-79,1520151,-79,1640152,-79,1760153,-79,1880154,-79,1960155,-79,1840156,-79,1760157,-79,1640158,-79,1640159,-79,1560160,-79,1240161,-79,1080162,-79,960163,-79,800164,-79,680165,-79,560166,-79,480167,-79,360168,-79,280169,-79,280170,-79,240171,-79,200172,-79,160173,-79,160174,-79,120175,-79,120176,-79,120177,-79,120178,-79,120179,-79,-760-180,-80,-1000-179,-80,-1080-178,-80,-1240-177,-80,-1560-176,-80,-2160-175,-80,-2520-174,-80,-2800-173,-80,-3040-172,-80,-3160-171,-80,-3280-170,-80,-3320-169,-80,-3360-168,-80,-3400-167,-80,-3440-166,-80,-3440-165,-80,-3520-164,-80,-3440-163,-80,-3440-162,-80,-3440-161,-80,-3480-160,-80,-3200-159,-80,-2920-158,-80,-2800-157,-80,-2680-156,-80,-2640-155,-80,-2640-154,-80,-2640-153,-80,-2600-152,-80,-2560-151,-80,-2600-150,-80,-2520-149,-80,-2480-148,-80,-2480-147,-80,-2400-146,-80,-2320-145,-80,-2200-144,-80,-2080-143,-80,-1920-142,-80,-1800-141,-80,-1640-140,-80,-1600-139,-80,-1640-138,-80,-1600-137,-80,-1440-136,-80,-1360-135,-80,-1280-134,-80,-1160-133,-80,-1120-132,-80,-1000-131,-80,-960-130,-80,-960-129,-80,-920-128,-80,-880-127,-80,-800-126,-80,-760-125,-80,-720-124,-80,-640-123,-80,-520-122,-80,-520-121,-80,-520-120,-80,-480-119,-80,-400-118,-80,-280-117,-80,-280-116,-80,-200-115,-80,-160-114,-80,-120-113,-80,-80-112,-80,-80-111,-80,-80-110,-80,-40-109,-80,-40-108,-80,-40-107,-80,0-106,-80,80-105,-80,80-104,-80,80-103,-80,120-102,-80,80-101,-80,80-100,-80,160-99,-80,160-98,-80,240-97,-80,400-96,-80,480-95,-80,560-94,-80,640-93,-80,680-92,-80,680-91,-80,680-90,-80,600-89,-80,440-88,-80,360-87,-80,240-86,-80,200-85,-80,80-84,-80,40-83,-80,-40-82,-80,-40-81,-80,-80-80,-80,-80-79,-80,-80-78,-80,-80-77,-80,-120-76,-80,-120-75,-80,-120-74,-80,-160-73,-80,-160-72,-80,-200-71,-80,-280-70,-80,-400-69,-80,-560-68,-80,-640-67,-80,-720-66,-80,-720-65,-80,-640-64,-80,-560-63,-80,-480-62,-80,-360-61,-80,-280-60,-80,-200-59,-80,-160-58,-80,-160-57,-80,-160-56,-80,-160-55,-80,-160-54,-80,-160-53,-80,-160-52,-80,-160-51,-80,-160-50,-80,-160-49,-80,-160-48,-80,-160-47,-80,-160-46,-80,-160-45,-80,-160-44,-80,-160-43,-80,-160-42,-80,-160-41,-80,-120-40,-80,-40-39,-80,-40-38,-80,0-37,-80,-40-36,-80,40-35,-80,40-34,-80,40-33,-80,0-32,-80,40-31,-80,40-30,-80,40-29,-80,40-28,-80,40-27,-80,80-26,-80,80-25,-80,80-24,-80,40-23,-80,40-22,-80,40-21,-80,40-20,-80,80-19,-80,120-18,-80,160-17,-80,160-16,-80,160-15,-80,160-14,-80,200-13,-80,240-12,-80,200-11,-80,200-10,-80,200-9,-80,200-8,-80,240-7,-80,240-6,-80,240-5,-80,280-4,-80,280-3,-80,280-2,-80,280-1,-80,2800,-80,2801,-80,2802,-80,2803,-80,2804,-80,2805,-80,2806,-80,2807,-80,2808,-80,3209,-80,32010,-80,32011,-80,32012,-80,32013,-80,32014,-80,32015,-80,32016,-80,32017,-80,32018,-80,32019,-80,32020,-80,32021,-80,32022,-80,32023,-80,32024,-80,32025,-80,32026,-80,28027,-80,28028,-80,28029,-80,28030,-80,24031,-80,24032,-80,24033,-80,24034,-80,28035,-80,24036,-80,28037,-80,28038,-80,28039,-80,28040,-80,28041,-80,28042,-80,28043,-80,24044,-80,24045,-80,28046,-80,28047,-80,28048,-80,28049,-80,24050,-80,28051,-80,28052,-80,32053,-80,32054,-80,44055,-80,52056,-80,60057,-80,60058,-80,60059,-80,64060,-80,60061,-80,60062,-80,60063,-80,60064,-80,60065,-80,52066,-80,56067,-80,52068,-80,52069,-80,56070,-80,56071,-80,64072,-80,68073,-80,64074,-80,60075,-80,60076,-80,56077,-80,56078,-80,60079,-80,72080,-80,80081,-80,80082,-80,80083,-80,80084,-80,68085,-80,64086,-80,52087,-80,44088,-80,40089,-80,36090,-80,32091,-80,40092,-80,36093,-80,32094,-80,36095,-80,36096,-80,32097,-80,32098,-80,28099,-80,280100,-80,280101,-80,240102,-80,240103,-80,240104,-80,240105,-80,280106,-80,360107,-80,360108,-80,320109,-80,280110,-80,280111,-80,280112,-80,280113,-80,280114,-80,280115,-80,280116,-80,280117,-80,280118,-80,320119,-80,280120,-80,320121,-80,320122,-80,280123,-80,280124,-80,600125,-80,640126,-80,640127,-80,680128,-80,760129,-80,800130,-80,800131,-80,840132,-80,880133,-80,880134,-80,880135,-80,840136,-80,760137,-80,760138,-80,720139,-80,720140,-80,680141,-80,760142,-80,720143,-80,640144,-80,680145,-80,680146,-80,760147,-80,840148,-80,920149,-80,1000150,-80,1120151,-80,1320152,-80,1600153,-80,1720154,-80,1800155,-80,1720156,-80,1480157,-80,1320158,-80,1360159,-80,1360160,-80,1320161,-80,1280162,-80,1280163,-80,1200164,-80,1080165,-80,1040166,-80,880167,-80,720168,-80,520169,-80,400170,-80,320171,-80,240172,-80,280173,-80,200174,-80,160175,-80,160176,-80,160177,-80,240178,-80,200179,-80,80-180,-81,-960-179,-81,-1000-178,-81,-1080-177,-81,-1200-176,-81,-1480-175,-81,-2040-174,-81,-2160-173,-81,-2200-172,-81,-2200-171,-81,-2240-170,-81,-2160-169,-81,-2000-168,-81,-1880-167,-81,-1880-166,-81,-2000-165,-81,-2120-164,-81,-2000-163,-81,-1880-162,-81,-1960-161,-81,-2080-160,-81,-2080-159,-81,-2080-158,-81,-2080-157,-81,-2040-156,-81,-2040-155,-81,-2040-154,-81,-1960-153,-81,-1880-152,-81,-1720-151,-81,-1680-150,-81,-1600-149,-81,-1520-148,-81,-1520-147,-81,-1480-146,-81,-1520-145,-81,-1480-144,-81,-1400-143,-81,-1360-142,-81,-1360-141,-81,-1280-140,-81,-1320-139,-81,-1080-138,-81,-880-137,-81,-800-136,-81,-800-135,-81,-760-134,-81,-760-133,-81,-760-132,-81,-760-131,-81,-720-130,-81,-680-129,-81,-640-128,-81,-600-127,-81,-560-126,-81,-520-125,-81,-440-124,-81,-360-123,-81,-320-122,-81,-280-121,-81,-240-120,-81,-240-119,-81,-200-118,-81,-160-117,-81,-160-116,-81,-80-115,-81,-80-114,-81,-40-113,-81,-40-112,-81,-40-111,-81,0-110,-81,0-109,-81,40-108,-81,40-107,-81,40-106,-81,40-105,-81,40-104,-81,120-103,-81,120-102,-81,120-101,-81,120-100,-81,120-99,-81,200-98,-81,320-97,-81,400-96,-81,440-95,-81,440-94,-81,560-93,-81,560-92,-81,560-91,-81,520-90,-81,480-89,-81,320-88,-81,200-87,-81,80-86,-81,0-85,-81,-40-84,-81,-40-83,-81,-80-82,-81,-80-81,-81,-40-80,-81,-80-79,-81,-80-78,-81,-80-77,-81,-80-76,-81,-80-75,-81,-120-74,-81,-120-73,-81,-120-72,-81,-160-71,-81,-280-70,-81,-360-69,-81,-520-68,-81,-560-67,-81,-600-66,-81,-560-65,-81,-480-64,-81,-400-63,-81,-320-62,-81,-280-61,-81,-200-60,-81,-160-59,-81,-160-58,-81,-160-57,-81,-160-56,-81,-160-55,-81,-160-54,-81,-160-53,-81,-160-52,-81,-160-51,-81,-160-50,-81,-160-49,-81,-160-48,-81,-160-47,-81,-160-46,-81,-160-45,-81,-160-44,-81,-160-43,-81,-160-42,-81,-160-41,-81,-120-40,-81,-80-39,-81,-40-38,-81,-40-37,-81,-40-36,-81,-40-35,-81,-40-34,-81,-40-33,-81,-40-32,-81,0-31,-81,0-30,-81,0-29,-81,0-28,-81,0-27,-81,0-26,-81,0-25,-81,-80-24,-81,-80-23,-81,-40-22,-81,0-21,-81,0-20,-81,40-19,-81,0-18,-81,0-17,-81,-40-16,-81,-40-15,-81,40-14,-81,40-13,-81,40-12,-81,40-11,-81,40-10,-81,40-9,-81,40-8,-81,160-7,-81,120-6,-81,200-5,-81,160-4,-81,200-3,-81,240-2,-81,160-1,-81,2000,-81,2401,-81,2402,-81,2003,-81,2004,-81,2405,-81,2406,-81,2407,-81,2808,-81,2809,-81,20010,-81,24011,-81,28012,-81,28013,-81,28014,-81,28015,-81,28016,-81,28017,-81,28018,-81,28019,-81,28020,-81,28021,-81,28022,-81,28023,-81,28024,-81,24025,-81,24026,-81,24027,-81,20028,-81,20029,-81,20030,-81,20031,-81,20032,-81,20033,-81,20034,-81,20035,-81,20036,-81,20037,-81,24038,-81,24039,-81,20040,-81,20041,-81,24042,-81,24043,-81,20044,-81,20045,-81,20046,-81,20047,-81,20048,-81,20049,-81,20050,-81,24051,-81,20052,-81,24053,-81,40054,-81,44055,-81,56056,-81,76057,-81,84058,-81,92059,-81,92060,-81,96061,-81,92062,-81,84063,-81,80064,-81,80065,-81,76066,-81,80067,-81,80068,-81,76069,-81,72070,-81,76071,-81,76072,-81,72073,-81,76074,-81,72075,-81,68076,-81,76077,-81,68078,-81,68079,-81,80080,-81,104081,-81,116082,-81,112083,-81,108084,-81,116085,-81,104086,-81,92087,-81,76088,-81,72089,-81,68090,-81,64091,-81,64092,-81,72093,-81,68094,-81,68095,-81,68096,-81,72097,-81,68098,-81,68099,-81,680100,-81,680101,-81,640102,-81,560103,-81,560104,-81,560105,-81,560106,-81,600107,-81,640108,-81,680109,-81,600110,-81,560111,-81,480112,-81,440113,-81,400114,-81,400115,-81,480116,-81,400117,-81,400118,-81,400119,-81,480120,-81,480121,-81,480122,-81,720123,-81,760124,-81,720125,-81,680126,-81,720127,-81,760128,-81,760129,-81,800130,-81,880131,-81,880132,-81,960133,-81,960134,-81,800135,-81,840136,-81,880137,-81,840138,-81,800139,-81,760140,-81,800141,-81,760142,-81,720143,-81,720144,-81,800145,-81,880146,-81,840147,-81,800148,-81,800149,-81,920150,-81,1000151,-81,1080152,-81,1240153,-81,1400154,-81,1320155,-81,1200156,-81,1120157,-81,1200158,-81,1320159,-81,1240160,-81,1280161,-81,1160162,-81,1080163,-81,1160164,-81,1160165,-81,1080166,-81,1040167,-81,1120168,-81,1040169,-81,920170,-81,680171,-81,560172,-81,440173,-81,320174,-81,280175,-81,240176,-81,240177,-81,280178,-81,280179,-81,240-180,-82,-960-179,-82,-960-178,-82,-1000-177,-82,-1040-176,-82,-880-175,-82,-600-174,-82,-880-173,-82,-1120-172,-82,-1160-171,-82,-1000-170,-82,-840-169,-82,-880-168,-82,-880-167,-82,-800-166,-82,-720-165,-82,-640-164,-82,-600-163,-82,-560-162,-82,-560-161,-82,-640-160,-82,-720-159,-82,-680-158,-82,-680-157,-82,-760-156,-82,-720-155,-82,-720-154,-82,-640-153,-82,-680-152,-82,-720-151,-82,-720-150,-82,-680-149,-82,-640-148,-82,-640-147,-82,-640-146,-82,-640-145,-82,-600-144,-82,-680-143,-82,-680-142,-82,-640-141,-82,-680-140,-82,-560-139,-82,-520-138,-82,-480-137,-82,-480-136,-82,-440-135,-82,-440-134,-82,-400-133,-82,-400-132,-82,-400-131,-82,-320-130,-82,-320-129,-82,-280-128,-82,-240-127,-82,-240-126,-82,-200-125,-82,-160-124,-82,-160-123,-82,-80-122,-82,-120-121,-82,-40-120,-82,-40-119,-82,-40-118,-82,0-117,-82,0-116,-82,0-115,-82,-40-114,-82,0-113,-82,0-112,-82,80-111,-82,40-110,-82,40-109,-82,40-108,-82,80-107,-82,40-106,-82,40-105,-82,40-104,-82,40-103,-82,80-102,-82,120-101,-82,160-100,-82,200-99,-82,240-98,-82,280-97,-82,320-96,-82,360-95,-82,320-94,-82,440-93,-82,440-92,-82,400-91,-82,440-90,-82,360-89,-82,320-88,-82,160-87,-82,40-86,-82,0-85,-82,0-84,-82,-40-83,-82,-40-82,-82,-40-81,-82,-40-80,-82,-40-79,-82,-40-78,-82,-40-77,-82,-40-76,-82,-40-75,-82,-80-74,-82,-80-73,-82,-80-72,-82,-120-71,-82,-200-70,-82,-240-69,-82,-360-68,-82,-360-67,-82,-400-66,-82,-400-65,-82,-320-64,-82,-280-63,-82,-240-62,-82,-160-61,-82,-160-60,-82,-160-59,-82,-160-58,-82,-160-57,-82,-160-56,-82,-160-55,-82,-160-54,-82,-160-53,-82,-160-52,-82,-160-51,-82,-160-50,-82,-160-49,-82,-160-48,-82,-160-47,-82,-160-46,-82,-160-45,-82,-160-44,-82,-160-43,-82,-160-42,-82,-160-41,-82,-160-40,-82,-120-39,-82,-80-38,-82,-40-37,-82,-120-36,-82,-40-35,-82,-40-34,-82,-40-33,-82,-40-32,-82,-40-31,-82,-120-30,-82,-120-29,-82,-160-28,-82,-160-27,-82,-160-26,-82,-160-25,-82,-160-24,-82,-160-23,-82,-120-22,-82,-120-21,-82,-120-20,-82,-120-19,-82,-120-18,-82,-120-17,-82,-120-16,-82,-120-15,-82,-80-14,-82,-120-13,-82,-120-12,-82,-120-11,-82,-120-10,-82,-80-9,-82,-40-8,-82,0-7,-82,0-6,-82,40-5,-82,0-4,-82,40-3,-82,40-2,-82,40-1,-82,400,-82,401,-82,402,-82,403,-82,404,-82,405,-82,806,-82,1607,-82,1208,-82,1209,-82,12010,-82,8011,-82,12012,-82,12013,-82,12014,-82,12015,-82,16016,-82,16017,-82,16018,-82,16019,-82,16020,-82,16021,-82,16022,-82,16023,-82,20024,-82,16025,-82,16026,-82,16027,-82,20028,-82,20029,-82,20030,-82,20031,-82,16032,-82,16033,-82,16034,-82,20035,-82,16036,-82,16037,-82,16038,-82,8039,-82,12040,-82,16041,-82,16042,-82,16043,-82,16044,-82,24045,-82,20046,-82,16047,-82,20048,-82,20049,-82,16050,-82,8051,-82,8052,-82,12053,-82,20054,-82,36055,-82,44056,-82,52057,-82,68058,-82,80059,-82,92060,-82,96061,-82,104062,-82,100063,-82,92064,-82,92065,-82,92066,-82,92067,-82,96068,-82,92069,-82,100070,-82,92071,-82,96072,-82,96073,-82,100074,-82,104075,-82,100076,-82,96077,-82,104078,-82,92079,-82,92080,-82,108081,-82,128082,-82,128083,-82,128084,-82,132085,-82,132086,-82,128087,-82,108088,-82,100089,-82,92090,-82,100091,-82,104092,-82,100093,-82,100094,-82,100095,-82,96096,-82,104097,-82,100098,-82,100099,-82,1000100,-82,1040101,-82,1080102,-82,1040103,-82,1040104,-82,1000105,-82,1040106,-82,1040107,-82,1040108,-82,1080109,-82,1040110,-82,1080111,-82,1040112,-82,840113,-82,760114,-82,840115,-82,1000116,-82,960117,-82,920118,-82,840119,-82,760120,-82,840121,-82,1160122,-82,1080123,-82,1160124,-82,1160125,-82,1160126,-82,1080127,-82,1080128,-82,1120129,-82,1160130,-82,1160131,-82,1240132,-82,1240133,-82,1280134,-82,1360135,-82,1320136,-82,1320137,-82,1280138,-82,1240139,-82,1120140,-82,1160141,-82,1080142,-82,1160143,-82,1200144,-82,1280145,-82,1320146,-82,1200147,-82,1200148,-82,1360149,-82,1360150,-82,1240151,-82,1240152,-82,1400153,-82,1440154,-82,1280155,-82,1120156,-82,1040157,-82,1000158,-82,1000159,-82,960160,-82,880161,-82,880162,-82,800163,-82,800164,-82,840165,-82,800166,-82,840167,-82,960168,-82,1080169,-82,1160170,-82,1040171,-82,920172,-82,800173,-82,640174,-82,600175,-82,560176,-82,400177,-82,400178,-82,320179,-82,200-180,-83,-960-179,-83,-960-178,-83,-760-177,-83,-160-176,-83,-240-175,-83,-360-174,-83,-640-173,-83,-840-172,-83,-720-171,-83,-560-170,-83,-440-169,-83,-360-168,-83,-320-167,-83,-320-166,-83,-280-165,-83,-280-164,-83,-280-163,-83,-280-162,-83,-280-161,-83,-240-160,-83,-240-159,-83,-240-158,-83,-160-157,-83,-160-156,-83,-160-155,-83,-200-154,-83,-160-153,-83,-200-152,-83,-200-151,-83,-200-150,-83,-240-149,-83,-240-148,-83,-240-147,-83,-240-146,-83,-240-145,-83,-240-144,-83,-240-143,-83,-240-142,-83,-200-141,-83,-160-140,-83,-240-139,-83,-240-138,-83,-240-137,-83,-200-136,-83,-160-135,-83,-160-134,-83,-160-133,-83,-160-132,-83,-160-131,-83,-120-130,-83,-120-129,-83,-80-128,-83,-40-127,-83,0-126,-83,-40-125,-83,-40-124,-83,40-123,-83,40-122,-83,80-121,-83,80-120,-83,80-119,-83,80-118,-83,80-117,-83,80-116,-83,80-115,-83,80-114,-83,80-113,-83,80-112,-83,80-111,-83,80-110,-83,40-109,-83,40-108,-83,40-107,-83,40-106,-83,80-105,-83,40-104,-83,0-103,-83,80-102,-83,80-101,-83,40-100,-83,40-99,-83,120-98,-83,280-97,-83,280-96,-83,280-95,-83,320-94,-83,360-93,-83,360-92,-83,400-91,-83,400-90,-83,400-89,-83,320-88,-83,120-87,-83,0-86,-83,0-85,-83,0-84,-83,0-83,-83,0-82,-83,0-81,-83,0-80,-83,0-79,-83,0-78,-83,0-77,-83,0-76,-83,0-75,-83,0-74,-83,-40-73,-83,-40-72,-83,-40-71,-83,-120-70,-83,-160-69,-83,-240-68,-83,-240-67,-83,-240-66,-83,-200-65,-83,-200-64,-83,-200-63,-83,-160-62,-83,-160-61,-83,-200-60,-83,-240-59,-83,-240-58,-83,-240-57,-83,-200-56,-83,-200-55,-83,-200-54,-83,-200-53,-83,-200-52,-83,-200-51,-83,-200-50,-83,-200-49,-83,-200-48,-83,-200-47,-83,-200-46,-83,-200-45,-83,-160-44,-83,-200-43,-83,-200-42,-83,-160-41,-83,-200-40,-83,-160-39,-83,-160-38,-83,-160-37,-83,-160-36,-83,-160-35,-83,-120-34,-83,-120-33,-83,-120-32,-83,-120-31,-83,-160-30,-83,-160-29,-83,-160-28,-83,-160-27,-83,-160-26,-83,-160-25,-83,-160-24,-83,-160-23,-83,-160-22,-83,-160-21,-83,-160-20,-83,-160-19,-83,-160-18,-83,-160-17,-83,-160-16,-83,-160-15,-83,-160-14,-83,-160-13,-83,-160-12,-83,-160-11,-83,-160-10,-83,-120-9,-83,-160-8,-83,-160-7,-83,-160-6,-83,-120-5,-83,-120-4,-83,-160-3,-83,-120-2,-83,-120-1,-83,-1200,-83,-1201,-83,-402,-83,-803,-83,-404,-83,-1205,-83,06,-83,-407,-83,08,-83,09,-83,-4010,-83,011,-83,012,-83,013,-83,014,-83,015,-83,016,-83,017,-83,018,-83,019,-83,020,-83,4021,-83,022,-83,4023,-83,4024,-83,025,-83,4026,-83,4027,-83,4028,-83,4029,-83,4030,-83,4031,-83,032,-83,033,-83,034,-83,035,-83,-4036,-83,-4037,-83,-4038,-83,039,-83,040,-83,041,-83,-4042,-83,043,-83,4044,-83,4045,-83,4046,-83,8047,-83,8048,-83,8049,-83,8050,-83,4051,-83,4052,-83,4053,-83,4054,-83,8055,-83,12056,-83,20057,-83,20058,-83,28059,-83,40060,-83,56061,-83,68062,-83,80063,-83,84064,-83,84065,-83,84066,-83,92067,-83,92068,-83,92069,-83,88070,-83,92071,-83,92072,-83,100073,-83,104074,-83,100075,-83,104076,-83,100077,-83,100078,-83,100079,-83,100080,-83,100081,-83,100082,-83,104083,-83,104084,-83,104085,-83,104086,-83,96087,-83,100088,-83,88089,-83,84090,-83,88091,-83,96092,-83,88093,-83,88094,-83,92095,-83,96096,-83,108097,-83,108098,-83,100099,-83,1040100,-83,1160101,-83,1240102,-83,1200103,-83,1280104,-83,1160105,-83,1200106,-83,1240107,-83,1160108,-83,1160109,-83,1280110,-83,1440111,-83,1360112,-83,1360113,-83,1160114,-83,1200115,-83,1320116,-83,1400117,-83,1360118,-83,1360119,-83,1560120,-83,1600121,-83,1600122,-83,1560123,-83,1600124,-83,1760125,-83,1720126,-83,1720127,-83,1720128,-83,1640129,-83,1640130,-83,1720131,-83,1680132,-83,1680133,-83,1640134,-83,1720135,-83,1920136,-83,1960137,-83,1880138,-83,1800139,-83,1720140,-83,1720141,-83,1600142,-83,1640143,-83,1800144,-83,1880145,-83,1840146,-83,1800147,-83,1800148,-83,1720149,-83,1760150,-83,1840151,-83,1720152,-83,1640153,-83,1440154,-83,1240155,-83,1120156,-83,1000157,-83,1000158,-83,920159,-83,840160,-83,760161,-83,720162,-83,600163,-83,600164,-83,600165,-83,600166,-83,600167,-83,640168,-83,680169,-83,760170,-83,800171,-83,760172,-83,720173,-83,640174,-83,600175,-83,600176,-83,520177,-83,440178,-83,280179,-83,160-180,-84,-960-179,-84,-280-178,-84,-160-177,-84,-160-176,-84,-160-175,-84,-200-174,-84,-280-173,-84,-280-172,-84,-280-171,-84,-280-170,-84,-200-169,-84,-200-168,-84,-200-167,-84,-200-166,-84,-200-165,-84,-200-164,-84,-160-163,-84,-160-162,-84,-120-161,-84,-80-160,-84,-80-159,-84,-80-158,-84,-80-157,-84,-40-156,-84,-40-155,-84,-40-154,-84,-40-153,-84,-80-152,-84,-80-151,-84,-80-150,-84,-80-149,-84,-80-148,-84,-80-147,-84,-80-146,-84,-80-145,-84,-80-144,-84,-80-143,-84,-80-142,-84,-40-141,-84,-40-140,-84,-40-139,-84,-40-138,-84,-40-137,-84,-40-136,-84,-40-135,-84,0-134,-84,0-133,-84,0-132,-84,0-131,-84,40-130,-84,40-129,-84,40-128,-84,40-127,-84,40-126,-84,40-125,-84,80-124,-84,40-123,-84,40-122,-84,0-121,-84,0-120,-84,0-119,-84,0-118,-84,0-117,-84,0-116,-84,0-115,-84,0-114,-84,0-113,-84,0-112,-84,0-111,-84,0-110,-84,0-109,-84,0-108,-84,0-107,-84,40-106,-84,0-105,-84,40-104,-84,40-103,-84,40-102,-84,40-101,-84,40-100,-84,80-99,-84,120-98,-84,200-97,-84,280-96,-84,280-95,-84,360-94,-84,400-93,-84,400-92,-84,440-91,-84,400-90,-84,400-89,-84,360-88,-84,240-87,-84,80-86,-84,40-85,-84,40-84,-84,40-83,-84,40-82,-84,40-81,-84,40-80,-84,40-79,-84,40-78,-84,40-77,-84,40-76,-84,40-75,-84,40-74,-84,40-73,-84,40-72,-84,0-71,-84,0-70,-84,-40-69,-84,-80-68,-84,-120-67,-84,-120-66,-84,-120-65,-84,-120-64,-84,-80-63,-84,-80-62,-84,-80-61,-84,-120-60,-84,-120-59,-84,-120-58,-84,-160-57,-84,-160-56,-84,-160-55,-84,-160-54,-84,-160-53,-84,-160-52,-84,-160-51,-84,-160-50,-84,-160-49,-84,-200-48,-84,-200-47,-84,-200-46,-84,-200-45,-84,-240-44,-84,-240-43,-84,-240-42,-84,-240-41,-84,-240-40,-84,-280-39,-84,-280-38,-84,-240-37,-84,-240-36,-84,-280-35,-84,-280-34,-84,-280-33,-84,-280-32,-84,-280-31,-84,-240-30,-84,-240-29,-84,-280-28,-84,-280-27,-84,-280-26,-84,-280-25,-84,-280-24,-84,-280-23,-84,-280-22,-84,-240-21,-84,-240-20,-84,-240-19,-84,-240-18,-84,-280-17,-84,-280-16,-84,-280-15,-84,-280-14,-84,-280-13,-84,-280-12,-84,-280-11,-84,-280-10,-84,-240-9,-84,-240-8,-84,-240-7,-84,-240-6,-84,-240-5,-84,-280-4,-84,-280-3,-84,-240-2,-84,-280-1,-84,-2400,-84,-2401,-84,-2002,-84,-2403,-84,-2404,-84,-2005,-84,-2006,-84,-2007,-84,-1608,-84,-1609,-84,-16010,-84,-16011,-84,-16012,-84,-12013,-84,-12014,-84,-8015,-84,-12016,-84,-12017,-84,-12018,-84,-12019,-84,-12020,-84,-8021,-84,-12022,-84,-12023,-84,-12024,-84,-12025,-84,-12026,-84,-12027,-84,-12028,-84,-12029,-84,-12030,-84,-12031,-84,-12032,-84,-12033,-84,-12034,-84,-12035,-84,-12036,-84,-12037,-84,-12038,-84,-12039,-84,-12040,-84,-12041,-84,-12042,-84,-16043,-84,-12044,-84,-8045,-84,-8046,-84,-4047,-84,048,-84,049,-84,050,-84,051,-84,052,-84,053,-84,-4054,-84,-4055,-84,056,-84,057,-84,4058,-84,4059,-84,8060,-84,12061,-84,24062,-84,36063,-84,52064,-84,56065,-84,64066,-84,64067,-84,60068,-84,60069,-84,64070,-84,68071,-84,68072,-84,72073,-84,76074,-84,88075,-84,88076,-84,88077,-84,88078,-84,88079,-84,76080,-84,72081,-84,72082,-84,72083,-84,72084,-84,72085,-84,72086,-84,68087,-84,68088,-84,64089,-84,60090,-84,56091,-84,60092,-84,56093,-84,56094,-84,60095,-84,64096,-84,76097,-84,76098,-84,84099,-84,800100,-84,840101,-84,880102,-84,920103,-84,840104,-84,880105,-84,880106,-84,920107,-84,920108,-84,920109,-84,1000110,-84,1080111,-84,1040112,-84,1040113,-84,1080114,-84,960115,-84,960116,-84,1360117,-84,1440118,-84,1440119,-84,1480120,-84,1560121,-84,1520122,-84,1240123,-84,1200124,-84,1280125,-84,1520126,-84,1560127,-84,1640128,-84,1600129,-84,1480130,-84,1560131,-84,1720132,-84,1720133,-84,1720134,-84,1640135,-84,1640136,-84,1720137,-84,1720138,-84,1640139,-84,1480140,-84,1560141,-84,1560142,-84,1480143,-84,1440144,-84,1480145,-84,1560146,-84,1560147,-84,1480148,-84,1400149,-84,1360150,-84,1360151,-84,1360152,-84,1120153,-84,960154,-84,920155,-84,880156,-84,800157,-84,760158,-84,760159,-84,720160,-84,600161,-84,560162,-84,480163,-84,400164,-84,400165,-84,400166,-84,400167,-84,400168,-84,440169,-84,440170,-84,440171,-84,480172,-84,360173,-84,320174,-84,320175,-84,280176,-84,280177,-84,200178,-84,160179,-84,80-180,-85,-480-179,-85,-160-178,-85,-160-177,-85,-160-176,-85,-160-175,-85,-160-174,-85,-160-173,-85,-160-172,-85,-160-171,-85,-160-170,-85,-160-169,-85,-120-168,-85,-120-167,-85,-40-166,-85,-40-165,-85,-40-164,-85,-40-163,-85,-40-162,-85,-40-161,-85,-40-160,-85,-40-159,-85,-40-158,-85,-40-157,-85,0-156,-85,-40-155,-85,-40-154,-85,-40-153,-85,0-152,-85,0-151,-85,-40-150,-85,-40-149,-85,-40-148,-85,-40-147,-85,-40-146,-85,-40-145,-85,-40-144,-85,-40-143,-85,0-142,-85,0-141,-85,0-140,-85,0-139,-85,0-138,-85,-40-137,-85,0-136,-85,-40-135,-85,-40-134,-85,-40-133,-85,-40-132,-85,-40-131,-85,-40-130,-85,-40-129,-85,-40-128,-85,-40-127,-85,-40-126,-85,-40-125,-85,0-124,-85,0-123,-85,0-122,-85,0-121,-85,0-120,-85,0-119,-85,0-118,-85,0-117,-85,0-116,-85,0-115,-85,0-114,-85,0-113,-85,0-112,-85,40-111,-85,40-110,-85,40-109,-85,40-108,-85,40-107,-85,40-106,-85,0-105,-85,40-104,-85,40-103,-85,40-102,-85,40-101,-85,80-100,-85,80-99,-85,80-98,-85,80-97,-85,80-96,-85,120-95,-85,200-94,-85,280-93,-85,360-92,-85,400-91,-85,440-90,-85,440-89,-85,400-88,-85,400-87,-85,400-86,-85,320-85,-85,240-84,-85,80-83,-85,40-82,-85,40-81,-85,40-80,-85,40-79,-85,40-78,-85,40-77,-85,40-76,-85,40-75,-85,40-74,-85,40-73,-85,40-72,-85,40-71,-85,40-70,-85,40-69,-85,0-68,-85,0-67,-85,-40-66,-85,-80-65,-85,-80-64,-85,-80-63,-85,-80-62,-85,-80-61,-85,-80-60,-85,-80-59,-85,-120-58,-85,-80-57,-85,-80-56,-85,-80-55,-85,-80-54,-85,-80-53,-85,-80-52,-85,-80-51,-85,-80-50,-85,-80-49,-85,-80-48,-85,-80-47,-85,-80-46,-85,-80-45,-85,-80-44,-85,-120-43,-85,-80-42,-85,-120-41,-85,-120-40,-85,-120-39,-85,-120-38,-85,-120-37,-85,-120-36,-85,-120-35,-85,-120-34,-85,-120-33,-85,-120-32,-85,-120-31,-85,-120-30,-85,-120-29,-85,-120-28,-85,-120-27,-85,-120-26,-85,-120-25,-85,-120-24,-85,-120-23,-85,-120-22,-85,-120-21,-85,-160-20,-85,-160-19,-85,-160-18,-85,-160-17,-85,-160-16,-85,-160-15,-85,-160-14,-85,-120-13,-85,-120-12,-85,-120-11,-85,-120-10,-85,-120-9,-85,-120-8,-85,-120-7,-85,-120-6,-85,-120-5,-85,-160-4,-85,-160-3,-85,-160-2,-85,-160-1,-85,-1600,-85,-1601,-85,-1602,-85,-2003,-85,-2004,-85,-2005,-85,-2006,-85,-2007,-85,-2408,-85,-2409,-85,-24010,-85,-24011,-85,-24012,-85,-24013,-85,-28014,-85,-28015,-85,-28016,-85,-28017,-85,-24018,-85,-24019,-85,-20020,-85,-20021,-85,-20022,-85,-16023,-85,-16024,-85,-16025,-85,-16026,-85,-16027,-85,-20028,-85,-16029,-85,-16030,-85,-20031,-85,-16032,-85,-16033,-85,-16034,-85,-16035,-85,-16036,-85,-16037,-85,-16038,-85,-16039,-85,-16040,-85,-16041,-85,-16042,-85,-16043,-85,-16044,-85,-16045,-85,-12046,-85,-16047,-85,-16048,-85,-16049,-85,-16050,-85,-16051,-85,-16052,-85,-12053,-85,-8054,-85,-8055,-85,-8056,-85,-8057,-85,-8058,-85,-4059,-85,-4060,-85,-4061,-85,4062,-85,12063,-85,20064,-85,28065,-85,32066,-85,36067,-85,40068,-85,32069,-85,32070,-85,32071,-85,44072,-85,48073,-85,48074,-85,48075,-85,48076,-85,52077,-85,60078,-85,60079,-85,56080,-85,48081,-85,48082,-85,44083,-85,44084,-85,48085,-85,44086,-85,44087,-85,40088,-85,36089,-85,36090,-85,32091,-85,28092,-85,32093,-85,32094,-85,36095,-85,40096,-85,44097,-85,52098,-85,56099,-85,560100,-85,600101,-85,640102,-85,600103,-85,640104,-85,600105,-85,640106,-85,600107,-85,640108,-85,640109,-85,640110,-85,640111,-85,600112,-85,560113,-85,680114,-85,720115,-85,720116,-85,760117,-85,800118,-85,800119,-85,800120,-85,800121,-85,840122,-85,800123,-85,720124,-85,760125,-85,680126,-85,720127,-85,720128,-85,760129,-85,840130,-85,920131,-85,1040132,-85,1040133,-85,1080134,-85,1000135,-85,1040136,-85,1040137,-85,1080138,-85,1080139,-85,1160140,-85,1280141,-85,1240142,-85,1200143,-85,1280144,-85,1240145,-85,1200146,-85,1160147,-85,1120148,-85,1120149,-85,1080150,-85,1080151,-85,880152,-85,720153,-85,600154,-85,560155,-85,600156,-85,560157,-85,520158,-85,520159,-85,400160,-85,400161,-85,320162,-85,280163,-85,240164,-85,200165,-85,280166,-85,320167,-85,280168,-85,240169,-85,200170,-85,200171,-85,200172,-85,160173,-85,160174,-85,120175,-85,80176,-85,40177,-85,80178,-85,80179,-85,40-180,-86,-160-179,-86,-160-178,-86,-80-177,-86,-40-176,-86,-40-175,-86,-40-174,-86,-40-173,-86,-80-172,-86,-80-171,-86,-40-170,-86,-40-169,-86,-40-168,-86,-40-167,-86,-40-166,-86,-40-165,-86,-40-164,-86,-40-163,-86,-40-162,-86,-40-161,-86,-40-160,-86,-40-159,-86,-40-158,-86,-40-157,-86,-40-156,-86,-40-155,-86,-40-154,-86,-40-153,-86,-40-152,-86,-40-151,-86,-40-150,-86,-40-149,-86,-40-148,-86,-40-147,-86,-40-146,-86,-40-145,-86,-40-144,-86,-40-143,-86,-40-142,-86,-40-141,-86,-40-140,-86,-40-139,-86,-40-138,-86,-40-137,-86,-40-136,-86,-40-135,-86,-40-134,-86,-40-133,-86,-40-132,-86,-40-131,-86,-40-130,-86,-40-129,-86,-40-128,-86,-40-127,-86,-40-126,-86,-40-125,-86,-40-124,-86,-40-123,-86,-40-122,-86,0-121,-86,0-120,-86,0-119,-86,0-118,-86,0-117,-86,40-116,-86,40-115,-86,40-114,-86,40-113,-86,40-112,-86,40-111,-86,40-110,-86,40-109,-86,40-108,-86,40-107,-86,40-106,-86,40-105,-86,40-104,-86,40-103,-86,40-102,-86,40-101,-86,40-100,-86,40-99,-86,80-98,-86,80-97,-86,80-96,-86,80-95,-86,120-94,-86,80-93,-86,120-92,-86,120-91,-86,200-90,-86,320-89,-86,360-88,-86,400-87,-86,440-86,-86,400-85,-86,400-84,-86,400-83,-86,400-82,-86,400-81,-86,320-80,-86,320-79,-86,240-78,-86,80-77,-86,40-76,-86,40-75,-86,40-74,-86,40-73,-86,120-72,-86,120-71,-86,120-70,-86,80-69,-86,80-68,-86,80-67,-86,40-66,-86,40-65,-86,40-64,-86,0-63,-86,0-62,-86,-40-61,-86,-40-60,-86,-40-59,-86,-40-58,-86,-40-57,-86,-80-56,-86,-40-55,-86,-40-54,-86,-80-53,-86,-40-52,-86,-40-51,-86,-80-50,-86,-80-49,-86,-80-48,-86,-80-47,-86,-80-46,-86,-80-45,-86,-80-44,-86,-80-43,-86,-80-42,-86,-80-41,-86,-80-40,-86,-80-39,-86,-80-38,-86,-80-37,-86,-80-36,-86,-80-35,-86,-80-34,-86,-80-33,-86,-80-32,-86,-80-31,-86,-80-30,-86,-120-29,-86,-120-28,-86,-80-27,-86,-80-26,-86,-80-25,-86,-80-24,-86,-80-23,-86,-80-22,-86,-80-21,-86,-80-20,-86,-80-19,-86,-80-18,-86,-80-17,-86,-80-16,-86,-80-15,-86,-80-14,-86,-80-13,-86,-80-12,-86,-80-11,-86,-80-10,-86,-80-9,-86,-80-8,-86,-80-7,-86,-80-6,-86,-80-5,-86,-80-4,-86,-80-3,-86,-80-2,-86,-80-1,-86,-800,-86,-801,-86,-802,-86,-803,-86,-804,-86,-805,-86,-806,-86,-807,-86,-808,-86,-809,-86,-8010,-86,-8011,-86,-8012,-86,-12013,-86,-12014,-86,-8015,-86,-12016,-86,-8017,-86,-8018,-86,-8019,-86,-12020,-86,-12021,-86,-12022,-86,-12023,-86,-16024,-86,-16025,-86,-16026,-86,-16027,-86,-16028,-86,-16029,-86,-16030,-86,-16031,-86,-16032,-86,-16033,-86,-16034,-86,-16035,-86,-28036,-86,-24037,-86,-16038,-86,-16039,-86,-16040,-86,-20041,-86,-24042,-86,-24043,-86,-28044,-86,-28045,-86,-28046,-86,-28047,-86,-28048,-86,-28049,-86,-28050,-86,-28051,-86,-24052,-86,-28053,-86,-24054,-86,-24055,-86,-24056,-86,-24057,-86,-24058,-86,-20059,-86,-20060,-86,-16061,-86,-12062,-86,-12063,-86,-4064,-86,4065,-86,12066,-86,16067,-86,16068,-86,16069,-86,12070,-86,16071,-86,20072,-86,24073,-86,24074,-86,24075,-86,28076,-86,20077,-86,20078,-86,28079,-86,20080,-86,20081,-86,16082,-86,12083,-86,12084,-86,12085,-86,16086,-86,20087,-86,16088,-86,24089,-86,16090,-86,16091,-86,20092,-86,16093,-86,16094,-86,20095,-86,16096,-86,24097,-86,28098,-86,28099,-86,320100,-86,320101,-86,320102,-86,320103,-86,280104,-86,320105,-86,360106,-86,320107,-86,320108,-86,320109,-86,400110,-86,400111,-86,600112,-86,640113,-86,720114,-86,760115,-86,680116,-86,600117,-86,560118,-86,600119,-86,680120,-86,640121,-86,640122,-86,600123,-86,600124,-86,600125,-86,600126,-86,600127,-86,600128,-86,640129,-86,680130,-86,760131,-86,800132,-86,840133,-86,880134,-86,800135,-86,880136,-86,880137,-86,920138,-86,880139,-86,880140,-86,880141,-86,920142,-86,920143,-86,880144,-86,880145,-86,880146,-86,800147,-86,720148,-86,720149,-86,720150,-86,600151,-86,480152,-86,440153,-86,400154,-86,360155,-86,360156,-86,360157,-86,280158,-86,240159,-86,200160,-86,160161,-86,160162,-86,160163,-86,160164,-86,200165,-86,200166,-86,200167,-86,200168,-86,160169,-86,160170,-86,80171,-86,80172,-86,80173,-86,80174,-86,40175,-86,40176,-86,40177,-86,80178,-86,80179,-86,40-180,-87,-120-179,-87,-40-178,-87,-40-177,-87,-40-176,-87,-40-175,-87,-40-174,-87,-40-173,-87,-40-172,-87,-40-171,-87,-40-170,-87,-40-169,-87,-40-168,-87,-40-167,-87,-40-166,-87,-40-165,-87,-40-164,-87,-40-163,-87,-40-162,-87,-40-161,-87,-40-160,-87,-40-159,-87,-40-158,-87,-40-157,-87,-40-156,-87,-40-155,-87,-40-154,-87,-40-153,-87,-40-152,-87,-40-151,-87,-40-150,-87,-40-149,-87,-40-148,-87,-40-147,-87,-40-146,-87,-40-145,-87,-40-144,-87,-40-143,-87,-40-142,-87,-40-141,-87,-40-140,-87,-40-139,-87,-40-138,-87,-40-137,-87,-40-136,-87,-40-135,-87,-40-134,-87,-40-133,-87,-40-132,-87,-40-131,-87,-40-130,-87,-40-129,-87,-40-128,-87,-40-127,-87,-40-126,-87,-40-125,-87,-40-124,-87,-40-123,-87,-40-122,-87,-40-121,-87,-40-120,-87,-40-119,-87,0-118,-87,0-117,-87,0-116,-87,0-115,-87,0-114,-87,0-113,-87,40-112,-87,40-111,-87,40-110,-87,40-109,-87,40-108,-87,40-107,-87,40-106,-87,40-105,-87,40-104,-87,40-103,-87,40-102,-87,40-101,-87,40-100,-87,40-99,-87,40-98,-87,40-97,-87,40-96,-87,40-95,-87,80-94,-87,80-93,-87,80-92,-87,80-91,-87,120-90,-87,120-89,-87,120-88,-87,160-87,-87,200-86,-87,280-85,-87,360-84,-87,400-83,-87,400-82,-87,400-81,-87,400-80,-87,400-79,-87,440-78,-87,400-77,-87,400-76,-87,440-75,-87,320-74,-87,320-73,-87,280-72,-87,200-71,-87,160-70,-87,160-69,-87,200-68,-87,200-67,-87,200-66,-87,200-65,-87,200-64,-87,200-63,-87,160-62,-87,80-61,-87,40-60,-87,40-59,-87,40-58,-87,40-57,-87,40-56,-87,0-55,-87,0-54,-87,-40-53,-87,-40-52,-87,-40-51,-87,-40-50,-87,-40-49,-87,-40-48,-87,-40-47,-87,-40-46,-87,-40-45,-87,-40-44,-87,-40-43,-87,-40-42,-87,-40-41,-87,-40-40,-87,-40-39,-87,-40-38,-87,-80-37,-87,-80-36,-87,-80-35,-87,-80-34,-87,-80-33,-87,-80-32,-87,-80-31,-87,-80-30,-87,-80-29,-87,-80-28,-87,-80-27,-87,-40-26,-87,-80-25,-87,-80-24,-87,-80-23,-87,-80-22,-87,-80-21,-87,-80-20,-87,-80-19,-87,-80-18,-87,-80-17,-87,-80-16,-87,-80-15,-87,-80-14,-87,-80-13,-87,-80-12,-87,-80-11,-87,-80-10,-87,-80-9,-87,-80-8,-87,-80-7,-87,-80-6,-87,-80-5,-87,-80-4,-87,-80-3,-87,-80-2,-87,-80-1,-87,-800,-87,-801,-87,-802,-87,-403,-87,-804,-87,-805,-87,-806,-87,-807,-87,-808,-87,-409,-87,-4010,-87,-4011,-87,-4012,-87,-4013,-87,-4014,-87,-4015,-87,-4016,-87,-4017,-87,018,-87,019,-87,020,-87,-4021,-87,-4022,-87,023,-87,024,-87,-4025,-87,026,-87,027,-87,-4028,-87,-4029,-87,-4030,-87,-4031,-87,-4032,-87,-4033,-87,-4034,-87,-4035,-87,-4036,-87,-4037,-87,-4038,-87,-4039,-87,-4040,-87,-8041,-87,-8042,-87,-8043,-87,-8044,-87,-8045,-87,-8046,-87,-8047,-87,-8048,-87,-12049,-87,-8050,-87,-8051,-87,-8052,-87,-8053,-87,-8054,-87,-8055,-87,-8056,-87,-8057,-87,-8058,-87,-8059,-87,-4060,-87,-12061,-87,-8062,-87,-8063,-87,-4064,-87,8065,-87,12066,-87,16067,-87,16068,-87,16069,-87,20070,-87,20071,-87,20072,-87,20073,-87,24074,-87,24075,-87,16076,-87,24077,-87,20078,-87,16079,-87,20080,-87,20081,-87,16082,-87,16083,-87,20084,-87,12085,-87,12086,-87,20087,-87,20088,-87,20089,-87,16090,-87,16091,-87,16092,-87,16093,-87,12094,-87,16095,-87,12096,-87,16097,-87,16098,-87,20099,-87,200100,-87,200101,-87,200102,-87,240103,-87,280104,-87,480105,-87,480106,-87,480107,-87,480108,-87,440109,-87,480110,-87,520111,-87,560112,-87,480113,-87,480114,-87,480115,-87,480116,-87,520117,-87,520118,-87,400119,-87,480120,-87,440121,-87,360122,-87,440123,-87,400124,-87,440125,-87,400126,-87,440127,-87,440128,-87,440129,-87,400130,-87,480131,-87,520132,-87,640133,-87,680134,-87,760135,-87,720136,-87,680137,-87,600138,-87,600139,-87,560140,-87,680141,-87,640142,-87,640143,-87,680144,-87,600145,-87,600146,-87,560147,-87,560148,-87,520149,-87,400150,-87,240151,-87,200152,-87,240153,-87,240154,-87,240155,-87,200156,-87,160157,-87,120158,-87,120159,-87,80160,-87,80161,-87,80162,-87,120163,-87,120164,-87,160165,-87,160166,-87,160167,-87,160168,-87,120169,-87,80170,-87,80171,-87,80172,-87,40173,-87,40174,-87,40175,-87,40176,-87,40177,-87,80178,-87,360179,-87,40-180,-88,-40-179,-88,0-178,-88,0-177,-88,-40-176,-88,-40-175,-88,-40-174,-88,-40-173,-88,-40-172,-88,-40-171,-88,-40-170,-88,-40-169,-88,-40-168,-88,-40-167,-88,-40-166,-88,-40-165,-88,-40-164,-88,-40-163,-88,-40-162,-88,-40-161,-88,-40-160,-88,-40-159,-88,-40-158,-88,-40-157,-88,-40-156,-88,-40-155,-88,-40-154,-88,-40-153,-88,-40-152,-88,-40-151,-88,-40-150,-88,-40-149,-88,-40-148,-88,-40-147,-88,-40-146,-88,-40-145,-88,-40-144,-88,-40-143,-88,-40-142,-88,-40-141,-88,-40-140,-88,-40-139,-88,-40-138,-88,-40-137,-88,-40-136,-88,-40-135,-88,-40-134,-88,-40-133,-88,-40-132,-88,-40-131,-88,-40-130,-88,-40-129,-88,-40-128,-88,-40-127,-88,-40-126,-88,-40-125,-88,-40-124,-88,-40-123,-88,-40-122,-88,-40-121,-88,-40-120,-88,-40-119,-88,-40-118,-88,-40-117,-88,-40-116,-88,0-115,-88,0-114,-88,0-113,-88,0-112,-88,0-111,-88,0-110,-88,0-109,-88,0-108,-88,0-107,-88,40-106,-88,0-105,-88,40-104,-88,40-103,-88,0-102,-88,0-101,-88,40-100,-88,40-99,-88,40-98,-88,40-97,-88,40-96,-88,40-95,-88,40-94,-88,80-93,-88,40-92,-88,40-91,-88,80-90,-88,80-89,-88,80-88,-88,80-87,-88,80-86,-88,120-85,-88,120-84,-88,200-83,-88,240-82,-88,280-81,-88,360-80,-88,360-79,-88,360-78,-88,360-77,-88,360-76,-88,400-75,-88,440-74,-88,400-73,-88,360-72,-88,400-71,-88,480-70,-88,400-69,-88,320-68,-88,320-67,-88,280-66,-88,320-65,-88,280-64,-88,280-63,-88,280-62,-88,280-61,-88,320-60,-88,280-59,-88,280-58,-88,280-57,-88,240-56,-88,200-55,-88,200-54,-88,200-53,-88,240-52,-88,240-51,-88,240-50,-88,240-49,-88,240-48,-88,240-47,-88,240-46,-88,200-45,-88,120-44,-88,80-43,-88,40-42,-88,0-41,-88,0-40,-88,-40-39,-88,-40-38,-88,-40-37,-88,-40-36,-88,-40-35,-88,-40-34,-88,-40-33,-88,-40-32,-88,-40-31,-88,-40-30,-88,-40-29,-88,-40-28,-88,-40-27,-88,-40-26,-88,-40-25,-88,-40-24,-88,-40-23,-88,-40-22,-88,-40-21,-88,-40-20,-88,-40-19,-88,-40-18,-88,-80-17,-88,-80-16,-88,-80-15,-88,-80-14,-88,-40-13,-88,40-12,-88,40-11,-88,0-10,-88,0-9,-88,0-8,-88,0-7,-88,0-6,-88,0-5,-88,0-4,-88,0-3,-88,0-2,-88,0-1,-88,00,-88,01,-88,02,-88,03,-88,04,-88,05,-88,06,-88,07,-88,08,-88,09,-88,010,-88,011,-88,012,-88,013,-88,014,-88,015,-88,016,-88,017,-88,4018,-88,4019,-88,4020,-88,4021,-88,4022,-88,4023,-88,4024,-88,4025,-88,4026,-88,4027,-88,8028,-88,8029,-88,8030,-88,4031,-88,8032,-88,4033,-88,4034,-88,4035,-88,4036,-88,4037,-88,4038,-88,4039,-88,4040,-88,4041,-88,042,-88,043,-88,044,-88,045,-88,046,-88,047,-88,048,-88,049,-88,050,-88,051,-88,052,-88,053,-88,054,-88,-4055,-88,056,-88,-4057,-88,-4058,-88,-4059,-88,060,-88,4061,-88,4062,-88,063,-88,064,-88,4065,-88,12066,-88,20067,-88,20068,-88,24069,-88,24070,-88,28071,-88,32072,-88,36073,-88,40074,-88,36075,-88,40076,-88,40077,-88,40078,-88,44079,-88,44080,-88,44081,-88,44082,-88,40083,-88,40084,-88,40085,-88,40086,-88,36087,-88,40088,-88,40089,-88,44090,-88,44091,-88,44092,-88,40093,-88,44094,-88,44095,-88,44096,-88,44097,-88,40098,-88,40099,-88,440100,-88,440101,-88,440102,-88,440103,-88,440104,-88,440105,-88,440106,-88,440107,-88,440108,-88,440109,-88,440110,-88,400111,-88,400112,-88,440113,-88,440114,-88,360115,-88,400116,-88,320117,-88,320118,-88,320119,-88,360120,-88,400121,-88,360122,-88,320123,-88,360124,-88,400125,-88,320126,-88,320127,-88,320128,-88,320129,-88,280130,-88,320131,-88,520132,-88,520133,-88,480134,-88,520135,-88,520136,-88,520137,-88,480138,-88,480139,-88,440140,-88,440141,-88,440142,-88,440143,-88,440144,-88,480145,-88,560146,-88,480147,-88,480148,-88,200149,-88,200150,-88,200151,-88,240152,-88,240153,-88,160154,-88,160155,-88,160156,-88,160157,-88,160158,-88,120159,-88,120160,-88,120161,-88,160162,-88,160163,-88,160164,-88,120165,-88,120166,-88,120167,-88,120168,-88,80169,-88,80170,-88,40171,-88,40172,-88,40173,-88,40174,-88,40175,-88,80176,-88,160177,-88,360178,-88,360179,-88,360-180,-89,280-179,-89,280-178,-89,240-177,-89,280-176,-89,280-175,-89,240-174,-89,200-173,-89,160-172,-89,80-171,-89,80-170,-89,40-169,-89,40-168,-89,0-167,-89,0-166,-89,-40-165,-89,-40-164,-89,-40-163,-89,-40-162,-89,-40-161,-89,0-160,-89,0-159,-89,40-158,-89,40-157,-89,40-156,-89,40-155,-89,40-154,-89,40-153,-89,40-152,-89,40-151,-89,80-150,-89,160-149,-89,160-148,-89,160-147,-89,160-146,-89,160-145,-89,160-144,-89,160-143,-89,160-142,-89,160-141,-89,160-140,-89,160-139,-89,120-138,-89,40-137,-89,0-136,-89,0-135,-89,0-134,-89,0-133,-89,0-132,-89,0-131,-89,0-130,-89,0-129,-89,0-128,-89,0-127,-89,0-126,-89,0-125,-89,0-124,-89,0-123,-89,0-122,-89,0-121,-89,0-120,-89,0-119,-89,0-118,-89,0-117,-89,0-116,-89,0-115,-89,0-114,-89,0-113,-89,40-112,-89,40-111,-89,80-110,-89,160-109,-89,160-108,-89,200-107,-89,200-106,-89,160-105,-89,120-104,-89,80-103,-89,80-102,-89,80-101,-89,80-100,-89,80-99,-89,80-98,-89,80-97,-89,120-96,-89,120-95,-89,120-94,-89,120-93,-89,160-92,-89,160-91,-89,160-90,-89,160-89,-89,160-88,-89,160-87,-89,120-86,-89,160-85,-89,160-84,-89,200-83,-89,200-82,-89,280-81,-89,320-80,-89,360-79,-89,360-78,-89,360-77,-89,400-76,-89,400-75,-89,400-74,-89,400-73,-89,400-72,-89,440-71,-89,440-70,-89,400-69,-89,320-68,-89,320-67,-89,360-66,-89,480-65,-89,440-64,-89,440-63,-89,400-62,-89,400-61,-89,400-60,-89,400-59,-89,400-58,-89,400-57,-89,400-56,-89,400-55,-89,400-54,-89,360-53,-89,360-52,-89,320-51,-89,320-50,-89,320-49,-89,360-48,-89,400-47,-89,400-46,-89,400-45,-89,480-44,-89,480-43,-89,480-42,-89,480-41,-89,440-40,-89,400-39,-89,400-38,-89,400-37,-89,440-36,-89,440-35,-89,440-34,-89,400-33,-89,400-32,-89,360-31,-89,320-30,-89,280-29,-89,240-28,-89,280-27,-89,280-26,-89,320-25,-89,320-24,-89,320-23,-89,320-22,-89,280-21,-89,280-20,-89,280-19,-89,280-18,-89,320-17,-89,320-16,-89,280-15,-89,280-14,-89,280-13,-89,280-12,-89,280-11,-89,280-10,-89,320-9,-89,320-8,-89,320-7,-89,320-6,-89,360-5,-89,440-4,-89,480-3,-89,480-2,-89,480-1,-89,4400,-89,4001,-89,4002,-89,3603,-89,3604,-89,3605,-89,3606,-89,4007,-89,4008,-89,4009,-89,36010,-89,40011,-89,40012,-89,40013,-89,40014,-89,48015,-89,56016,-89,56017,-89,56018,-89,56019,-89,56020,-89,60021,-89,64022,-89,64023,-89,64024,-89,60025,-89,60026,-89,56027,-89,52028,-89,52029,-89,52030,-89,56031,-89,56032,-89,52033,-89,52034,-89,56035,-89,52036,-89,52037,-89,48038,-89,44039,-89,36040,-89,40041,-89,36042,-89,32043,-89,32044,-89,28045,-89,24046,-89,24047,-89,20048,-89,24049,-89,24050,-89,20051,-89,16052,-89,16053,-89,16054,-89,12055,-89,12056,-89,16057,-89,20058,-89,24059,-89,24060,-89,24061,-89,24062,-89,28063,-89,32064,-89,36065,-89,36066,-89,36067,-89,36068,-89,36069,-89,36070,-89,40071,-89,40072,-89,40073,-89,44074,-89,44075,-89,44076,-89,60077,-89,60078,-89,60079,-89,56080,-89,56081,-89,48082,-89,48083,-89,48084,-89,48085,-89,44086,-89,48087,-89,48088,-89,52089,-89,52090,-89,52091,-89,52092,-89,48093,-89,48094,-89,52095,-89,52096,-89,48097,-89,48098,-89,48099,-89,480100,-89,480101,-89,480102,-89,480103,-89,480104,-89,480105,-89,440106,-89,400107,-89,360108,-89,320109,-89,360110,-89,360111,-89,360112,-89,360113,-89,360114,-89,360115,-89,360116,-89,320117,-89,320118,-89,320119,-89,360120,-89,360121,-89,320122,-89,320123,-89,360124,-89,480125,-89,320126,-89,280127,-89,320128,-89,320129,-89,360130,-89,440131,-89,480132,-89,520133,-89,480134,-89,440135,-89,440136,-89,480137,-89,440138,-89,440139,-89,440140,-89,440141,-89,440142,-89,440143,-89,480144,-89,440145,-89,480146,-89,480147,-89,480148,-89,440149,-89,400150,-89,360151,-89,320152,-89,280153,-89,240154,-89,200155,-89,120156,-89,120157,-89,120158,-89,120159,-89,120160,-89,120161,-89,120162,-89,120163,-89,120164,-89,80165,-89,80166,-89,80167,-89,80168,-89,40169,-89,40170,-89,40171,-89,80172,-89,80173,-89,160174,-89,280175,-89,400176,-89,360177,-89,360178,-89,360179,-89,360